129,129,129,129,129,129,129,129,129,129,AJ,AJ,AJ,AJ,AJ,AJ,AJ,AJ,AJ,AJ,AJ,AJ,AJ,AJ,B6,B6,B6,B6,B6,B6,B6,B6,B6,B6,B6,B6,B6,B6,B6,B6,B6,B6,Cast,Cast,Cast,Cast,Cast,Cast,Cast,Cast,Cast,Cast,Cast,Cast,Cast,Cast,NOD,NOD,NOD,NOD,NOD,NOD,NOD,NOD,NOD,NOD,NZO,NZO,NZO,NZO,PWK,PWK,PWK,PWK,PWK,WSB,WSB,WSB,WSB,WSB,WSB,WSB,WSB,WSB,WSB,WSB,WSB,WSB,WSB,WSB,WSB
0.893226162192029,0.573139942487519,0.472900402822328,0.338082144668602,0.847386951226607,0.298283589313243,0.495542025313867,0.225848638177807,0.432800919758586,0.485472956584702,0.141471157107845,0.153656441957788,0.375928432996726,0.31212211547763,0.251934146673256,0.292431855473399,1.0151908036802,0.491296255207138,0.973296288498059,0.176638634531214,0.576442751391986,0.153155158922555,0.114064111095974,1.6257684180248,0.344962956848327,0.349889656664,0.773708738408268,0.503485914182073,0.593867091403693,1.351478250856,1.13741860843854,0.198953675590697,0.416816892556886,0.116405382664646,0.291223391742291,0.238177742473955,0.313034931178968,0.0372080535762613,0.0776982269655888,0.281627111386937,0.0702343028003905,0.0952287166083587,0.298319613901324,0.480026032349049,1.15626472573236,0.959736221955778,0.851609361814932,0.871069966372031,0.737490742634214,1.2265516898525,1.24230591304312,0.606712451738586,0.305627457732859,0.832540982970183,0.389225736246528,0.285446821458046,3.86591850822163,2.00031474746119,1.1923532851633,1.91940886752177,2.68321106555815,3.85962357964702,2.05120077495546,3.92279420808911,1.59730027809308,1.66786769926133,5.61453839828918,2.00194035164205,4.12556518682358,14.9163741299156,0.316303420413106,0.569173155784386,0.240389604994318,0.246643986662324,1.83786190707066,0.753510212357773,0.860546973489685,0.714724074971923,0.769576358129177,0.563485649084759,0.544909933850774,0.605413334093864,0.741547448806974,0.474561510289519,0.878793739472867,0.472778610723477,0.411681067183828,1.13215403788844,0.909939365199609,1.02828067591122,0.839545997990456
6.68133169319638,8.02395919482527,10.1491701836484,10.0410396966575,9.44231174223934,8.25251263766639,7.30924487337953,7.04647751114759,6.31168007981271,6.11695925296725,4.77465155238975,4.48676810516741,4.40861525968888,4.68183173216445,4.75875610382817,3.21675041020738,3.84322232821791,4.14872393286028,4.13650922611675,3.70941132515549,6.27305347103044,3.79824794127936,4.1823507401857,6.37125461117829,7.98342842991843,5.63711113514222,6.41072954681136,6.00586769060044,6.53253800544062,6.75739125428,6.82451165063124,6.49915340262945,7.58606744453533,6.79031398877101,5.61645112645847,5.47808807690095,5.84331871534074,6.99511407233712,7.03168954038579,7.16584538973429,5.61874422403124,7.39609698991586,4.73582387068352,5.06209270477179,5.16189609701944,5.3105404281553,7.25571176266322,6.75079223938324,2.87233236604904,5.34912820296787,7.14325899999794,5.24372904716921,4.27878440826003,4.1188869683788,3.30841875809549,8.44922591515816,4.87105732035925,7.6090404119112,4.98138705801556,5.30660098667783,6.28713181047448,5.19052826228393,6.44663100700286,5.06397070498776,4.23068722305734,6.1377531332817,6.22151552242855,6.48776965809925,7.50426081396358,10.3991125637582,5.8340408653973,5.56976588160435,5.72928558569792,4.43959175992182,5.51358572121198,5.35388835096313,4.15307452423283,3.60935657860821,4.80069061499629,4.91037494202433,5.6586800822965,6.35684000798557,5.473326407861,3.99987558672595,4.30608932341705,5.27936115307883,5.76353494057359,5.09469317049796,5.86405368684192,5.44131857669685,6.46085398453525
11.2089164641153,14.1397717668403,12.3994485620014,11.2287222708783,11.5942710807591,12.3403235160992,12.6524267613263,12.4325158344119,12.0343902413206,11.0205597631105,12.8293118823249,13.6434627943159,9.82095943547902,11.8433002706234,12.2910272356993,11.4516314603383,12.559723082245,13.1203394376706,11.3931282685044,11.6146967749654,11.9079509078728,12.9823502012293,13.2398015886133,13.5083779663072,11.2985224452308,10.9321079393241,9.77857315528278,10.6882866924937,9.83740836910218,9.70962041114988,9.49624809771608,10.6808280740866,9.70308044183175,9.28914953663874,10.8418308411487,11.9088871236977,9.49261037970711,12.9383564700733,11.4297976777729,11.001919565837,11.8467710248559,11.5283884326079,9.03759270314062,8.37689065179304,7.31915571388581,8.94410176447988,9.06725519711595,9.85441452956679,10.79608816612,14.2293624375,10.7652018894752,11.9721701369501,10.7599966838075,9.94623566970536,8.90905274790282,12.2747842163389,8.24265371532961,10.8609246415584,12.4330651554928,10.1408768500734,11.2494939223067,12.0220619982592,13.0888586593318,10.4531767115916,14.4231898084026,8.74129461182864,9.76133023826884,9.12032122050855,9.54534862492742,14.1856129619736,12.9273207922837,12.7750914815806,10.6901257340973,11.2091470471804,12.39944166637,12.3738274398815,13.1214705914275,12.8171468364715,12.5008517754774,10.7827003849862,12.2495753129654,9.72024741961815,11.5314159467812,10.8861020735342,13.1230269115483,9.75499866792774,11.0696464731651,13.3909562238533,12.400956982062,10.2643833970021,12.7472284094881
28.9373120408378,27.6777465940687,34.218709378683,28.8390831045211,26.1273608118912,31.3479481057701,23.8052194685465,32.7751543723634,31.1486821950254,27.5916936631727,34.0588273958208,30.8191798763575,37.3430217682903,27.4667461620314,29.787013941668,29.7472649582121,31.7674956560186,26.0703628402028,23.7880565025272,21.5159987949781,24.7059972406891,34.3024672542025,32.117411974997,27.0352106011433,34.3918211893301,29.0785518327746,27.2080204352256,27.3975456530133,33.1314208386325,24.6059140205849,29.7069794869232,38.0996288756185,30.5418409852133,24.5615357422403,27.6633099816002,32.0819464668855,27.5067272192861,33.3890189571938,34.4941278613732,27.889845759661,34.0689044308994,27.0741589898671,29.2979692812491,22.8073459588097,23.9276596439678,22.3880867616364,32.044697710117,24.9879485903313,29.6339306511325,31.3912055401557,28.1084135885136,31.0974800798982,28.6430233044014,27.2179556306189,28.3281734388025,25.9602466243234,15.2288839154872,17.800840159515,22.1631978972187,23.0509714348967,15.8162139319233,18.988682559522,22.715583439221,24.2999270308356,23.2281996656962,14.8063287134225,24.5078394692348,25.2385361590903,20.6708598468425,21.504988343388,27.9134254032117,22.9201964311831,26.2321149956633,29.1360541444203,20.9638781533193,21.5031985390794,22.2765679367836,25.5856924358449,26.044662748686,23.9932189380291,27.1339997368431,21.7888258940382,21.8413973100275,25.5324261710982,25.1431676800582,28.9525681385301,24.4136021308169,24.4092410568747,21.0585245200667,19.8483877467762,19.8089053125852
0.107187139463043,0.122815701961611,0.18188477031628,0.0338082144668602,0.0403517595822194,1.10265500182796,0.0309713765821167,0.0451697276355615,0.288533946505724,1.55351346107105,0.0707355785539223,0.64535705622271,0.410103745087338,0.20808141031842,0.307919512600647,0.475201765144273,0.543852216257252,0.655061673609518,1.35566268755087,0.812537718843583,0.271267177125641,0.367572381414132,0.646363296210518,0.439396869736433,0.837767180917366,0.886387130215465,0.552649098863048,1.3083441112817,0.933219715062946,1.50164250095111,1.91565239315965,1.09424521574884,1.04204223139222,1.0573488925372,0.968525794251505,1.48861089046222,1.21735806569599,0.855785232254009,1.25754580343806,1.28296795187382,1.10548792607815,1.42970046534683,0.261029662163659,0.349109841708399,0.289066181433089,1.15168346634693,0.579094366034154,0.696855973097625,0.504598929170778,0.340708802736807,1.42865179999959,0.303356225869293,0.382034322166074,0.26290767883269,0.32435478020544,0.114178728583218,36.33808760988,9.09947100805876,15.8063650829181,17.4809221722845,21.0671527632573,8.05197332995327,1.46514341068247,4.04689715212684,2.93557888946836,36.0786469233414,0.986337826726477,0.556094542122793,0.213391302766737,1.5057538553858,0.386593069393797,0.528517930371216,0.0400649341657197,1.9320445621882,0.061262063569022,0.118975296688069,0.0748301716077987,0.0357362037485962,0.073292986488493,0.0402489749346257,0.251496892546511,0.0336340741163258,0.0706235665530451,0.0338972507349657,0.0439396869736433,0.0787964351205795,0.0914846815964061,0.121302218345189,0.101104373911068,0.0634106416811916,0.073003999825257
44.2325595517493,41.7982772342684,43.90698355435,44.018295235852,43.3781415508859,41.5608467776452,45.125295680144,43.1822596195968,42.4866236229678,39.9706067588072,68.4366722509198,68.2541915176495,60.4903024003823,64.8173593141878,58.2527732474496,55.196512720604,56.1255487177484,69.5457143482105,63.9247098052833,62.1414716280809,70.359924066963,59.9755602340725,60.0737651772128,69.9519816620402,47.9991314243244,45.0968890811377,50.40159781631,48.8381336756611,47.7214627020825,51.356173532528,49.5076415357196,48.9757631412433,48.8509398076671,42.1387485246018,51.0056968965784,45.5514932481438,47.3726195850839,42.3799730233616,38.6548679153804,41.4930610776754,38.7342179944154,44.1226386952062,43.6292435330687,41.5877098935131,38.8587538183624,47.9868110977889,41.6266656055139,47.8217411538245,39.7468694977598,45.1779872429006,48.3878153130295,41.1697735108326,41.5271308194522,35.7554443212458,38.8252671905912,45.1576871546629,48.6074820433733,46.9093419208547,41.2819204063204,40.3452216859478,40.0377180566617,48.2452947455878,39.192586235756,47.0735304970693,41.3139558414885,39.7619659503901,57.0937857393595,55.9060379680781,61.8123473680981,74.8641994974626,57.0049053233398,57.242557381744,54.7287000703732,51.6719152057568,58.689056899123,44.5760778257967,42.4287073016218,50.0664214517832,48.5566035486266,44.7568601273037,47.4071642450174,40.8654000513358,47.9534016895176,44.9477544745645,47.3230428706139,44.6381804958083,44.8732363230372,41.4853586740548,40.5428539383381,48.1149666270123,53.3659238722629
1.64353613843333,2.29255976995008,2.21899419785862,2.23134215481277,2.01758797911097,2.35312609347114,1.858282594927,1.85195883305802,1.98367088222685,1.29459455089254,1.7330216745711,1.75168343831878,1.84546685289302,1.35252916706973,2.01547317338605,0.767633620617671,1.450272576686,1.25553487441824,1.1818597788905,0.989176353374796,1.08506870850256,1.43965849387202,1.44481207388233,1.40606998315659,0.492804224069039,1.24405211258311,0.442119279090439,1.00697182836415,1.06047694893517,1.20131400076089,1.01769033386606,1.59162940472558,1.12540560990359,0.85363947287407,0.873670175226873,0.654988791803375,0.730414839417592,1.41390603589793,0.97122783706986,1.25167605060861,0.877928785004882,0.571372299650152,1.41701816603129,1.26552317619295,0.784608206746955,1.21566588114399,0.953802485232724,0.914623464690633,0.426968324682966,0.851772006842017,1.11807532173881,0.910068677607879,0.764068644332148,0.26290767883269,0.843322428534144,0.68507237149931,2.68037016570033,1.56887431173427,2.09324243395335,2.03231527149364,2.91996498310739,1.92981178982351,0.805828875875358,1.14117649689865,0.69072444458079,3.1355912746113,1.36569852931358,0.815605328446763,1.88495650777284,4.37609714221497,1.37064815512346,1.01638063532926,0.641038946651516,1.56207858219472,0.673882699259242,1.15009453465134,1.12245257411698,1.21503092745227,1.31927375679287,2.69668132061992,1.84431054534108,2.82526222577137,1.55371846416699,1.83045153968815,2.37274309657674,1.06375187412782,1.32652788314789,1.496060692924,1.61766998257708,1.54242101386682,1.86160199554405
6.14539599588116,6.59110933860647,7.27539081265121,6.1192868185017,8.07035191644388,6.76109469110018,6.53496045882662,6.45927105188529,6.96088145945058,5.72858088769949,5.34053618082113,6.20772025509464,4.61366713223255,4.78587243732366,7.27809757056074,6.43350082041477,5.72857667790972,5.29508186167693,4.2060303895809,4.09801632112416,5.12016796824646,6.9838752468685,7.60427407306492,6.50307367209922,8.16724440549618,5.94812416328799,5.91334535783462,5.82605129267827,6.19318538178137,6.90755550437511,5.92654959133765,7.32812705092402,6.41898014537605,4.69501710080738,6.15729456826558,6.66897678927073,4.79986894474418,7.51602682240478,8.3914085122836,5.91416933912568,7.4448360968414,6.12638076847108,4.47479420851987,2.66196254302654,4.00563137128709,4.35080420619953,3.7470811919857,3.26651237389512,4.61902096702481,4.32700179475744,5.83883779130266,4.72368980282185,4.50800500155967,3.46161777129708,3.63277353830093,4.39588105045391,6.57206146397677,7.29526554956435,7.6840545043857,8.31743842592767,7.12892351731625,6.72106864731637,7.10594554180997,5.13529423604392,6.2596902790134,6.97168698291236,6.94230085734405,7.37752092549572,4.90799996363495,5.41130291779271,5.39016173208424,5.15833500042307,5.32022260786592,6.39588964746515,5.02410183329549,4.52106127414664,4.93879132611471,4.35981685732873,4.7273976285078,4.5481341676127,4.35927947080619,4.77603852451826,4.66115539250098,4.88120410583506,6.01973711538914,5.55514867600085,5.76353494057359,4.89252280658931,3.69030964775397,4.11312270364486,4.89126798829222
1.64353613843333,2.37443690459115,1.78247074909955,1.85843754924331,0.968442229973266,2.0879851251927,1.76536846518065,2.12297719887139,1.26233601596254,1.63992764734313,1.9098606209559,1.96680245705969,2.46062247052403,2.04613386813113,1.62357561189432,1.49871325930117,2.13008784700757,1.74683112962538,2.67656479336966,2.33198325308108,1.86496184273878,1.6847067481481,2.05315399972753,1.97728591381395,2.02049731868306,2.68248736775733,3.70274896238242,1.97798037714386,2.75724006723143,6.00657000380444,3.83130478631929,2.02269570183876,2.79267318013114,2.09529688796363,1.58092698374387,1.30997758360675,1.77386461001415,1.1534496608641,2.40864503593325,1.50075958467972,1.49037190542429,1.36494493805314,3.76628512550422,2.18411844718817,2.54997667192761,3.00717349546144,2.38450621308181,2.33446750987704,1.78550390321968,2.65752866134709,2.60884241739055,1.82013735521576,2.21579906856323,2.14707937713363,2.01099963727373,3.0828256717469,5.30919475129104,3.05930490788182,5.00788379768585,3.87645320303416,4.49832443343571,3.32726170659226,2.41748662762607,3.20955889752745,2.76289777832316,5.40389134560671,2.93701055942938,2.74339974113911,2.20113128803889,3.76438463846449,7.55613726542421,6.34302826896286,6.61071413734376,5.50838236879189,4.22708238626252,3.21233301057788,3.89116892360553,3.50214796736242,5.09386256095026,4.58838314254733,3.81436953695542,4.23789333865705,3.74304902731139,3.59310857790636,5.22882274986356,5.47635224088028,3.79661428625085,5.49903389831526,5.15632306946445,5.51586892570041,3.65019999126285
1.82218137087174,1.22815701961611,2.18261724379536,1.31852036420755,2.62286437284426,1.06056387311375,1.76536846518065,0.90339455271123,1.11806904270968,2.07135128142806,9.86761320827216,13.61396075746,12.6106901614356,12.0340415634153,8.0618926935442,9.5771432667538,11.4208965414023,8.18827092011897,10.2543716109617,17.7345189069338,9.25699241941248,6.37125461117829,7.03395351758505,10.7652233085426,10.0039257486015,11.3130988988027,13.8162274715762,13.8098993604226,8.18688204577948,6.68230912923244,7.78233784721106,8.95291540158138,9.62847021806407,20.9917706738578,23.8387147811904,7.80032106602201,10.6779693191048,6.9206979651846,8.15831383138683,7.85426721756902,7.90135906504394,7.42783989545198,21.1061126835187,16.8881885926438,8.75457578054498,7.99780184963148,11.5478229462105,9.62532312841095,5.08480459395169,5.41726996351523,6.27364486086775,7.41055923194987,5.08105648480878,2.27853321654998,33.149058536996,7.30743862932597,2.26800552482336,1.52965245394091,2.57018374801866,2.82266009929672,2.18339723962084,2.32908319461458,3.22331550350143,2.35367652485346,2.33119500046016,1.5010809293352,1.40363459957229,1.3346269010947,2.63182606745642,1.64691827932822,2.21412394289174,5.12255840205948,4.00649341657197,3.49412314438292,2.81805492417501,5.94876483440347,9.01703567873974,12.1503092745227,14.4020718449889,7.20456651329799,9.01197198291665,8.50942075143042,10.8054056826159,8.03364842418686,11.2924995522263,6.77649342036984,6.86135111973046,10.1085181954325,13.5985382910386,10.4113418436011,9.8555399764097
4.3589436714971,5.8542151268368,5.42016615542515,3.38082144668602,4.64045235195523,5.10396363935994,6.5039890822445,3.5232387555738,5.95101264668055,4.7899998383024,7.78091364093145,7.74428467467252,7.48439334784392,7.59497147662233,8.6497390357818,8.22464593518933,8.91917634661893,7.20567840970469,8.48158194262595,12.1174103288413,8.85009165372402,7.74965104148128,6.88186803612375,8.96369614262324,5.37156604235252,7.50318930401688,7.51602774453746,6.22164736810704,5.34480382263324,6.081652128852,5.92654959133765,5.93545132178914,6.12720832058623,5.587458367903,5.78286449316835,6.90715453174468,6.46938857769868,4.91146307206649,5.90506524938475,6.5712992656952,6.74249306883749,4.72969292488182,6.78677121625513,10.9969600138146,5.65743812233331,5.1825755985612,6.91506801793725,7.75252270071108,7.87950635551292,11.2774613705883,7.7644119565195,7.93059847629723,7.64068644332148,6.87941759612204,7.0060632524375,12.2171239584044,22.4738729277951,11.0605638977266,13.9107883269051,11.7422660130744,13.9947871262444,12.3774135485232,7.03268837127585,10.2705884720878,9.54063139077216,15.9448152049383,14.1122181362404,11.1589638119307,12.5545216461097,22.9627462946334,5.86918568988764,8.65956301300531,7.81266216231535,7.15267561320738,5.39106159407393,14.8719120860087,17.2109394697937,11.4355851995508,14.2554858720119,9.45850910963703,9.89221110682944,15.6734785382078,17.1968384556665,14.3046398101555,15.4667698147225,14.3409511919455,11.5728122219454,12.7367329262449,14.9128951518825,13.4533388431717,11.206113973177
123.372397521963,139.928023101596,110.913332938868,161.603265151592,145.145279217243,85.4085344066919,66.6504024047151,96.7083868677372,150.434386359422,248.109045678555,319.12356264602,262.752515747818,271.420328623636,248.726645800618,130.949770904166,198.890215703845,190.565816576541,302.092608479589,204.844108147109,254.253650544229,192.633604156345,186.757400790163,212.57748171253,226.025749792421,117.63236828528,111.109404305079,130.093597872362,187.260796796147,46.6185666751899,30.1079321440698,44.9579671019654,38.2322646593457,44.1825906110299,142.092170439311,156.470168048965,299.329877854142,182.534146536358,98.3408856020586,108.350177503514,84.3003820084898,195.98882196449,195.536298102497,351.532375030973,269.381881608244,217.914605631773,356.893909737955,305.693696517088,576.47410374501,531.963717252732,153.114535949921,112.552915721707,360.560542747502,238.962468514879,437.259287845235,676.344587684383,96.4810256528195,253.526935769174,173.360611446637,283.32963729447,156.864630584916,156.520645490892,328.800001845447,493.094014865185,548.54927735297,532.073673716139,143.770195676327,332.623464028375,477.203263080306,406.474866553506,776.968989379071,81.1142549237166,38.2972223392066,39.8245445607254,81.3925155985668,52.5628505422209,257.184933007377,243.534793497581,256.228580877434,182.975940768523,149.202950082657,170.682557741566,109.546179396873,132.242628370577,221.518533553001,195.224029223897,227.642901063354,230.12971655576,222.913043245677,183.352782087721,215.681871772378,229.853093449822
14.684638106437,14.0828671582648,15.3874515687573,13.1513954276086,16.4635179095455,11.9976288145993,12.9770067879069,12.150656733966,11.6856248334818,11.7484455493498,11.3530603579045,12.5383656637555,10.6626973722708,14.2535766068118,11.8688975766067,10.3447768873715,11.4208965414023,12.0640524889753,10.0110475388372,9.9270912606542,11.155862659292,10.0469784253196,8.85897929512063,9.27127395143875,12.9607510930157,16.0171709495075,14.7557309396434,15.9317328559042,12.1742753737757,12.0131400076089,8.97962059293584,15.3857509123473,12.046008194894,14.4730692446376,13.97872280363,11.9684315593162,11.5822924536218,11.1252080193021,10.8000535482168,13.236474235186,12.5017058984695,11.3322172763947,19.5026447587991,21.2084228837852,11.4800569197712,13.2443598629897,13.5576210400937,14.1113334552269,13.5077251808793,12.4358712998934,12.2988285391269,11.9609026199893,10.5441472917836,11.3926660827499,14.2716103290394,7.87833227224207,4.61332941981114,8.04048084763813,5.85577946713531,6.73674877032151,5.78731798453718,8.05197332995327,7.47223139448059,5.84852954660558,6.8640741680216,4.26974131010901,13.4673049418423,16.7569822026335,18.8495650777284,12.7047981548177,11.1760541879298,9.6352884229214,8.21331150397255,10.7290134198111,7.65775794612775,12.1751386944124,12.0102425430517,10.8995421433218,12.2032822503341,7.48630933784037,11.0239471232887,12.074632607761,13.4891012116316,11.9996267601778,11.2046201782791,9.73135973739157,11.6642969035418,9.50200710370651,10.1104373911068,8.3976255199416,12.4106799702937
22.1162797758746,19.5276966118962,33.2121590597528,31.0021326661108,29.4971362546024,32.9769079296308,24.3125306169616,33.1997498121377,26.4008561052737,31.4586475866887,81.4166509155645,75.8755510387558,79.6284771711248,75.9150345311702,87.9250171889664,83.9644965027995,81.2877779232505,73.9673806450747,81.5135641617125,78.4628814587651,81.8887790948027,80.3451963707723,85.395997840519,72.0610866367751,37.7488035636884,42.0256354281982,35.4800721470077,34.5966749602253,34.7412248471161,24.7771012656933,35.6790258225984,46.1904116829736,43.9325004754958,35.1932273589446,32.6170198751366,41.2642938836126,41.3901742336636,55.6260400965106,56.3312145500519,53.3839835584572,55.9767393319113,47.7730728318599,20.2111538418147,20.2483708190872,25.9746611602018,18.2989706319568,23.1637746413662,13.6322449737223,17.9714849389285,17.921283023956,11.7397908782575,22.2750142995452,12.9891669536465,26.0278602044363,19.6558996804497,21.8081371593947,120.333156765912,39.4179670823235,61.2869588573935,68.27073893499,94.5174250838276,42.5224046102491,15.8235488353707,24.2500005590963,19.3834547260484,145.271276605662,27.6174591483414,26.5071731745198,19.7031302887954,31.3385021152169,25.5854322289713,27.0763801251715,23.9588306311004,33.8724408349591,19.603860342087,18.6791215800269,15.227939922187,16.5815985393486,14.7685367774313,22.7406708380635,16.8083756518585,14.1935792770895,12.500371279889,10.6437367307792,16.9607191718263,23.4025412308121,19.4862371800345,16.6992720588544,18.1482351170366,15.1671399696904,15.1848319636535
111.438895995078,103.861145292203,132.266604973999,142.501623977816,114.881459530579,121.003709398072,117.753173765208,108.045988504263,117.757916917648,104.08540189176,115.68803872494,98.4015854297675,103.3803190741,109.381461357383,120.032624548325,103.009121090505,103.150637016792,107.539291417562,100.805687023013,95.5615012813865,88.1279241686924,110.639286805654,104.330640282451,95.1733619849115,180.957711078151,171.484808393878,169.386948801524,185.786302333185,165.222308644099,149.188182469493,159.418197593254,193.515608457885,172.103694936738,150.395754402722,189.836048074296,196.079826491683,179.751613814767,190.728482631915,179.793697198373,180.335226991435,186.507191086437,204.170368408321,149.793736130203,114.464389350141,83.4162409278342,96.4214990991571,125.322833684685,85.7568381893265,105.383545592205,86.7103902965173,116.590409939097,135.946925793139,117.437350633851,111.166130199756,90.5598546333588,128.165622834663,95.6170511033483,105.271466317369,102.012447730638,103.91152712211,108.143928338329,98.3538560468672,95.5273503764969,91.6507374071728,99.8960227974967,93.3672338046493,143.815642350772,135.538776400062,137.068346810501,139.188122007225,97.7729017321402,84.8068002118736,82.9744786572056,81.310300936346,83.2551443903009,147.648343189894,138.660307989251,156.881934456337,133.723053848256,139.422449173543,134.089759876048,124.244269785707,121.613781604344,130.334929075943,164.510188029321,149.59503207642,130.274186593282,133.553742398054,119.252609028104,111.696988420856,144.693927653659
10.5400687138659,9.94807185889051,11.4951174839889,10.7848204149284,8.91773886767049,10.9702075625204,8.64101406641055,10.6148859943569,10.3150885875796,8.18831053439531,9.79687762971824,9.80328099690688,8.37295146219981,9.39834369938196,8.87368049949136,9.2847114112804,8.41158094477882,9.98969052254514,9.14203299553534,8.93791490727941,8.23974050519133,10.7208611245788,9.80951355425374,8.30460083801859,13.305714049864,11.0409624991751,11.2187767069199,11.4363229078499,11.792503672159,9.53542988103955,12.9905177911138,12.6335584000093,11.0456476527575,11.9897544144585,13.97872280363,12.8020536579751,12.6953055422582,13.2088590195728,14.8792104639103,11.922214382047,14.1873291656789,13.0780770808813,10.590346293497,7.41858413630348,12.0168941138613,14.3320609145396,13.6257497890389,10.6270535897388,16.4576881514161,13.0491471448197,16.0878615739084,13.9543863899875,14.6701179711772,12.0061173333595,13.9472555488339,15.4141283587345,9.79366022082812,9.29558029702554,12.2679904673468,9.25832512569324,9.3386267477759,11.0465088658863,15.3107486416318,9.62867669258236,12.0445075023775,9.20662969992255,10.7359078832151,8.78629376554013,10.2783477499312,12.140140459048,5.20143402457108,5.77304200867021,6.21006479568656,7.02935361987622,5.26853746693589,9.87494962510976,12.3095632294829,14.687579740673,11.5802918651819,14.1676391769882,10.143707999376,12.5455096453895,7.9804630204941,10.5081477278394,15.5546491886697,15.6804905889953,11.7557815851382,13.6667166002247,12.4863901780169,11.1825523505345,10.1475559757107
14.2201605020971,12.1587544941995,13.641357773721,15.1798882956202,16.6249249478744,12.5941959932258,14.0300335916988,10.9310740878059,15.905433801128,18.0272291211786,12.8031397182599,12.9378724128458,10.8335739327238,12.1727625036276,13.3525097736826,14.5119308278674,13.6688190352656,13.8654720914015,13.1742604764559,12.3293766902787,16.9541985703525,15.6218262101006,13.1934155167676,19.4213416423504,14.340602920409,15.9394176924711,20.0611622887287,18.5570522655678,17.5190791964089,21.4734877636009,15.8639963808533,17.2426518845271,15.5889517816275,16.335555367272,13.97872280363,18.280141734876,18.3647159624995,15.1808858591146,13.4806423785297,15.7398263364033,13.8361576516769,15.9666814846681,11.597174990414,10.0369079491165,6.56593183540873,10.8130281007018,7.66448425633439,8.79780666035751,7.18083091512261,6.26904197035724,11.7397908782575,7.80058866521039,8.63397568095327,6.1783304525682,7.75207924691002,11.5320515869051,36.7777714082151,26.7493070150693,22.4427385007403,26.7964532093235,30.9358452264351,21.4275653904542,13.4060622077446,18.4727945435469,17.9156652813142,41.796764543489,17.8678890918527,18.1657550426779,23.4730433043411,39.808367551762,11.4220679593622,11.1395317632087,8.77422058229262,10.7290134198111,10.9046473152859,19.8688745469076,21.3640139940265,24.2291461415482,21.6214310141054,21.8551933895017,19.3233445773236,21.4921733603322,22.9526591297397,23.0501304997766,23.5077325308992,15.365304848513,19.9436605880165,19.0444482801948,19.6142485387471,20.7369936308762,22.5582359460044
8.32379596023508,7.45081925233775,8.4383620340535,8.11261914346778,9.44231174223934,8.88222243732768,8.51650913255044,7.09164723878315,8.33141770535277,8.41486458080151,0.0353677892769611,0.109710699557861,0.0341753120906115,0.06936047010614,0.0736207561945182,0.109661945802524,0.0362568144171501,0.0545884728007931,0.0347605817320735,0.0353277269062427,0.0339083971407051,0.030631031784511,0.114064111095974,0.0439396869736433,5.90724423391557,5.63594483628667,5.96861026772092,6.54315908759188,8.10204388986467,7.13280187951778,7.06396819977619,7.32547433524948,6.71075197016587,7.68275525586663,8.40387501884897,5.18036589880851,5.52819688462058,6.32536910796442,6.02044711642865,7.13455348846907,6.00503288943339,7.5119585951227,1.90178753862094,2.83651746388074,0.0825903375523111,0.0639824147970519,2.74797308870442,0.0435534983186016,0.077630604487812,0.0681417605473613,2.5467271217384,1.56011773304208,1.94837504304698,0.0876358929442298,0.064870956041088,4.39588105045391,5.72155939216801,9.13869286585212,8.8234143102084,7.89102857359391,5.89175276816723,7.18688528623928,8.70807986139125,6.13382367083024,8.28869333496947,4.768767325728,0.0379360702587106,0.0370729694748529,0.0355652171277895,0.0470548079808062,0.140579297961381,0.0406552254131705,0.200324670828599,0.0411073311103873,0.061262063569022,8.64553822599971,7.25852664595647,11.0782231620648,11.2871199192279,7.28425948366855,9.38921732173642,10.6956355689916,9.60409881554861,9.42343570432045,9.2273342644651,10.3617312183562,8.32510602527296,8.12360956257734,7.88614116506328,9.59728630850468,10.3300659752739
35.300297929829,39.2191474930745,28.1921393990234,27.3170372892231,30.0217091291712,27.2763771116443,26.294698718217,27.0114971260658,29.6468630034631,37.8031318319753,44.3865755425862,36.8775460698691,51.7414225051858,48.7604104846164,33.3392854097609,38.5278969586203,45.7560997944434,53.5512918175781,53.9831834299102,63.2366311621745,61.1707484418319,35.5932589336018,36.7678057843798,42.6654360514077,40.2128246840336,49.0234285614782,53.2201082205116,56.2465692700544,28.378363153505,29.2820287685467,30.2912534668369,25.9966136105178,33.2619880260395,43.069991585919,40.2304314021136,61.7475797363727,61.3200648520579,29.9524831288903,29.9915156087173,30.6347713386457,38.663983691615,28.2194430216103,38.5951000484838,40.7585740194556,35.1421886285084,32.8229787908876,43.4320774525615,52.1335374873661,31.9449937467346,26.0642234093657,27.2064994956443,29.0788610797565,31.4414247142679,56.6127868419725,47.4206688660353,36.8226399680879,28.5047058006208,31.6912610970322,34.4192648317139,25.9684729135298,26.5164387655158,34.403886046164,40.9514909002803,44.2205892548227,47.1419433426389,26.052093462462,34.1803993030983,39.4456395212435,36.0986953847063,40.3259704395509,32.7198316005113,28.2960368875666,28.8467525993182,38.4764619193225,30.0184111488208,43.0293989688518,42.9525185028764,31.0190248537815,42.1801137241277,23.867642136233,33.8263320475058,28.8916696659238,35.276471493246,41.9308991591525,39.1063214065426,51.4934703512987,41.7170148079612,40.4340727817298,46.6091163730022,44.1732240360193,31.0997039255595
75.8170366468594,78.7248649573928,77.1918965222293,79.7197697128564,80.5421121261099,72.2509138558744,64.4204632908027,74.9817478750321,75.1270263214278,77.0607406418784,88.4548409816798,85.310056574964,89.0608633081335,102.133292231291,72.9489318033895,78.8834930139492,86.9800977867431,98.42301645983,106.436901263609,100.966643498042,114.305206761317,81.5704376421528,80.8334333966801,90.6915139135999,91.5137444096205,97.5414609522194,104.284884955457,119.829647575333,75.2938633743968,67.3486661676573,80.3975363754189,90.0596971507223,85.6558714204401,93.7063330450399,93.357898724243,115.575749535486,126.640020491403,104.405798334989,99.6479760833677,97.0361858234324,111.180901333018,93.4828568038721,56.3451170756126,76.0186680320039,61.2407352950387,54.321070162697,78.4502544103916,60.1038276796702,53.9920854212733,49.2324219954686,46.0274340782476,56.6842776338622,58.3748444269761,94.953490005073,73.4987931945527,63.7688199137274,47.0868874301394,58.715121116655,64.3340839194775,57.1682758777562,58.1362397537598,58.9590774408149,58.0929362335599,64.8330897300545,75.5911564038101,50.7698927655149,74.468505917849,86.6024566932563,80.6974776629543,58.5361811281229,65.0179253071385,51.3068944714211,64.7849985459688,62.1953919700159,56.5448846742073,62.4223723290071,58.1430433392596,68.3276215673158,64.3878886301411,72.2871589825877,72.7245180946995,67.4026845291169,76.4146990103948,72.1672468147419,79.3990143613735,82.4998675712467,75.6120893394297,74.2773917000377,74.8172366941901,70.5657613844072,75.4131318194905
63.7406189340232,68.981485935105,73.5542011159037,65.7231689235763,59.962714739178,66.5835256589228,63.9558926420709,72.1360550339917,65.6054060867389,67.0923626000059,67.0219606798414,63.3679166633918,63.3952039280843,59.6500042912804,67.490358625469,72.340330247732,62.5067480551668,65.8336981977565,65.6279783101549,65.3916225034553,61.7810995903646,66.4999700041733,70.3015138054852,69.9080419750666,68.2041046111549,64.224190312103,58.6913342992557,68.3302312104242,65.8768280678525,52.1069947830036,63.4559855234133,69.335355943358,68.0661985545395,72.8697695480683,72.2234011520882,67.7615677338401,71.5806542629241,80.1833554568431,83.7586886689048,77.4161637301425,79.4701136186419,82.2776111496219,60.6334615254442,56.2503232452658,55.0051648098392,54.8969118958705,61.3840027996203,47.6475271605501,52.439473331517,57.3072206203309,61.9289497651995,65.6982912025497,63.7615283695177,53.764620321285,55.1727481129453,70.7908117215954,40.746781076656,55.1067101996662,53.973858708392,51.4476847431816,43.3259669115124,58.4267155677601,72.2315701466457,59.1272072455613,73.2167911255637,38.4276717909811,63.4670455428229,67.2503666273831,61.8123473680981,63.1475523102419,68.0052353888179,59.153352976163,67.469349135072,63.5519338966587,61.323325632591,54.4113690186771,55.2246666465554,70.8648920334662,60.356774373274,60.9771970259579,56.419136227934,47.8612874675316,58.1585070564327,54.1339094237402,61.9110189458635,61.5794140467329,63.3531420055112,67.1609948904532,64.1507252465724,63.0250364277249,58.6952158595067
37.4083116726022,36.3943863479575,38.9597178017472,43.1730898741805,36.9218600177308,38.0477289479559,37.0417663922115,38.0780803967783,39.2766834680916,34.8569582827816,38.4447869440568,37.4921718377003,34.8246430203331,34.4027931726454,38.7418732217541,40.355596055329,37.1269779631617,36.1921574669258,34.6910605686094,33.1374078380557,34.8578322606448,44.2924719604029,40.7208876612626,38.8866229716744,38.6851315894195,35.1833488089911,30.2851706176951,33.6975929706144,37.031855056816,34.9882702721609,31.5484003498479,39.2933509291627,38.013700601188,32.3606963807716,34.6555836173326,32.5708062833133,34.9555673149848,39.0312482014981,38.6160188018977,36.8305677891583,38.5937493888146,38.4089156987047,34.567785260816,29.8925301962817,32.664478501939,24.8251769412561,32.6336707447482,28.7017553919584,30.4311969592223,28.278830627155,27.7655371565137,32.155759942145,27.3536574670909,30.1905651192872,26.8565758010104,27.5170735885556,26.700610496784,38.2805332063162,34.9491996251198,35.6784236551105,28.384164115071,33.2060718317908,40.2181866232338,37.4448538044869,36.7379063961407,27.5531743917972,36.2289470970687,34.7002994284623,29.2346084790429,27.8564463246373,44.4230581557963,38.6224641425119,43.2300639648116,39.2986085415302,41.6582032269349,30.3387006554577,28.3606350393557,28.4460181838825,31.4426912035635,30.428225050577,34.4131581301143,29.3961807776687,30.1209511348737,30.575320162939,24.4304659573457,29.6274596053379,31.1047917427781,28.9912301845003,28.7641943776987,28.2777185875584,31.6107319243363
28.011572446342,29.7213998747099,22.0808111163964,26.370407284151,20.0951762719453,29.4969327209763,29.3918363764287,24.4819923784743,26.0041219288283,26.3773639744355,35.7568349590077,35.1258626315504,31.2362352508189,36.5182875108827,34.3470219964539,32.0578421562713,31.398401285252,33.244379935683,30.2764666886361,28.2621815249942,29.6698474981169,32.8058350412113,34.1051692176962,28.4729171589209,30.1596185130252,25.3475617938809,28.8482829606511,23.5199848482197,27.1482098927403,24.8521833907409,20.7129915010387,30.6720249868992,28.9270923434479,20.8365634969716,23.9219214645453,23.6986853761585,22.9558949531243,22.4364563064856,23.5814118840562,23.3750502451158,23.1773199241289,23.616721718873,58.9927036489869,44.7733371991022,35.8029113289269,37.6216599006665,40.8091206181716,41.2887164060343,43.783660931126,38.1253150262487,36.3995632521634,48.2336399132176,39.9607900985713,42.8101337032563,40.4470410916184,37.108086789546,19.8450483422044,26.1217572903756,26.364255971944,23.1081773462425,22.7809880664054,24.1559199898598,31.6470976707413,22.6095593448045,33.1116030620916,14.4437342756031,22.9133864362612,19.5003819437726,17.5336520440002,22.3510337908829,33.9147556331831,32.7681116830154,29.5679214143012,35.2700900927123,27.6904527331979,26.0159315424579,26.4150505775529,24.8723978090229,22.7208258114328,24.0286380359715,23.8502886431608,27.5463067012708,26.3072785410093,26.7110335791529,24.7380437661612,22.8509661849681,24.106213600653,21.0661519192812,19.2098310431029,19.0231925043575,23.5072879437328
181.692205522875,175.468430935247,167.167746010909,165.429002700662,161.864223764944,172.875888432066,172.606578829794,171.55869083535,173.943410985842,155.642953529693,193.482674340651,205.502891290301,201.770359076728,193.670038642117,206.653462638013,227.406342550514,220.337374598895,170.752197036153,189.364525890182,198.880264836846,203.355100248265,195.27252131594,193.65652696393,198.182927744703,117.746206061039,101.541477260459,97.3264801516726,99.2302406621655,116.964244605855,96.1336512683892,109.645956570729,127.580039240913,114.224501236289,114.092019693157,106.098922112968,112.165044263259,114.122797043326,118.193614668209,120.680109140683,116.204978700478,121.477601295069,118.999708848137,193.641498780454,216.092446207967,185.484270736795,157.135052324228,243.657020302573,226.170268023616,169.32865081486,184.499608731627,142.255828949611,182.35912825303,181.358951384356,214.744306608935,203.10123272124,206.132567647713,96.673477767695,141.271248493002,131.946344470964,141.55941481717,116.626032024393,120.653164004449,140.448647348021,138.563789959366,154.961438925033,82.0030504489623,103.839749594251,109.886505901632,106.74615399169,106.726892173586,212.823350631979,202.05281133317,211.171851104626,198.41028863064,187.636511402379,155.003792615473,153.038925463689,159.672931969102,166.821067151662,169.591873315291,187.021472527337,174.887095182659,190.658558327096,183.109558745211,159.831050763497,156.33212727923,178.145375932234,170.826679369708,174.204858336248,161.456347228763,162.122172531943
8.18195164567898,7.08237214645292,8.11206075610609,7.40399896824239,7.10190968647062,7.42394711179627,7.58798726261858,7.67885369804545,6.13134636324663,8.54432403589076,7.53333911599272,6.91453988810046,6.11738086421946,7.56029124156926,7.05415610685117,5.48309729012622,5.98237437882977,7.20567840970469,7.26496158200337,12.364704417185,8.0362901223471,7.56586485077421,7.07197488795037,8.43641989893952,5.66724857679394,4.74294867922311,6.41072954681136,5.71816145392497,5.04787027693139,5.55607725351911,4.78913098289911,4.90752399790387,6.33561676686467,6.47989963499862,5.03400434297389,5.83535469061189,5.56506544318166,6.51140937584572,6.48780195162667,6.54000736442998,4.84616689322695,5.14235069685137,4.81040377415886,6.50217080181893,4.21210721516787,7.61390736084917,3.47456619620492,4.13758234026715,4.96835868721997,5.82612052679939,5.77672249565051,6.97719319499374,5.53949767140807,2.9358024136317,4.8653217030816,6.33691943636862,29.6644813530873,14.8258622458888,16.6399525129456,20.2478817789551,23.0440479747935,15.3719490844562,9.3769178283678,10.9838237826495,10.8357397243611,27.9868199936051,8.5356158082099,9.37946127713777,10.7051303554646,11.4343183393359,9.59453708586422,12.399843751017,11.0178568955729,9.82465213538256,10.1695025524576,8.20929547147679,9.27894127936703,9.14846815964061,11.7635243314031,8.97552141042152,8.50897819782363,13.1172889053671,11.688200264529,8.94887419403094,9.84248988209611,8.90399716862548,8.9197564556496,8.24855084747288,8.64442396939628,10.53987692809,10.1475559757107
43.1964172036065,41.6754615323067,41.1423350455426,41.7531448665724,41.1184430142816,41.7265598828192,42.5546714238283,41.7819980628944,42.4866236229678,39.129120300727,53.0870517047187,57.1601964082972,51.8781237535482,57.49982971799,58.7286488578324,56.6952259799051,53.7325989662165,51.3677529055463,56.9030722954044,54.0514221665514,54.6264277936759,53.3286263368336,56.3856922517764,53.0352021771875,46.9642425537794,45.1357657096559,41.7802718740464,42.4366699096318,39.3649043444734,41.895825776536,38.073591314048,45.6930274939968,46.183311695303,45.4369010334334,45.3892457701199,40.7283939630462,42.1205890730812,43.3101743627681,42.4232319232115,43.2766994497927,42.807807556838,44.5670393727119,47.5073985137859,45.7333892638003,44.3923064343672,44.7237079431392,49.2230211129031,46.2538152143549,44.1329986513211,44.5306405177006,40.8718645391186,44.2033357695255,42.2147925993512,45.0886669198063,43.0094438552413,44.5867935117468,32.2675331486232,42.0850534122718,37.7843507698414,43.8829556770663,41.0373457085363,37.1987858797015,44.1740738320764,38.4433832392733,43.6019805641623,32.823636321463,38.3154309612977,37.5549180780259,37.5568692869457,34.4441194419501,49.2730439354639,44.0702643478768,47.7974664597036,44.1492736125559,42.2708238626252,48.7798716421085,45.2348387369143,47.7793044118731,49.2528869202673,47.1717986233813,47.7424934350794,47.3567763557867,50.9902150512986,48.7103493061457,43.3245313560123,47.7506396830712,53.610023415494,49.2487006481469,43.4748807817591,47.21522103559,55.0815178681564
44.0181852728232,41.6345229649862,41.7243663105547,49.6980752662845,44.6693978575169,43.9471154921511,42.3069004111714,45.6665946395527,41.6570885267639,39.6145932573117,56.6238306324148,53.9641424155752,50.9895656391923,52.9220386909848,48.7632537227569,40.4652580011315,35.024082726967,39.9041736173798,41.7474586602203,40.167625492398,41.9446872630522,47.4474682342075,47.8308839195783,45.6972744525891,46.9642425537794,45.330148852247,38.5749071006408,45.5654752334776,44.2855173875325,42.9469755272018,38.1334554513342,64.3283551076588,51.8520214340766,52.0720078453183,47.5110161956709,40.0734051712429,40.8336676893454,57.4120266681712,50.6980930950467,51.0057990623008,47.5486229958644,57.5816306425209,55.077258716532,43.1150654509873,51.5776658014183,47.2830045350213,60.396135939915,50.9140395344452,44.3270751625407,39.8970008004801,34.7845655652074,54.0407448084297,41.6035376838854,51.5737229976793,47.582846256138,56.1188450986518,16.7780863256819,41.9673878388917,33.5978659019347,37.5225615866511,30.0940535195933,28.6809959108253,33.3320125930262,22.395588751636,35.9608413959874,14.2102327977065,37.4808374156061,33.7364022221161,36.5610432073676,30.7738444194472,48.1484095517729,43.9889538970504,43.4303886356402,39.7096818526341,35.5319968700327,56.7512165202091,49.6872339475783,64.5395839699647,64.9375860288048,66.7328004416094,68.6586516651976,65.4182741562537,60.277214053024,58.6083465207556,59.7140345971813,63.90390888279,75.2004082722458,65.9479727070014,50.0466650859785,56.2126769498131,69.2807958341689
34.4428008141246,52.9335675454544,12.7319339221396,15.3489293679545,17.6740706970121,15.278748297045,16.6006578480145,17.8420424160468,19.6924418490156,48.2560118845194,69.2147636150129,64.7815559294035,72.7592394409119,114.271374499866,29.7842146733716,45.9483552912577,62.2892071686639,96.4578314390015,101.987546801904,86.4116200126697,112.847145684266,27.7823458285515,37.6411566616713,55.7594627695534,53.0750149322355,80.4357444042017,84.665841945819,105.76800525782,15.016353596922,10.5114975066578,12.032691594534,17.8395129112992,22.7165206443503,61.3068348700468,56.7885613897467,98.3078632061248,102.884147380821,14.9948455912333,19.0749147200521,21.8730389843854,34.9415656431943,20.69637440955,38.2222005311072,43.6823689437634,42.3688431643356,38.6453785374193,60.566457812278,66.2013174442744,30.2371204480028,18.8411967913454,16.5847839391256,22.4050241106321,27.8120986536902,70.6345297130492,64.2222464806771,45.7285807975789,33.3757631209801,26.278644721549,44.0110845923608,22.8823645382987,28.9365899226859,32.2078933198131,48.9357899167944,58.556618997112,78.9584380711415,28.9541832591767,32.6629564927499,34.514934581088,32.2220867177773,35.7616540654127,39.4676379026576,19.1079559441901,22.1959735278087,43.7793076325624,26.0363770168343,51.8335709237689,58.6294394547103,42.1329842195949,66.3667992653304,21.0502138908092,38.185611518312,31.0442504093687,51.4845800171699,60.4387980604438,48.8609319146914,80.8845406512749,52.7409189403281,48.3187169741671,52.9786919293994,72.151027426437,61.2868578533033
37.6584149980159,25.9141131139,33.9760750950811,32.5911187460533,28.8515081012869,28.7346524371758,24.157673734051,22.4041849072385,26.1844556453944,32.6561475462643,32.6444695026351,34.8185497476348,39.5750114009281,41.7203227688432,36.726400048368,36.590535916109,39.3023868281907,35.6462727389179,45.0497139247673,33.1727355649619,40.8257101574089,31.7031178969689,33.3447418103897,31.7683936819441,37.945925253316,39.1487649178497,37.9669930918914,39.8113504999682,31.7718893900976,24.7771012656933,23.7660625026369,37.1048604976651,38.3888358044892,30.8474264061312,29.996009349456,31.9158174915099,35.2686022461637,34.2314092901604,29.097985998613,30.0715171158718,27.6020810005535,30.9493328977166,4.99685353284718,22.6921397110459,4.21210721516787,3.3270855694467,15.4652260105592,11.585230552748,3.68745371317107,2.86195394298918,1.92557416521684,3.51026489934467,2.36861279742966,21.3831578783921,11.6767720873958,15.7566645444841,27.112975137661,28.0828501800434,33.4653822035832,23.1081773462425,27.1214765548083,18.9653917275759,19.3398930210086,11.8397061553235,30.3918755615547,28.0535347015756,34.2562714436157,61.9118590230043,57.9713039182968,17.0808952970326,9.8054060328063,7.35859579978385,6.6908440056752,5.05620172657763,6.1262063569022,19.6705823857608,19.0068635883809,19.0473965980018,24.7363829398664,21.4124546652209,18.4011893046531,25.2591896613607,25.7776017918615,29.6939916438299,22.7607578523473,25.4906467615075,24.106213600653,19.2466186441034,18.0976829300811,18.5090521664019,22.4852319461792
0.285832371901449,0.163754269282148,0.509277356885584,0.439506788069183,0.201758797911097,0.795422904835315,0.167864861075072,0.0451697276355615,0.432800919758586,2.29790532783426,0.106103367830883,0.153656441957788,0.170876560453057,0.17340117526535,0.251934146673256,0.548309729012622,0.10877044325145,0.109176945601586,0.382366399052809,0.247294088343699,0.339083971407051,0.551358572121198,0.304170962922597,0.307577808815503,0.197121689627615,0.0777532570364444,0.11052981977261,0.179816397922169,0.0424190779574067,0.0750821250475556,0.359184823717434,0.0663178918635658,0.166726757022754,0.155207176886195,0.0832066833549403,0.238177742473955,0.104344977059656,0.223248321457568,0.233094680896767,0.312919012652152,0.140468605600781,0.0317429055361196,0.186449758688328,0.261832381281299,0.165180675104622,0.767788977564622,0.0681287489451946,0.0435534983186016,0.077630604487812,0.0681417605473613,0.186345886956468,0.216683018478066,0.114610296649822,0.0438179464721149,0.097306434061632,0.114178728583218,29.4840718227036,5.88327866900351,12.7184350417418,14.2638423684461,20.2556129458801,6.9207043497119,0.659314534807111,2.42500005590963,1.16559750023008,39.2959637152165,0.60697712413937,0.407802664223382,0.533478256916842,1.59986347134741,0.421737893884142,0.365897028718534,0.280454539160038,1.80872256885704,0.061262063569022,0.118975296688069,0.0374150858038993,0.107208611245788,0.0366464932442465,0.0804979498692513,0.125748446273256,0.168170370581629,0.0706235665530451,0.135589002939863,0.175758747894573,0.0393982175602898,0.0914846815964061,0.0404340727817298,0.0505521869555338,0.0856900563259347,0.109505999737886
12.1836048522993,9.94807185889051,12.4409182896336,13.793751502479,12.3476384321591,14.8478942235925,13.8442053322061,15.8997441277176,12.7676271328783,12.9459455089254,10.2566588903187,9.83401228529844,8.81723051937776,8.46197735294908,12.7366707484813,12.4283538576194,10.5869898098078,7.9699170289158,6.81307401948642,6.46497402384242,7.15467179668877,14.1209056526596,14.6002062202846,11.951594856831,13.1578727826433,9.9912935291831,9.94768377953487,11.4722861874344,14.3800674275609,10.9619902569431,15.5048115571359,13.9267572913488,12.9630053585192,7.91556602119592,10.0264053442703,9.40802082772121,9.2519212992895,14.2506845197081,12.8202074493222,11.8283386782514,14.9950236478834,13.0780770808813,12.8650333494946,11.0405987440281,9.41529848096346,9.91727429354304,11.3434366993749,8.58003916876451,11.566960068684,16.0133137286299,13.54113445217,15.2111478971603,15.1285591577765,9.9904917956422,9.7306434061632,11.5891409511967,8.65965745841645,10.3545704574462,10.4132186904261,10.87665024929,10.2067244454565,10.2479660563042,12.6734905024034,7.63161782300972,11.1379316688652,9.64027530173049,12.3671589043397,12.0116421098523,10.0649564471644,10.2579481398157,11.2111990124201,13.3755691609331,11.8191555788873,11.2634087242461,12.0686265230973,10.0335833540272,8.64288482070075,9.39862158588079,8.31875396644396,11.7527006809107,12.7425092223566,9.98932001254876,10.0991700170855,8.64379893741624,9.66673113420154,8.11603281741969,9.83460327161366,11.5641448155747,8.74552834330735,9.12599099871204,10.512575974837
11.7548562944471,9.86619472424944,13.8959964521638,12.3738064948708,10.2493469338837,8.58393884801444,7.37118762654377,6.6851196900631,7.42974912252239,7.34682407631516,6.15399533419124,4.45603681677586,6.52748460930679,5.61819807859734,6.49430244757727,5.19066543465282,8.48409457361313,4.64002018806742,7.47352507239581,7.70144446556091,4.64545040827659,5.574847784781,4.1823507401857,5.9757974284155,7.39206336103558,11.5852352984302,9.33976977078552,4.96293258265186,8.61107282535355,12.3134685077991,12.272148143679,6.66494813228836,9.33669839327425,7.1783319309865,6.15729456826558,5.53763251251944,3.99989078728682,6.95790601876086,7.26478422128256,4.91282849863879,4.91640119602734,4.57097839720122,7.7935999131721,15.8408590675186,8.21773858645495,17.1472871656099,6.50629552426608,4.48601032681596,6.98675440390308,12.7084383420829,8.94460257391046,9.57738941673053,8.74858597760309,8.89504313383933,8.9197564556496,14.1010729800275,11.314254834062,9.17791472364547,10.7841730458103,8.73142857382452,9.04926084854904,16.2370371281702,13.7723480604152,19.7566181025579,9.19526916848176,5.87089430139989,19.0818433401315,11.9374961709026,12.6256520803653,33.9265165541612,91.7631367442912,59.8444918081869,64.5446089409745,71.2390048143011,52.4403264150828,9.71631589619234,12.6837140875219,12.7935609419974,16.3443359869339,16.9045694725428,10.2275402968915,18.8014474310261,15.3253139420108,14.0673590550107,13.7091823357767,12.5286331841721,13.5397328762681,15.4053817298391,14.8623429649269,12.6821283362383,9.6000259770213
27.440264993004,30.6081292428728,22.7887066424674,24.1989056689445,21.3565722764854,28.2782785455265,27.8163224496964,26.7282829337908,20.4639094884853,20.7267824084273,45.8313497345501,44.8255791865777,53.7806633776326,66.8558635306073,51.8105371901848,50.1816719390545,42.2591300439093,42.6761762662041,38.4208709884609,41.6206549000517,35.9791829540879,49.1612744625509,41.7444229514972,27.9012618313938,22.6581526142463,18.3695957411452,17.5770045893393,16.0676740527333,22.8189187964073,19.7713759887728,21.7743826551237,28.3522251295116,24.7714279246557,14.837418092378,20.7958463709002,20.6982412653428,17.0075356275435,15.5946394148826,17.7109223456711,16.8341041236478,16.0720666813274,17.0564154317231,18.0625068226904,15.6990331943246,11.7410423864365,16.5426533457778,11.8976640720441,11.5743421781684,9.88431671641066,10.0502282631303,9.35332121930165,11.9448680766219,10.9376426436147,12.063518843238,9.62684987649746,14.4692993797083,42.6279370227566,38.8433668656508,38.3050117043627,30.1305793186128,44.8698655138419,28.6044688915737,21.1845085750578,32.4736036898722,27.5081010054299,35.8998515059806,26.9676142648096,22.5333215765103,17.2064520464245,38.8973864692536,23.2736056739964,15.4607756723746,15.4490386143015,14.3345374315031,11.2207595633021,9.80634053735298,9.62428252133702,23.6702319149201,18.7032707570661,27.636153659362,14.0159218216171,14.3112985364966,16.0799267506301,13.6629648537426,19.4459478670556,10.502776837222,9.98235103239186,10.7546546784845,9.13174705164763,10.5214535659799,14.1883273660387
197.260065658488,201.827136890248,220.662603347711,200.009396785945,181.461862841241,203.164266943353,185.704373986372,220.699289227353,201.829495580754,181.049047942322,174.610775660357,181.867764701238,187.690814001638,174.233500906624,164.5409904606,174.32593984408,185.598633001391,147.170522670938,163.131410068621,176.603306804307,170.186245249199,168.133733465181,170.677931569942,151.064643815386,178.198007423364,161.493514864695,143.246646425302,180.247957277182,174.427248560856,134.096675334934,157.203224513663,215.864738015907,177.647359607745,162.424310611403,137.457440902361,171.011619096299,180.447246995165,178.003328308834,179.599451630959,174.921728072553,199.430302801709,190.171747066892,185.480219943148,187.384707536983,211.637739977797,181.64607560883,225.880867127793,201.042948238665,186.934495606651,194.408442841622,169.077834765169,192.111164182654,193.806011634849,208.748696993155,215.793235270679,173.551667446492,146.982221682586,156.4559907377,160.51724892265,165.257339946825,158.861878675545,134.088646775668,156.404059090353,152.489709398082,137.281483360432,178.328414405022,162.821613550386,158.894747169219,131.733564241332,130.200653682891,185.775542255964,155.465581979964,180.212073877407,183.338696752327,153.216420986124,142.413430135619,139.70793039176,139.156777397033,137.277763692947,168.200466251801,150.017896403994,121.250837189354,135.314753515634,140.876974054517,152.734351920384,164.48755831421,144.865993307909,141.357518444927,140.282318801606,128.79215465788,136.91900167227
17.6501489649145,14.0828671582648,19.2070317453992,21.0287093983871,16.5845731882922,16.9358793487852,16.3838582119397,18.2937396924024,14.1381633787805,14.2081751960456,15.9508729639095,13.5832294690685,17.9762141596616,16.8892744708451,16.7396244122897,13.0497715505004,13.9951303650199,13.8654720914015,13.0699787312597,13.0006035014973,12.8512825163272,13.2632367626933,13.5736292204209,12.2152329786728,26.7592693669488,24.49227596648,20.3374868381602,21.6139310302447,20.9550245109589,19.9718452626498,20.05448599089,30.705183932831,26.0093740955497,20.4873473489777,18.3054703380869,19.4114860116273,21.0081220480108,22.8457448958244,21.5224088694681,23.0308393311984,22.5803283503256,22.4104913085004,15.0651405020169,12.1752057295804,10.0347260126058,9.46939738996367,14.545487899799,8.58003916876451,11.139991744001,10.561972884841,9.68998612173633,11.6142097904244,10.5823507240002,9.20176875914413,8.9197564556496,10.3902643010729,9.32974999984153,17.1007299979035,16.8784231699782,15.5810837481179,15.678370539928,13.8414086994238,16.4828633701778,9.77132375469469,15.4117891697089,10.2023467163816,13.9604738552055,12.6418825909248,12.1988694748318,8.70513947644914,12.4412678695822,14.1480184437833,12.860843867196,11.1400867309149,11.7623162052522,15.5857638661371,15.976241638265,20.2266913217054,20.5586827100223,16.8643204976082,17.6466986270135,15.7071126123241,15.4665610751169,16.2028858513136,20.4758941297178,16.3896585050805,17.9309975928956,14.2327936191689,11.8797639345504,13.153423646031,18.7620279550911
44.1968305052616,43.7633284656541,53.9833998298719,52.4365406381002,43.7816591467081,47.8579447742581,39.1787913763776,54.384352073216,47.2474337403123,43.8867552752571,58.5690590426476,55.3163191048037,75.0831606630734,54.5866899735321,44.7882927419122,43.5723464655364,51.5571901011875,56.3353039304185,51.5499427086651,48.8229185844274,55.3724125307714,46.6204303760257,50.5684225858817,46.5760681920619,61.9454909654782,53.6886239836648,51.6174258338087,55.5632669579502,53.7873908499916,41.8207436514884,52.0219353017416,70.562236942834,52.2271566373778,54.0508993506172,53.5018973972266,56.9244804512751,56.1723793171148,59.9421743113569,58.195971997226,53.3526916571919,59.4533373205306,56.9467725317985,57.9485850003323,51.5373403822024,55.0464599786154,54.0011580887118,76.3382631930905,59.2327577132981,47.082961621858,60.4417416055095,43.0458998869441,57.9410391410349,50.9633785769542,54.158981839534,61.2057470247665,56.6897387415679,47.3446153306875,46.2817921961609,51.6156488777357,48.3992118359411,48.6923890426287,40.9253189910848,50.5474476685452,54.2058836026859,56.7689152889836,43.0977013489128,54.4382608212498,50.0485087910514,44.9544344495259,52.7484397464837,57.5672225151854,46.4282674218407,53.0459728354129,58.0024441967564,43.1284927525915,43.0293989688518,39.5851607805255,46.2426476506834,45.4782981161099,42.7041624056378,40.9101611875658,38.6791852337747,37.1833077901783,42.1342826635623,46.1366713223255,60.3974675199242,43.5009660990911,41.161886091801,39.7845711340051,37.2751745017816,40.480717903105
44.1793232724826,39.1466862289172,52.3689906085446,47.6804010269023,48.5831150193963,45.2774603004882,43.5262435072093,42.8114161557088,42.8912924829421,41.6687911609405,39.8283748605715,39.0917353984809,33.7997254107357,32.9292299852405,37.3461580491842,32.6554997608951,34.3826996799276,36.4825681422261,34.7904758323631,38.2514495850034,33.8772014153356,35.1233789060274,35.9571901681911,37.6879483110334,42.6024323665443,39.9764483390027,38.9125757000461,43.2566326841569,40.4177458593762,38.9886458946946,44.5712447750963,41.7368336548758,39.057826917043,44.1777828109442,43.671859825674,39.8655950909343,45.3768479905228,46.4025356954912,50.0030824548395,43.4437982025489,47.3761977824894,42.5805683442615,41.250517511723,43.2472908035344,35.4027611434859,37.8519965939359,51.8381431411644,42.5818197711136,37.827840954821,42.7408971769242,53.1477104188542,50.7345953124914,46.9802887340508,45.9413641581536,39.3562359657875,54.9325281086722,26.7415892329712,34.4313000824761,33.5525564770985,31.6932039495835,28.445194013817,33.7843499163965,34.9531937769463,37.3457140963189,33.9352919622542,30.6547411653436,36.8374416640184,43.2274531373732,40.1982979630266,37.0782475927156,32.6077196103871,32.5705272875074,37.5781037020535,35.8205172562804,38.5356758468219,34.6840750748283,35.0104182392827,36.6657024080971,38.863239620591,38.817318896201,34.8189064500893,33.6636721015482,34.7167797283132,34.0880922566035,37.5407503596717,46.7207702760452,41.6767615480588,42.52734472964,36.3278125899857,38.2237634253097,35.4726435150924
2.92978181198985,4.09385673205371,2.7282715547442,1.96087643907789,1.33160806621324,3.4799752086545,4.02627895567517,3.56840848320936,1.6230034490947,2.20081073651732,1.06103367830883,0.583894479439595,0.751856865993453,0.48552329074298,0.783795122983464,1.42560529543282,1.05144761809735,0.764238619211104,1.3209021058188,1.20114271481225,0.406900765688461,0.918930953535329,0.228128222191947,1.6257684180248,1.2320105601726,1.93333473621119,1.54741747681654,1.90605381797499,1.01805787097776,1.20131400076089,1.91565239315965,1.15359972896673,1.16708729915928,1.12525203242491,1.37291027535651,0.595444356184886,0.834759816477249,0.706953017948964,0.815831383138683,0.594546124039089,0.351171514001953,0.69834392179463,1.49159806950662,1.96374285960975,1.03237921940389,3.00717349546144,1.73728309810246,0.435534983186016,2.29010283239045,0.545134084378891,1.24230591304312,0.953405281303492,0.764068644332148,1.05163071533076,1.65420937904774,0.68507237149931,13.8142154693786,5.29495080210316,8.876407789549,6.84965517429337,11.1011281339759,4.99089255988839,2.1977151160237,3.20955889752745,3.41045194511765,11.9752900806964,3.64186274483622,2.15023222954147,2.77408693596758,10.1167837158733,1.7923860490076,0.0813104508263409,0.400649341657197,0.698824628876583,0.245048254276088,0.515559618981634,0.710886630274087,1.42944814994385,1.28262726354863,1.28796719790802,0.880239123912789,1.47989926111833,0.706235665530451,1.38978728013359,2.46062247052403,1.61532691997188,0.731877452771249,1.09171996510671,0.808834991288541,0.556985366118575,0.912549997815713
44.1611014587739,44.6230383793854,49.4362805719649,46.2496373906648,41.6430158888504,51.6030609511911,42.4617572940819,51.4934895045401,48.9065039327202,44.2751336405249,43.7499553356009,40.7496884072054,42.5824388649019,37.9054969130055,42.5768707877803,43.499238501668,47.7502245873867,39.0853465253679,35.3862722032509,39.3197600466481,40.2492674060169,44.1086857696958,44.0287468830459,36.5578195620713,43.6624542525168,38.4489856045217,38.8512316500723,33.4458500135234,44.7945463230214,41.2951687761555,46.8736194951251,42.4766097386139,39.0974245218359,32.3606963807716,33.7403101004283,41.3833827548496,40.6249777352261,37.3568857905663,41.8016461074868,38.3325790498886,41.9649959232333,38.6311160374575,41.8766158013984,40.0603543360388,47.7372151052358,48.7546000753535,48.8823773681771,48.0395086454175,59.7755654556152,57.0005826978678,56.7733802260706,58.1143855558174,57.6871826470772,40.6630543261226,47.4206688660353,43.5591849544978,38.9942313529288,37.6922053394158,40.1425606004977,43.2431527212258,39.1433143681423,43.6536735904905,47.2508749945096,55.0617659753598,40.1483583412584,44.5654249242628,44.0058415001044,44.3021985224492,34.8894780023615,40.1848060156085,46.6020372741977,38.9070507204041,45.9945444222463,50.9730905768802,39.4527689384502,49.0971390999433,52.9797614983214,45.0990891307283,46.9441578458798,48.5402637711586,52.0598567571278,42.3116652383378,43.1509991639106,45.5240077370589,47.8942588012712,51.4934703512987,46.7944146365617,47.146128863497,49.338934468601,44.601674317649,43.5103838958532
110.75111185019,110.857546447282,90.8332542959503,92.2964254945284,103.340856290064,103.828208899205,121.283910695569,101.661699200253,105.290365089136,109.494217925389,102.319014378249,111.185801400655,110.2673279666,107.68733187504,114.188872052824,111.63586082697,109.568093168628,113.461048946993,116.476452479467,122.469571034064,119.366035034567,119.825533237829,115.470901799491,124.656891944226,94.8648131332899,106.483085511411,110.52981977261,104.005804558182,112.612471398205,126.213052204941,110.008134601311,99.7371355209132,94.359841770813,102.591943921775,108.152879091585,101.884102009371,101.925217041643,91.7892915283505,98.9871526630253,107.100600027364,95.3427148800161,104.748096549586,103.852515589399,104.880451420642,118.894572230181,110.484194047401,95.304966255688,114.036560182578,108.838107491912,115.658032303445,128.268085521702,101.913390812863,108.827061080872,97.8016565257605,116.86502730802,99.8909733819573,101.646853064572,114.931809891873,103.83250877859,109.93320200061,93.645907607338,109.751058296628,116.332386808188,126.46660585693,109.588181863299,92.3768539648279,114.550240310392,106.025356130826,127.828859052872,105.920372764795,95.764375012517,106.491890895005,108.153687182994,87.3941859406833,118.986855587569,101.026683429707,104.313259221271,104.850021798381,103.88841076825,104.04199024701,107.377017434221,110.937284702324,120.201310273283,110.677235429722,93.1960760710975,92.0949094758797,109.703398512922,104.718183393763,118.174836402212,123.750580193943,109.589589317685
46.1376323104724,44.9832977718061,50.4282801092699,51.0165956304921,53.4499407426078,44.0468747814659,46.7460278166861,43.9311737037944,44.1193650927571,45.3337883345172,41.8319601231113,41.7257141265213,40.7202261090845,42.8356391281499,41.5873294450137,37.5325320305527,35.6777930909082,42.8186521802141,43.6325250075507,45.9154466600437,47.4412384395605,43.6063368484298,41.8003143659342,41.951416138086,44.591390214887,48.0662859673595,50.5745769842541,42.9023943802503,43.532154563009,56.5518565858188,49.6153969828348,41.5528015049544,44.8790916384925,48.7591106546824,48.8839264710274,45.2513892926266,44.2043582649625,45.5404250941292,43.6240580209647,43.8868915244643,41.9232065130671,44.9873154420101,32.8345483040493,40.2322909330802,42.5765578632797,39.23785569844,32.4149774606341,36.6202169212634,41.6736611011472,33.8058088251514,50.7388792534636,36.6939690811497,38.437237221773,40.3063762418396,40.1479859842689,48.1326139278986,28.636920213602,40.7805344220647,33.0976074569595,34.0890778418665,29.9559470676896,47.8220670565092,44.4597767971595,48.9764423056478,36.7361795850293,26.7515971755322,53.6715728413212,57.0456610497351,62.5115595368305,57.8007144793829,26.6763275811516,33.0657079330398,27.2950376990799,28.6978499947836,38.4823778515168,50.0322849319116,52.0324115257667,50.9541087528983,48.7794142275516,48.6618156754611,44.3007584605804,48.2352983717051,46.8004719655392,47.9727451301528,53.1841577160282,52.488275344696,50.9322667851672,49.0145873667407,51.0627640437847,56.3793441093671,52.9275348533122
92.9669789609464,89.9010938358994,88.2504905574591,90.944096915854,80.0982427707055,100.620997461667,87.9896808697934,87.764780795896,92.3669296251448,100.460537149261,99.4895912360917,96.2196639539669,97.7413925791489,97.0699779135429,92.3758537801939,89.7400256483992,88.8291953220178,88.8154452468904,90.8294000659082,89.2731658920753,99.3855120194065,90.8516402728596,90.3387759880112,89.4612026783378,99.9899770636079,99.8351820347945,104.782269144434,102.243603858545,96.0367924955686,89.7231394318289,90.7540321259382,100.968990362279,96.5347923161748,86.993622644712,99.3487799257987,106.822717499569,107.370981394386,95.6246976909915,88.1486384924605,85.5833499603636,89.0570959508952,92.6892841654691,89.197564556496,78.5497143843898,72.5143163709292,91.5588355745812,95.8912141403614,90.4170625094168,82.2108101525929,86.9488864584331,87.4583362782356,89.6200964425282,81.4115140535903,88.6437057130885,83.0996946886337,78.9545908152955,209.429691985393,120.646434572365,150.898932422333,142.977142896377,183.405368128151,119.182514330135,92.1575205319272,88.1558843854207,96.8741033524557,233.901766144409,100.568522255842,91.7555994502608,87.9527819570234,107.049688156334,96.0859501566036,98.2230245982198,89.0242837162292,106.550202238124,87.1759164587183,109.417614520795,100.309845040254,96.98805697369,102.207069658203,89.9162100039537,95.8203160602208,104.400166057075,104.805372764719,111.589749419507,93.8551713757022,98.6137385534052,92.4452707531684,93.3622740530142,82.8044822331644,95.9728630850468,100.636013759117
2.46530420765,3.6435324915278,2.07348638160559,1.11567107740639,1.89653270036431,1.62398843070543,1.14594093353832,0.993734007982353,1.37053624590219,4.49871606435158,4.84538713094368,4.51749939355897,12.4398136009826,19.7677339802499,0.923758537801939,5.0810034888503,7.57767421318437,14.8480646018157,22.5943781258478,37.0806887153305,20.4128550787044,1.16397920781142,1.93908988863155,7.51368647249301,4.18883590458683,7.58094256105332,10.5003328783979,12.8388908116429,0.6362861693611,0.825903375523111,1.13741860843854,0.696337864567441,1.4588591239491,9.27362881895012,7.65501486865451,22.3887077925517,18.2951526444597,1.30228187516914,1.20432251796663,1.18909224807818,3.38950745314685,1.68237399341434,2.57300666989892,7.41858413630348,4.79023957803404,7.16603045726981,3.95146743882129,6.96855973097625,2.32891813463436,0.851772006842017,0.993844730434496,2.64353282543241,2.33040936521305,7.40523295378742,15.860948752046,5.25222151482804,3.35046270712541,3.02008305008847,3.84202725219285,2.59684729135298,3.39347281820589,7.51961145689851,11.281604262255,18.2588239503784,16.879578614443,3.93616777025674,13.1990969251132,12.5306636825003,15.0085216279272,23.1039107185758,1.89782052247864,0.406552254131705,0.681103880817235,1.10989793998046,1.65407571636359,19.0757059023205,18.3708071297146,4.2740499683321,11.6902313449146,1.51537390628866,2.59880122298062,3.49794370809788,6.42674455632711,12.1691130138527,13.797061709724,14.7349333675484,5.80927728137179,7.96551233800078,10.8687201954398,15.1500019584252,7.33690198243833
2.03655564979783,2.16974406798847,1.92797856535257,1.89326001014417,2.66321613242648,2.12112774622751,1.88925397150912,1.03890373561791,1.6230034490947,1.9095269625665,0.91956252120099,0.64535705622271,0.888558114355899,0.93636634643289,0.615839025201293,0.840741584486021,0.725136288343002,0.709650146410311,1.3209021058188,0.635899084312369,0.847709928517627,0.827037858181797,1.02657699986376,0.92273342644651,2.11905816349687,2.68248736775733,3.03957004374677,2.984952205508,2.41788744357218,4.12951687761556,2.63402204059451,3.44853037690542,2.9177182478982,2.44451303595756,1.91375371716363,1.78633306855466,2.57384276747152,2.60456375033829,2.21439946851928,2.09655738476942,2.28261484101269,2.920347309323,1.34243826255596,1.26552317619295,1.15626472573236,2.17540210309976,1.66915434915727,1.35015844787665,0.58222953365859,0.885842887115697,1.92557416521684,0.910068677607879,0.955085805415185,1.09544866180287,1.23254816478067,1.54141283587345,5.87619613249688,3.41230162802204,2.41120330999689,4.02699507499665,3.70914470827155,4.1258045161744,1.90468643388721,4.70735304970693,2.24485444488757,5.33717663763626,1.55537888060714,1.18633502319529,1.28034781660042,1.92924712721305,1.65180675104622,1.50424334028731,1.60259736662879,2.21979587996091,2.75679286060599,2.7364318238256,1.94558446180277,1.42944814994385,2.82177997980698,2.29419157127366,1.67664595031008,1.88350815051424,2.40120126280353,1.76265703821821,1.45000967013023,2.91546809946144,2.79028278869039,1.98126956630476,2.17374403908795,3.29906716854848,2.19011999475771
23.2442457734907,24.8398851074091,22.4423980397852,22.5892965781773,22.1656250561089,21.9897976303826,25.5343514231261,22.846848238067,22.3411834779382,24.6639680863292,25.5885955418814,25.6981179787883,26.4048713805692,30.4117917227381,23.9575377144785,26.4625241416072,24.4657358005487,30.7262136853824,28.4960296923193,33.8980137983471,29.7257963533991,24.3651479226714,23.0052103532433,25.6392467459906,31.0057633657517,29.7861064718063,32.3996060699451,36.1520868022521,25.7844365364096,31.0036618958871,26.9849571645179,31.2712071398865,25.678004665967,28.6442605302316,29.9881047145373,36.2053986334658,35.2974710231503,23.9794742882931,25.0813761556269,24.3566771878056,25.003411796939,23.2418380044914,27.3409926140564,28.3403005625857,25.221024330037,24.2614918668941,33.2986073344533,29.7596698661173,22.812141281766,23.073481538942,23.5429393580802,23.9954774662611,25.9985817263678,26.5917971755324,29.2934532646939,30.7152197761716,19.6749479278426,25.4534168335768,23.5094972398664,20.958815769298,22.6631372274476,22.4317329735037,22.9939606872507,22.5567799318229,26.7059972441605,19.4349951524126,19.6049817489991,20.8057211989822,21.6254302745524,19.1240150595592,21.0197680794305,28.2683913342857,24.6187000968098,26.2412758876268,27.1936173976532,31.322626359068,27.5143057984715,27.6015716893032,30.117920472784,22.8416957651494,25.2196892230766,28.6299965692988,27.5403660130255,31.3851254829974,28.0172626050042,25.7774657853464,25.7533952927963,25.0513341326485,26.3174685290509,28.5986278484991,27.8294897533871
14.6489090599493,21.5336864106025,14.6235355334289,15.6532032981563,15.6968344774833,15.8090302336019,20.3791657910328,17.9323818713179,16.1218342610073,16.7973642978307,14.3239546571693,16.5641644430496,15.8573448100437,13.8374137861749,14.1642975796297,13.2690954421055,14.974064354283,15.7214801666284,18.909756462248,14.0957630355908,16.6151145989455,16.3263399411444,16.3111678867242,15.0713126319597,9.65896279175316,11.0798391276933,7.9581470236279,9.49430581029051,11.368312892585,10.2111690064676,8.44084335735969,9.54977642835347,11.2957377882916,11.2137185300276,10.9000755194972,10.5393651044725,9.91277282066732,10.827543590692,10.9166008886652,11.046041146621,8.98999075844999,11.8401037649726,9.8445472587437,8.72774604270998,11.0671052320097,10.8770105154988,11.3093723249023,12.8482820039875,10.751838721562,14.7867620387774,10.1869084869536,15.124474689769,12.645336063697,6.96705348906627,8.75757906554688,9.76228129386517,18.7883639499571,23.6115583916008,17.4613514427247,20.2478817789551,18.1248276879369,20.7621130491357,35.3099561974475,25.0345594007141,29.6579808391876,10.2407076734646,11.4566932181306,11.4926205372044,10.3850434013145,8.28164620462189,16.9749502288367,20.5715440590643,22.5966228694659,18.5394063307847,15.4993020829626,13.0476242034583,12.6088839159141,7.18297695346783,10.8840084935412,8.61328063600989,14.5029874701821,17.6915229851874,16.1021731740943,12.7114690256121,9.9303692560434,10.6769169588385,11.5728122219454,12.3728262712093,11.0709289432619,15.4670551668312,12.08216197108
55.3442930094181,61.4487895481262,53.9470228758087,57.2034988779275,63.4733178228311,55.7458885805417,61.0136118667698,54.6102007113938,57.8871230177108,52.8194576764156,33.8116065487748,38.8443485269288,35.6448505105078,41.4428808884186,40.2814707847573,41.5984314410909,43.2906364140772,46.0726710438694,50.5418858384349,53.5215062629577,48.9976338683188,44.0780547379113,45.4355375865629,46.9715253748247,41.8390786234614,39.3042714319226,36.1985159755297,38.552635714513,42.5887542692363,41.5204151512982,35.2001127243085,34.3195090393953,42.5570047300581,54.671728058162,42.2689951443097,47.6950929304094,48.4508510147003,53.1703085604774,49.1441285557349,57.6709740317917,52.4299070404915,53.1376238674642,40.9443670079568,53.3701670511715,47.9023957803404,43.4440596471982,39.9575112563566,45.5134057429386,46.5395473904433,49.2664928757422,38.1387915304238,44.8533848249597,43.8957436168819,39.8743312896246,37.5927190258105,52.579304512572,24.2006498614674,52.4004020119246,43.1631889229114,44.6733005048694,35.7235355590977,44.7849425707318,53.1114486372395,45.1477951585528,53.0131011215756,22.8831448338655,44.5369464837263,47.3421820193871,55.8018256735017,46.7724791329213,66.0019803928682,73.2607161945332,83.6956474721885,67.9915256565805,75.413600253466,46.5986578694939,41.6055754139361,33.7349763386748,38.9918688118783,45.6020886009309,50.1317139142712,65.552810452719,58.4410013226448,51.5238211171478,40.4245120157519,50.5479131298517,57.0406989753592,48.8443599203296,49.7433519642453,47.7722064017086,50.2632538796895
4.62691152015471,3.77044205022146,5.18553480171715,4.80549960431951,3.87780409585128,6.00743148876872,3.86646665251144,4.94292329515949,5.06088542171039,6.60243220955195,3.25701971451535,3.08634329316413,3.45170652115176,3.97331453003023,4.87828486008315,4.63394828979534,3.88382996036512,3.43907378644997,3.11246248828987,3.39958716018774,2.5102386403264,5.03512900473792,5.01045618674247,4.10967892264486,4.13265622304296,2.50793130571051,2.1895957296954,1.63776775227511,3.93436948054947,2.32754587647422,3.67625667074793,3.23167087051156,4.13148903902386,2.10305724680794,2.17460666948136,2.97722178092443,1.5787395029126,3.2184966343466,4.27612192105118,4.56016877137981,3.8846592878896,3.42220264584905,2.81128946150261,1.3693833541012,2.24356651960853,4.87162106264753,2.48261161156289,2.66982944693028,3.12540813667931,2.96621083662664,4.28595539999876,4.26692199987008,3.866951408965,0.696267169441906,2.53645438120654,2.77168863635762,33.1010251789958,11.2919728587074,16.8967059203507,18.538855177501,26.0784440180497,12.6515799131464,4.18371700920379,5.28293394533019,3.28137281453661,40.1449083741405,6.0580110596135,5.32775644323111,4.88986170289977,6.55049981900803,5.79643590319263,5.2087474799354,4.65674729808161,9.26435921234798,3.5452356187393,2.46159888847616,2.49895358084244,3.93098241234558,4.16010991308686,4.25351167109124,4.35927947080619,6.12913732621805,5.43201162142747,3.58429529271527,3.86757124742009,2.49548310026875,4.25495254104885,3.23472582253839,2.64741803086131,2.74208180242991,2.11784603493071
125.337495078785,114.546111362863,134.121829631225,147.94474650698,131.223922161378,132.338485791976,134.198974730312,116.583067027384,135.178153937932,116.513509580329,155.512169450798,134.387924136281,137.179702731715,145.899748868265,141.447027015552,137.150540217024,132.736197581187,147.27969961654,141.162722413951,125.024825521193,131.462855714514,133.520667548683,124.025710131689,120.262923246862,164.990854218314,161.649021378768,159.605059751648,170.789614746476,140.322309883101,142.355709090165,134.215395795748,161.417748795919,152.221529161775,115.784553957101,139.038367886105,158.507287616417,150.813273510223,149.762415644452,135.855349849332,150.013374665442,147.105747215418,157.603525986834,150.46495526148,144.095087165142,126.074150273603,117.85560805617,133.430154809164,113.239095628364,141.714668492501,129.810053842723,134.852306860831,132.349987686403,131.037772502963,137.36926219008,112.875463511493,124.397724791416,89.7666277609062,146.297529569221,132.775162487851,125.965911364615,128.794131146791,128.698482810989,144.756168975428,109.053678984877,147.642350029144,85.1946820782688,167.829174824536,164.344473682023,164.346868347515,121.119075742595,108.808376622109,110.744834025476,100.282530216797,95.2045788516569,111.619479822758,174.021200622416,172.52096064178,183.148044211555,158.972487693541,156.729508395432,143.772390239089,149.133484631789,144.213322901318,151.554608036031,176.329963825231,147.546324763285,165.541531348697,136.060654910521,127.442063314901,144.130674740222,183.605059560521
9.51678882245875,7.38040491654642,7.56677021469789,8.04635504311273,9.96688461680819,10.3736403838939,9.35366544156505,7.00130778351203,9.28898974031864,15.5351346107105,6.71987996262262,6.48460916350257,7.79197115665942,5.27139572806664,7.83795122983464,8.8460636280703,8.33979245223287,4.53084324246583,5.70177822151202,6.39749806545149,5.25851422858054,7.48193582368465,6.61571844356648,9.86665670993161,5.47160529983854,6.1425073058791,5.30653664728299,3.9566800198794,6.61737616135544,6.53214487913733,5.80741995813804,5.40789249201447,6.04467857585996,5.15792250587046,5.11721102632883,4.34674380014967,3.7912008331675,6.10212078650685,5.28464490706452,6.32127697458613,6.25085294923476,5.09029233177213,6.04097218150182,6.72036445288668,6.02950759300647,9.02919837615996,4.01039880665888,6.22815025956002,6.4433401724884,5.89426228734676,5.59037660869404,7.58390564673232,7.10583839228897,4.03125107543457,5.44916030745139,5.88020452203575,52.0610359107179,20.5914753415123,26.0727918355708,25.8582009923173,43.958889051094,18.1668489179937,6.08034515433224,8.9154413820207,9.28204142683222,62.1277382239447,12.4824845579262,8.82336673501498,10.2502512284002,9.8349254160683,3.3401641195624,4.43141957003558,2.72521682195226,9.3724714931683,2.26669635205381,6.18790518074649,6.47280984407458,5.71814996181287,7.21935916911656,5.71535444071684,6.7065838012403,8.57668889966308,9.67542861776718,8.10212087067149,6.41519429815193,4.6095914545539,5.46438003175334,7.56117161018348,6.82555628273618,6.5985627873786,6.31484598488473
44.2589990461502,43.8603528702038,52.7895081975159,52.3506677733544,43.1283641590719,45.6307606407192,42.7547465165488,49.5155071313789,48.4091435424309,46.3607254620127,41.7431869720262,44.4810814437083,39.2889640387297,37.4092227493961,39.398861490912,38.0972910514357,38.1008359984064,41.1902780365665,39.6774660180754,34.1838151090186,37.6559531926958,40.1719855647505,38.4475899271199,35.531388474367,56.3206235519541,48.3819641909275,50.7166078026619,48.9963721058326,48.6843757717156,48.9783226322719,48.5031213120565,52.2233503058022,48.1861168640388,47.957077568123,52.3145380257516,56.5207691777818,51.987102287252,54.6973270792471,53.0721624199803,46.1677582076859,47.1788393916203,49.634476812498,38.3460031708762,37.7108451013413,38.5312831299675,37.8212850348333,47.1709831946738,39.7874273189921,39.3583283222982,49.776874662242,51.4320859529417,47.8973478685396,47.2989053587373,46.9728386181072,44.1706339683768,54.4358506393352,35.1064059731606,33.1969882177192,35.4216364934411,33.5256748860469,33.0526883092338,39.8020354389393,36.7355407360415,35.7609052362509,36.5466620655474,30.4195718197477,44.1909695229669,47.8815937252462,42.6540762057005,41.8331359391761,35.0439588440579,34.8850292702792,31.7839129230071,34.5359131590807,35.5846822447021,32.5452958246991,34.2759601049522,35.8519890487416,39.8233777435902,35.5008033615879,36.2080076199212,29.3649010887406,33.0030988859035,32.3189947407457,31.7451056478481,39.464406565791,33.1092211165553,35.1287180920391,36.6786447674571,32.8604227998694,32.3086501626658
33.5853036984203,27.1422701335161,40.8149424589733,36.2085976940073,40.1903525438905,32.1151997827258,29.1440653637718,32.8835617186888,42.6669573395339,42.2685120866414,35.5446282233459,31.9912712156115,38.1396482931224,29.8250021456402,24.3816268613785,22.59036083532,20.9564387331128,32.5347297892727,26.3832815346438,32.0775760308684,33.0945956093281,31.6112248016153,28.9722842183773,30.2305046378666,27.1042323237971,26.3583541353546,28.5166935013333,28.9504400654692,29.3540019465254,22.0741447639813,22.9279645806295,30.7715018246945,29.177182478982,39.5002265175365,38.5246943933373,30.0699399873368,31.4078380949565,35.9429797546684,39.5095484120019,41.868563892858,42.2810502858351,38.8850592817465,21.1061126835187,24.0013016174524,20.977945738287,16.3155157732482,19.8254659430516,14.5033149400943,29.1502919851734,22.4186392200819,18.6345886956468,28.0387825910618,28.1559295436396,23.6616910949421,24.8780116417572,27.4028948599724,11.3658004141716,18.1204983005308,17.1698873063515,14.8660098562961,11.3904940332027,17.2352156401479,21.977151160237,19.6139710404455,25.5136341717029,8.23926643435098,37.9740063289694,33.1061617410436,36.4187823388564,24.6096645739616,30.857155902523,39.3949134253622,39.6642848240625,34.4068361393941,33.449086708686,12.4527477200179,11.5612615134049,14.1158004806955,12.3865147165553,10.8269742574143,11.988018544717,10.224758531363,10.5229114164037,10.6437367307792,12.6985695353829,13.8287743636617,11.6642969035418,12.5345625623362,11.3236898780396,9.76866642115655,14.6007999650514
35.0501946044152,36.13033258874,32.7403499655523,33.1996666064567,28.2058799479714,37.1528781800162,32.4580026580583,34.9613691899246,35.5618089068304,32.9474313202151,37.7374311585175,36.2936515904295,35.713201134689,37.8708166779524,35.0188463875826,36.2981040606356,33.8279704193452,40.3954698725869,38.4452033956733,35.6103487214927,39.6050078603435,35.9302002832314,37.3369856987487,34.7123527091782,39.47361834793,39.3431480604408,39.8460000280258,39.1640114674484,33.8080051320531,31.759738895116,34.4817430768736,36.7069531464837,33.9705767433862,36.0406585447432,39.9392080103713,41.2642938836126,42.8510039124988,36.7243488797699,36.3239211064128,33.3884586499846,37.0134775758058,34.250595073473,33.672826419112,32.0308279767456,26.3463176791872,30.5196118581937,40.604734371336,33.666854200279,32.9930069073201,35.6040698859963,31.3061090086866,35.9260444636634,31.8616624686506,36.9385288759929,37.3981061576872,38.8778570825858,30.1799371541835,33.2993572665599,37.0689387987434,31.3503448361889,32.2248387775365,33.4057075341863,34.2843558099698,34.449265500128,37.9035038963708,29.9215465247483,35.5840339026706,31.2058013257627,30.1948693414933,26.3506924692515,41.541182547588,38.866395494991,43.1499340964802,45.9991035125233,38.5338379849148,36.5254160832373,36.779029345233,32.8773074487085,34.8508150752784,30.750216850054,34.1704636288069,34.9794370809788,36.3555995901766,39.0835300974154,38.4911657889116,41.2893320031837,31.8824115363475,35.7437203390492,33.7688608862966,35.432838290774,33.2898239203172
53.343466406108,49.6584821598115,55.984132303351,53.3493624287054,53.2239708889474,53.8899018025926,52.5893974364341,55.9201228128251,55.7591851622311,55.3439170506561,46.5440106884809,49.4159117336246,52.2882274986356,47.5119220227059,44.6483293270937,46.2773411286653,45.6110725367748,41.0505315461964,40.3917959726695,40.4502473076479,46.6240460684695,49.1321749823556,45.093345253275,47.4109222445612,51.1530784583662,57.226397178823,56.5360028136898,50.240701579454,56.4597927613083,60.9666855386151,63.635577935272,57.7960427590976,55.9368269811341,55.6029711194792,55.6236678227776,52.39910334427,45.1118117487913,56.5190333823409,56.2923654365691,48.9718254800618,51.7275640124876,51.3282782519053,34.4932053573406,32.3362990882405,25.3552336285595,26.8086317999647,32.7017994936934,20.0781627248753,25.5792841787341,33.1168956260176,38.6978291912932,33.1958384308398,34.2684786982968,36.4127135183275,22.3480443561548,51.0378916766986,55.7980904686655,39.0649703621833,41.5733845426937,46.3292610964568,51.2703761448316,48.578020916247,36.7018424375958,46.3602951865076,35.6586494514833,58.7756577219693,57.3593382311705,53.7928787080115,56.0507821933962,65.547347517263,34.5825072984996,31.4264892443808,29.0871422043125,34.6534801260565,32.2851075008746,31.6077704867971,30.6055401875897,33.8779211536691,33.3849553455086,35.4593469174052,30.8083693369476,28.6562311471096,28.108179488112,28.643176871046,32.032031803786,31.6367687009127,28.4059936356841,33.8837529910896,32.4039518384972,35.9898236568926,32.9978079210162
10.3971525279152,8.80179197391547,7.93017598578981,7.97873861417901,6.8597991289773,6.33024061764771,6.5039890822445,6.77545914533422,6.13134636324663,7.86466189667218,6.08325975563732,5.47016933369726,7.17681553902841,6.06904113428725,6.3263463497951,6.47005480234894,7.72270147085297,5.73178964408328,5.56169307713177,6.21767993549872,6.57822904529678,5.78926500727258,6.12144062881726,8.70005802078138,14.4391637652228,21.4210223135404,23.2665270621343,7.875958228991,13.5741049463701,39.192869274824,26.5198128178038,7.06285548346976,15.6723151601389,11.0585113531414,10.6088521277549,8.87212090715481,7.23458507613615,7.36719460809973,9.36263634935345,6.63388306822563,6.56690731183652,6.44380982383227,9.91912716221904,10.0369079491165,7.02017869194644,5.95036457612582,7.01726114135504,7.05566672761345,6.52097077697621,6.26904197035724,7.88864254782381,7.93059847629723,9.28343402863559,13.0139301022181,6.87632134035533,11.6462303154883,5.72155939216801,5.60872566445001,6.09425012416797,5.19369458270597,6.33974379215209,8.51778996887619,6.08034515433224,9.3433825683577,6.99358500138049,5.1370325137249,7.16991727889631,8.48971000974131,8.60678254492505,8.94041351635317,8.85649577156698,5.44780020536484,7.61233749148675,7.81039291097358,6.37125461117829,7.29715153020159,8.08165853364225,6.57546148974169,10.114432135412,5.87635034045535,6.99999684254456,6.08776741505497,7.87452767066453,7.38960066022251,7.86520396828216,8.0766345998594,8.09639432128194,8.04638048356423,10.41375051284,8.05486529463786,6.16883798523422
56.2961148078499,55.6232314184137,52.9506581040161,50.9151709870915,48.9063326136499,52.9529599059387,49.4303170250582,57.0990527041133,53.5951805634382,53.2945738765932,52.4550293103394,53.9979468328059,59.0549392925767,61.0646110790951,52.5982512887832,52.9301658406851,55.7017065572119,62.2641579613126,61.5738516627431,60.6527612162519,67.3081683242995,52.2259091925912,51.8991705486681,50.0218184445351,48.9586212485868,52.5612017566364,48.9094452493798,54.304552172495,50.8180553929732,39.868608400252,42.6232657478021,45.9228189893041,49.2765098549676,45.1590801868072,47.608784048613,58.0558247280264,60.3319179193029,41.4869797375313,44.2491402569028,45.3419649332969,47.0232704109175,40.8213765194498,46.6497296238196,45.8206667242274,39.4781813500047,32.9509436204817,46.8385148998213,44.163247295062,40.6784367516135,43.1146547335265,33.3559137652078,41.382989601015,44.0867607779649,50.2153666570437,38.4895599930785,37.8451104825506,40.6694627064915,41.2915952291122,45.2564313568647,41.865694592769,43.2996609206736,38.0638739234155,45.3461885606224,39.8698538603966,49.2283628680507,39.7286085964049,58.838086249855,47.7440530084945,40.4020866571688,37.9544081173183,43.9060777875433,40.6983199521084,43.4916879849138,43.0570518249529,43.3300449417335,64.032504677519,66.197388860265,42.8716515510783,48.0435526432072,39.0817546615215,42.6580645907641,45.243547479058,49.9153243683612,51.9129615555852,51.5412528200836,62.958351661343,47.4348074077366,45.333469380692,49.3303405968186,41.4465664437281,46.437844288846
11.5047529690333,10.1937032628137,15.4238285228206,17.9183536674359,11.8230655575903,14.6490384973837,14.5565469935948,11.6086200023393,14.2102968654069,13.625607648144,18.1083081098041,15.7344196564775,12.0297098558952,12.4502043840521,18.9790390493853,15.4257803762218,13.4150213343455,14.9026530746165,14.8080078178633,13.8837966741534,15.3605039047394,19.6957534374406,15.2085481461298,15.4228301277488,7.49062420584939,11.6629885554667,11.052981977261,10.4293510794858,11.1562175027979,10.811826006848,11.0748653979542,18.0384665868899,12.6712335337293,11.5629346780215,12.0649690864663,10.717998411328,9.66930120752813,15.8878388770636,14.3353228751511,14.5820259895903,13.5552204404754,16.188881823421,11.2242754730373,10.1241854095436,22.7949331644379,15.2278147216983,10.7302779588681,12.4998540174386,13.9346935055623,15.8429593272615,15.2803627304304,13.6943667678138,12.263301741531,12.2252070657201,12.5525299939505,11.9887665012379,6.95865331479893,6.74615954045736,6.59768817790358,7.52709359812459,8.04963319667443,6.12216154012976,5.6408021311275,3.99411773914527,4.10117638969844,8.00576495645439,12.2912867638222,12.345298835126,11.4164346980204,11.6225375712591,17.2561088247595,18.8640245917111,18.3096749137339,12.0444480153435,14.4578470022892,5.07627932535763,4.34014995325232,5.50337537728381,6.41313631774314,8.33153781146751,6.45508690869379,8.17308001026717,6.49736812288015,4.27105359260567,6.10761648933642,5.98852906916404,7.36451686851069,6.9142264456758,3.94307058253164,5.86976885832652,6.49735598444788
23.6526287748449,21.3699321413204,28.8833015262253,31.1711737384451,23.9285934322561,26.0832427543914,22.9807614239306,23.8496161915765,24.5975189396129,22.9466884145703,24.8989236509806,21.880677334789,21.3253947445416,17.5135187018003,25.5013341799263,22.5538068533859,21.5365477637872,19.4334963170824,16.3722339958066,17.5225525454964,19.1582443844984,25.3624943175751,22.2805230340802,17.0046588588,25.6751000739969,20.8378728857671,20.8348710271369,17.0465945230216,22.5669494733403,18.3951206366511,24.7238886992167,27.3561303937209,23.7585628757425,18.1592396956848,21.5505309889295,21.0191857733265,17.4951744870023,24.9293958960951,27.0001338705421,21.9043308856507,23.7040771951318,23.8071791520897,30.4658905696728,26.7505416209061,26.7179741981726,26.8726142147618,29.9766495358856,25.3916895197447,32.3719620714176,36.0129204492805,34.5982196782509,39.0462799297476,34.4212924271633,32.1185547640602,26.2078662405996,33.454367474883,15.7987203035991,15.3357463972025,18.7596916865692,19.3446305471802,19.59796317491,18.499575088653,15.7502916648365,15.9051474255249,16.0593433365034,18.246472629919,22.5719618039328,24.2086490670789,18.2805216036838,20.1865126237658,31.876355812743,26.466551743974,28.0454539160038,24.8699353217843,24.5048254276088,24.5089111177423,24.8436169737892,19.5834396542307,21.9512494533037,22.901666737802,21.1676551226647,19.8104696545159,20.0570929010648,21.9654184762577,22.8486372262945,22.1024000513225,22.5967163543123,22.2387400299514,21.5857838300129,18.4662071382389,20.6236299506351
6.10966694939348,4.70793524186176,6.07495132856376,6.96449218017321,5.52819106276406,6.82737993316979,6.62787458857297,6.32376186897861,7.21334866264309,4.33689174549001,4.42097365962014,5.56236319887193,2.90490152770198,2.0808141031842,7.39006830241552,6.10451498300719,4.96718357514956,2.83860058564124,2.46800130297722,2.26097452199953,2.0005954313016,6.70819596080791,4.86673540676155,3.60305433183875,5.47012688716633,4.27642913700444,4.20013315135917,5.07082242140516,5.64173736833508,5.48099512847156,6.94423992520372,6.99653759160619,5.96048156356347,4.34580095281345,4.32674753445689,3.63221057272781,3.26947594786922,7.36719460809973,5.67197056848798,5.47608272141266,5.44315846703027,6.38032401276003,7.30883054058245,4.71298286306339,3.96433620251093,4.92664593937299,5.65468616245115,4.18113583858575,6.01637184780543,6.81417605473613,7.39172018260656,5.80710489521218,7.02943152785576,5.38960741607013,4.73557979099942,6.39400880066023,2.6030517955359,3.25541419684861,3.86852399186314,3.42482758714669,3.07780092814022,4.32544021856994,2.63725813922844,2.85294124224662,2.33119500046016,3.10223392062608,2.8452052694033,2.96583755798823,2.88078258735095,2.72917886288676,5.34201332253246,4.39076434462241,5.40876611237216,4.02851844881795,4.28834444983154,0.832827076816486,1.57143360376377,2.68021528114471,2.38202206087602,3.74315466892019,3.60478879316666,3.36340741163258,3.00150157850442,2.3728075514476,1.66970810499845,1.49713226729101,2.47008640310297,2.34517622134033,2.67926590864329,1.8423362110076,2.62814399370925
15.4317324684944,13.7090980386283,16.7057523840097,15.3567052572819,11.8714876690889,13.3584648342884,12.6648153119591,14.6882920325319,14.9402877500664,13.1553461775323,13.3937817991852,10.6637570718705,12.3991449795948,12.49459508492,13.4765173592117,12.2090299660144,11.9147143537639,12.7737026353856,11.6110771159645,10.82547535588,10.3766476929986,12.9400793773667,12.3189239983652,11.2046201782791,13.2564336274571,17.7401831254351,22.1612288644082,14.2360642234981,21.3177076274947,30.0373549465251,32.0871775854241,14.9404262684834,17.7997485797493,12.9993771001032,14.9355996622118,16.3723380176596,13.6584096805188,13.8503258632275,16.2536920989315,12.7495722514993,14.4594870890304,14.1249581054625,14.0116993654278,13.4843676359869,13.8751767087883,18.5222692595985,13.7180642438597,16.2458904078216,13.5872965504793,15.9335878687895,23.7255583272975,14.0566607747091,13.9442527590617,14.7105609896184,12.8444492961354,17.6977029303988,12.6142343644266,15.3361386157804,15.0040438057015,16.7771389208599,12.5508512891024,29.1707688340357,25.7213251462361,28.3903315369067,18.2070646563717,12.6370999837633,10.0215716802436,12.6867408839894,11.4423973065237,10.07584603293,21.1389090344528,21.0195646431174,19.0104106122924,23.432411952854,28.6706457503023,18.2016340559855,22.4516705383459,21.4209952509835,23.2346096467172,27.2847801081827,23.3892110068255,17.6636067036708,18.8554329161648,19.4922750626347,23.0274717522773,17.3352157265275,18.0668523450663,28.3511588123655,24.8307287106887,24.0797627281509,21.7935190478349
52.7718016623051,47.2840452552203,55.838624487098,55.6145127979851,52.6590462547963,52.9619084136181,51.1647141136567,50.2739068583799,55.5067179590386,57.9654710162135,43.3255418642774,38.8136172385373,40.3610435790122,44.0438985173989,45.4041317671135,42.4757270075111,44.3420840321746,42.6335972574194,41.0174864438468,41.7573732031789,39.6050078603435,42.3627169579787,43.8006186608539,44.598782278248,47.654168467476,49.4899481036968,48.0252066911989,44.8462096417889,48.0183962477843,47.3768209050076,51.2437015170205,50.2358030866511,48.5591679828772,47.1829817734031,47.5942228790258,47.159193009843,46.9552396768452,56.1841609001545,57.9733665769696,52.4452265205007,54.5720532759034,49.9633333138522,36.9170522202889,39.7985219547575,38.4045069618247,39.7970620037662,39.6168675116306,34.7992451565626,40.057391915711,41.0213398495115,43.6670528434657,45.5034338803939,38.0888219199576,39.260880039015,39.052315536735,38.4782315325446,31.9067140878558,38.7511954998364,36.9894485797325,32.6675862158607,32.0406968416649,33.8049789389774,36.7750996081299,42.0095597920815,35.2269466736203,33.7242848790641,32.1318515091279,35.8124885127079,33.0045214945886,30.3032963396392,51.6628920008074,52.4452407829899,53.9274013870588,61.2910306855874,60.9557532511769,54.0544431286129,54.9253459601242,67.5771612885953,59.5139050286563,62.4261601236044,56.4610523766918,54.7899067354947,54.4507698123978,56.2016417185731,63.448907989941,59.8852906916404,59.922466445646,62.3493402294274,62.2802943292177,62.1252908363026,55.3735338674575
23.9384611467464,26.4053759217464,18.8796391588299,18.7297508146406,17.7951259757588,19.9187152419177,16.6935719777609,17.7968726884112,17.4923705069095,23.2379721885211,18.3912504240198,15.0583313118632,19.172350082833,20.1838968008867,15.3399902641049,15.9740901052344,20.5576137745241,17.5228997690546,18.5273900631952,17.5578802724026,23.8376031899157,15.34614692404,17.8700440717026,18.9380050856403,17.5931107992647,15.6284046643253,17.5742413438449,14.7809079092023,14.295229271646,12.3134685077991,14.7265777724148,16.0157708850511,15.9224052956731,15.0550961579609,16.5165266459556,20.6023747239971,19.9298906183943,15.4413422341484,18.8029709256725,16.2404967566467,18.5418559393031,14.6969652632234,21.8146217665343,19.4192349450297,13.792586371236,16.4434806028423,17.679410351278,19.6426277416893,19.0194980995139,16.4221642919141,13.9759415217351,19.8915010962865,19.2163264049535,21.733701450169,17.5151581310938,20.4379924163961,23.2470566294394,20.2384786213721,22.8931830751353,17.763940891574,20.4134488909129,17.3017608742798,16.3363490291095,19.1860298541085,15.9730027809308,24.284153701245,20.1440533073754,19.6116008521972,15.9332172732497,22.821581870691,16.3071985635201,14.9611229520467,15.5051295221335,22.0335294751676,14.7028952565653,17.8462945032104,19.6429200470471,15.4737762231421,18.3232466221233,15.5361043247655,18.0658601145911,13.6554340912283,17.1262148891134,18.6773851549661,17.0925382327473,22.8509661849681,17.1991201401244,18.4379371884688,18.0471307431256,15.6384352794831,14.8563139644398
3.71582083471884,3.11133111636082,3.81958017664188,2.50180787054766,2.82462317075536,2.48569657761036,1.82731121834488,2.07780747123583,2.52467203192508,4.20743229040075,0.742723574816184,1.16778895887919,1.57206435616813,1.24848846191052,2.15543658820453,0.840741584486021,2.71926108128626,1.583065711223,4.37983329824127,2.8968736063119,2.10232062272371,2.7874238923905,1.63491892570896,7.46974678551937,1.08416929295188,1.399558626656,1.54741747681654,0.86311871002641,2.88449730110365,6.23181637894711,5.92654959133765,1.06108626981705,1.8339943272503,2.7937291839515,1.66413366709881,1.78633306855466,0.869541475497134,1.89761073238933,2.68058883031282,1.50201126073033,0.842811633604686,0.666601016258511,1.37972821429363,2.83651746388074,1.94087293247931,5.50248767254646,1.12412435759571,1.39371194619525,0.737490742634214,1.9420401755998,2.04980475652115,1.9501471663026,1.68095101753072,1.53362812652402,2.7245801537257,2.28357457166437,38.2210476512845,14.0806469478151,19.4486069179969,18.968275867274,25.674647058674,17.2352156401479,4.76171608471802,13.0522061832783,6.7345633346627,35.9592275960743,7.51134191122471,5.26436166542911,6.4373043001299,23.6685684143455,1.51122745308484,1.87014036900584,0.681103880817235,2.17868854885052,3.29038543429217,1.34838669579812,1.19728274572478,1.42944814994385,2.16214310141054,2.77717927048917,1.50898135527907,2.48892148460811,2.36588947952701,1.66096528601332,2.54850184447131,1.26074296192927,2.24137469911195,2.99212138584801,3.33644433906523,3.08484202773365,1.7885979957188
5.71664743802898,6.56777435523376,7.25902118332274,7.06591682357379,7.1362086821155,5.26967674453396,6.07038981009487,4.96867003991176,5.73353018450186,7.21736462122591,3.42537039147369,4.02579877929405,2.52897309470525,3.84361045093175,3.02320976007907,2.92431855473398,3.40560257820291,2.99199419421147,4.03222748092053,2.79089042559317,5.20053086946993,3.03247214666659,2.6234745552074,2.54850184447131,5.41887524786315,6.45352033402488,7.55802907605105,9.49430581029051,5.55265730462453,7.20412989831295,5.63980037373657,5.66586909136374,5.8771181850521,9.54524137850096,6.32370793497546,10.1183859446498,10.1934608089578,6.39978521511694,6.17040469447224,8.64814275266753,6.61396429471278,6.95169631241018,2.23739710425993,4.88753778391759,4.40454270166475,3.19912073985259,3.20205120042415,2.48254940416029,0.737490742634214,1.0561972884841,1.98768946086899,0.996741884999105,1.29891669536465,3.84896841811057,3.04893493393114,2.28357457166437,3.40200828723503,4.22654739581212,2.78109779579422,3.27089852306504,3.47054937136359,5.25707349641577,3.22331550350143,5.41131630123128,4.48970888977513,3.6359515843897,11.2097294007464,8.52678297921616,10.1318190553647,12.1871952670288,1.58151710206553,2.56127920102974,1.68272723496023,1.84982989996743,2.63426873346795,4.08481851962372,4.97620641191861,2.60445452919769,3.40812387171492,3.90415056865869,3.64670494192441,4.1706251904244,3.07212514505746,3.59310857790636,4.35002901039069,3.37721520926804,3.56790258225984,4.51972065554176,4.85300994773125,6.12341142505129,4.92776998820485
2.67967848657609,2.04692836602685,3.85595713070514,3.61747894795404,2.13864325785763,9.24679126871054,2.81839526897262,2.84569284104037,3.78700804788762,16.4413507963353,1.94522841023286,2.51996564810772,2.22139528588975,2.56633739392718,2.99521707711538,2.74154864506311,3.87947914263506,2.78401211284045,3.09369177415455,3.92137768659294,3.62819849405544,3.64509278235681,2.6234745552074,4.39396869736433,5.1744443527249,4.35418239404088,5.08437170954005,5.6462348947561,8.9080063710554,14.2656037590356,11.3143219470992,5.30543134908526,6.79411534867724,5.23824221990906,4.90919431794148,5.12082146319002,4.86943226278395,6.84628185803208,6.17700904376431,7.29101299479515,5.40804131563007,4.98363616917077,4.5493741119952,7.72405524779833,3.46879417719707,6.01434699092287,3.88333868987609,4.31179633354155,2.36773343687827,3.85000947092592,7.70229666086734,2.90355244760609,3.05627457732859,3.37398187835285,2.82188658778733,7.99251100082528,107.859126379383,45.3404676091204,51.5626553983951,57.2059113457469,82.1799153804279,39.993685713239,12.6002333318692,32.5948536926677,15.8003216697856,154.878194553407,10.7359078832151,8.4155640707916,6.11721734597979,13.7400039303954,3.76049622046693,12.0339467222985,2.92474019409754,17.8405817019081,15.4380400193935,1.66565415363297,1.94558446180277,1.67960157618402,1.97891063518931,2.13319567153516,2.1796397354031,2.05167852109587,1.37715954778438,1.45758178160352,1.97728591381395,1.49713226729101,1.37227022394609,3.92210505982779,4.70135338686465,5.44131857669685,2.66464599362188
13.1482891074667,10.9715360419039,13.2775882330884,15.4503540113551,11.8230655575903,16.0741712018803,12.3266078796824,14.1832944775663,13.6332289723954,13.01067523647,14.7130003392158,15.4271067725619,16.6775523002184,13.0744486150074,17.2155000226725,15.681658249761,14.1764144371057,14.1930029282062,12.1314430244937,10.4923348911541,10.7828702907442,17.1840088311107,16.6913815903775,14.7197951361705,15.9175764374299,12.2072613547218,14.4794063902119,11.1486166711745,14.6770009732627,11.2623187571333,12.9905177911138,15.0210025070977,14.0884109684228,12.1837633855663,12.6890192116284,12.921142529212,9.9823361387071,15.0320536448096,15.3453998257038,14.6759016933859,13.660571894676,12.9828483642729,13.4616725772973,10.6914889023197,7.96996757379802,10.5570984415136,10.2874410907244,9.05912765026912,11.8386671843913,10.561972884841,11.9882520608661,12.3942686569454,11.2318090716826,9.85903795622586,10.3793529665741,10.0477281153232,11.2884820440072,11.2174513289,13.0628926574557,12.4573399048962,11.3641880423639,12.8432301874461,10.4025182158455,13.1948532453906,12.4762102802405,9.47348853180436,13.9604738552055,13.1979771330476,12.839043383132,16.7985664491478,16.0963296165781,13.9040870913043,12.3399997230417,15.9085371397199,13.4776539851848,11.9371881010363,14.1803175196778,13.6512298319637,12.4231612097996,13.9663943023151,15.2993942965794,15.8416489087894,14.124713310609,14.9825848248548,14.9394935710387,14.1833583217043,13.9514139434519,14.1923595463872,13.5985382910386,11.868072801142,13.9802659665367
233.919139226243,250.544032001687,219.025640414865,192.132082815167,199.378044095746,203.595121016806,235.692175789908,209.497196773734,224.876144557898,227.913370684632,217.724110788973,236.846039633735,253.307413215612,231.317167803977,207.285817346163,233.506836595509,246.147513078032,231.837243984968,255.212191076884,264.322052712508,235.6633601279,186.696138726594,190.449044159911,210.910497473488,203.528144540513,228.633452315665,188.342812892527,217.686090957373,196.782102644409,189.432201494983,163.908007889722,223.424977688353,223.205445964213,256.479859804436,210.804132279741,226.804755270823,258.114691586569,204.681502723013,215.534881602543,229.588679582884,247.646151674177,223.533540785354,223.254941053404,250.52995015599,251.900529534549,186.572721548203,220.532760335595,244.291572069036,237.122681408022,232.227119945407,169.326295947777,202.035246428949,219.937159271009,261.374050706165,251.926357785565,202.096349592296,92.4469979266065,165.790792892519,146.337253720695,138.009261121614,112.95792466183,126.768671021165,197.647846101065,199.77721048832,193.057482260331,73.7531096613361,209.824404600929,209.276912685544,220.433215758039,189.819095394572,193.999431186705,182.623272555962,202.728566878542,184.530809354528,187.768224839052,221.175076543121,235.602795307154,197.907096359726,192.907873367579,175.888020464314,189.125663194976,177.251570593037,197.71067456525,206.874921235495,194.696752980214,222.796920303438,199.024924812982,170.065710119956,188.256344222408,172.922533665736,209.010451499711
7.18153834402391,7.45081925233775,6.11132828262701,6.4573689631703,5.16502522652408,6.62852420696096,5.60581916136312,7.90470233622326,5.44607824029553,6.08459438919494,6.366202069853,6.63795829257645,11.8930086075328,11.2363961571947,11.8129122106793,8.80950964613613,10.9133011395622,5.89555506248566,9.28107532246364,12.8946203207786,14.9536031390509,6.80008905616144,8.51678696183271,8.30460083801859,7.6384654730701,8.04746210327199,7.18443828521963,3.81210763594998,9.62913069633131,11.1121545070382,7.42315302349363,5.50438502467596,10.3370589354108,7.64395346164508,3.95231745935966,4.52537710700514,4.83465060376406,4.68821475060892,4.93383741231489,5.16316370876051,6.60202446323671,5.17409360238749,3.76628512550422,5.76031238818859,4.4598782278248,5.43850525774941,3.64488806856791,3.65849385876253,4.23086794458575,3.03230834435758,4.09960951304229,4.55034338803939,3.6293260605777,5.34578946959802,2.9516284998695,4.51005977903712,15.4894468229413,11.0605638977266,11.6055719755894,11.3659113331681,17.2567299902563,7.91888286168958,7.25245988287822,6.4191177950549,6.00066861229561,18.4799741078156,11.9877982017526,12.6418825909248,12.3055651262152,8.14048178067947,7.52099244093386,7.39925102519702,6.45045440068088,8.59143220207094,7.5352338189897,6.38500758892639,6.17348915764339,3.32346694861944,4.54416516228657,5.67510546578222,5.70059623105425,4.80967259863459,6.32080920649754,5.32186836538961,5.62427993262635,3.78222888578782,6.49541239334484,5.57990204387872,4.80245776077571,4.24165778813377,4.74525998864171
10.9688172717181,8.10583632946634,14.3688968549861,13.6923268590784,17.2705531011899,9.74393058423261,9.4772412341277,7.94987206385882,9.99048789776068,8.05885107930606,11.0347502544119,9.61889326655754,10.2184183150928,13.5599719057504,11.8688975766067,10.3447768873715,10.4782193665564,8.35203633852135,9.00299066860705,6.2883353893112,10.7828702907442,8.30100961360248,6.00737651772128,8.74399770775503,14.6362854548504,17.4556062046818,18.9005991811163,18.7728319430744,15.3981252985386,22.2243090140764,17.0612791265781,14.0593930750759,15.0054081320479,21.0305724680794,18.055850288022,10.9561761538019,9.4953929124287,13.4321073410303,12.859056562805,11.8283386782514,11.9398314760664,14.3795362078622,22.5604208012877,29.9798076567088,34.233694915433,26.4247373111824,26.6042764630985,20.0346092265567,25.3852076675145,18.8411967913454,31.3682243043388,18.5047297780269,22.6164318722316,24.9762294891055,25.1050599879011,22.3219414380192,9.45861395011558,12.6294382094609,8.34647299614309,8.84433497779639,9.44385071113112,15.8377657233792,10.1827467042432,14.8352944596824,10.0586747242077,12.3088636205486,32.4353400711976,35.2193210011102,43.7452170671811,30.3032963396392,9.62968191035457,6.30155993904142,6.77097387400664,5.22063105101918,10.2920266795957,12.9683073389996,10.6258843683074,15.7239296493823,15.2815876828508,15.2543615002231,11.9461023959593,17.1197437252098,10.9819645989985,10.5759422293093,14.1485792055132,12.5286331841721,12.8078554234969,13.019771435717,12.8402554867056,14.7386896880608,18.0319879568385
1.25051662706884,2.37443690459115,2.03710942754234,1.62279429440929,1.81582918119987,1.62398843070543,1.98216810125547,1.26475237379572,1.4066029892154,2.45972964669583,1.9098606209559,0.983401228529844,1.26448654735263,1.0404070515921,2.01547317338605,1.46215927736699,1.84909753527466,1.36471182001983,1.49470501447916,2.36695770271826,1.05116031136186,1.83786190707066,1.63491892570896,3.33941620999689,1.47841267220712,3.34339005256711,2.59745076465633,2.40953973215706,2.03611574195552,2.92820287685467,1.97551653044588,3.21641775538294,2.79267318013114,2.83253097817305,2.49620050064821,4.22765492891269,2.64340608551129,3.12547650040595,3.14677819210635,2.2530168910955,2.28261484101269,2.920347309323,2.68487652511192,2.48740762217234,1.40403573838929,1.98345485870861,2.24824871519142,2.30833541088588,1.47498148526843,1.49911873204195,2.73307300869486,2.03682037369382,1.37532355979787,2.58525884185478,1.97856415925318,1.71268092874827,9.69056906060888,7.41293112294442,5.16686423570762,4.96788177476223,7.44459540738191,3.65998787725149,1.53840058121659,4.06544127020144,3.19460055618615,8.93977086804074,3.41424632328396,4.18924555065837,5.29921735204063,6.54061830933206,2.53042736330485,2.1953821723112,2.24363631328031,1.19211260220123,2.81805492417501,1.42770356025683,2.46939566305736,2.57300666989892,2.56525452709726,2.37468952114291,2.13772358664535,2.72436000342239,2.89556622867485,2.33891030071263,1.75758747894573,2.00930909557478,2.56157108469937,2.42604436690379,2.22429622604349,2.82777185875584,2.08061399501983
12.1478758058116,13.1003415425719,12.6591800140131,13.0161625697412,11.6616585192614,13.2901910349567,10.9328959334872,10.6600557219925,10.8921564805911,12.2339185059345,11.848209407782,10.417906764738,10.6626973722708,12.5542450892113,12.1768170892074,13.598081279513,11.602180613488,10.5355752505531,10.0458081205693,10.5276626180603,11.3593130421362,11.5172679509761,12.6611163316531,10.6334042476217,7.98342842991843,8.78611804511821,8.34500139283203,7.44439887397779,8.69591098126836,6.98263762942267,7.06396819977619,9.15186907717208,9.54510683955269,8.5363947287407,9.44395856078572,7.26442114545561,7.1302400990765,7.62765098313356,8.11946471790403,8.2297700327516,8.1822962762455,8.09444091171049,12.0819443630036,9.64415937719453,6.07038981009487,8.31771392361674,10.5940204609778,9.36400213849934,7.68542984429339,9.36949207526219,6.08729897391129,9.83740903890421,8.74858597760309,6.7479637567057,7.26554707660186,10.1048174796148,3.37623549718022,4.94195408196295,6.22673382251944,5.5700492626122,4.70877236014616,5.589799667075,7.17920271234409,4.85000011181926,6.99358500138049,3.20230598258176,6.29738766294597,6.37655074967469,6.01052169459642,11.6225375712591,3.44419280005382,3.78093596342485,2.80454539160038,3.28858648883098,2.69553079703697,8.24895390370615,8.26873396266175,8.29079926967431,8.83180487186341,8.25103986159826,10.311372594407,9.45117482668755,7.94515123721758,8.47431268374142,6.5909530460465,9.29797934422838,6.95283580132687,7.23769902792964,8.74552834330735,6.08399399914136,9.05249597833187
2.85832371901449,3.84822532813049,3.52856454413583,2.90750644414998,3.02638196866646,3.67883093486333,3.65462243668977,3.1618809344893,3.53454084469512,6.14932411673956,3.43067555986523,2.88874110880642,3.04160277606442,3.95354679604998,3.27514390675233,2.85121059086564,2.46546338036621,2.23812738483252,4.10174864438468,3.3914617829993,4.23854964258813,2.69553079703697,2.54743181447675,3.55911464486511,3.30178830126256,2.799117253312,1.49215256693023,2.4455030117415,2.58756375540181,2.17738162637911,3.11293513888442,2.18849043149767,2.16744784129581,2.01769329952053,2.20497710890592,4.58492154262363,2.53906110845163,2.12085905384689,1.86475744717413,2.78497921260415,2.52843490081406,3.39649089236479,5.10872338806018,3.40382095665689,4.54246856537711,5.95036457612582,3.37237307278713,5.96682926964841,3.37693129521982,2.89602482326286,2.73307300869486,4.72368980282185,2.67424025516252,4.38179464721149,3.95712831850637,4.22461295757908,43.0147866014793,11.766557338007,23.3171309098601,23.4468965581581,34.2504000721246,15.039222913797,2.78377248029669,6.34779426399874,4.79190083427923,59.5428768636295,4.6282005715627,3.26242131378705,2.52513041607305,12.0460308430864,4.39310306129314,4.79731659875411,2.28370124744603,5.26173838212957,2.32795841562283,3.76755106178887,4.86396115450691,2.14417222491577,3.1515984190052,4.46763621774345,2.80838196676938,4.70877037628561,4.06085507680009,3.83038933305112,3.29547652302325,3.90042353846868,2.65305576629578,4.48818207877201,2.52760934777669,2.31363152080024,3.97871799047651
75.9956818792978,79.5845748711241,87.4865745221307,83.1343993740093,80.17894628987,78.1503004000697,77.6762124679486,80.9893216505617,78.9501011126287,71.8823624383083,69.7099126648904,64.9659436597528,66.0267029590614,63.8809929677549,68.6940439929079,69.7815515123397,68.2353247330765,64.6873402689399,64.3765973678002,65.6742443187052,67.2403515300181,68.0315215933989,71.3661121757142,62.3504158155999,65.6415226459959,66.8678010513421,66.6494813228836,59.5911542714068,68.6764872130414,58.789303912236,67.7662034080225,73.5797010226262,70.4420548421138,69.3388062739074,68.6871171095032,66.0347791009039,65.8068988656231,81.6344695463173,83.1371028531801,77.6977908415294,72.6222690956038,77.7701185634929,65.9286346721927,63.407075000288,61.1168497887102,55.472753629044,64.5860540000445,57.2728502889611,61.9880376835179,64.9390978016354,56.7112649304184,71.8087523236312,61.9659670553372,60.5125840779907,61.8220211071569,65.5385902067673,64.5350662972464,64.2454030655183,65.2614698079378,66.4642364714401,68.7375540617984,61.8205225084842,60.7301943727883,55.8463248169777,61.2154539009725,68.6827918555816,63.2014930510119,66.8425639631597,61.9546082366093,61.0300859511056,64.8070563601965,65.2922920135518,68.8315568967065,63.3875045722171,64.6314770653182,71.4644948773004,68.3573617637241,75.0102916683033,69.4817511910914,71.9651671831107,72.640685797184,60.2722608164558,63.5965216810171,57.4219427450318,73.7307947417735,74.4626311889476,69.3453886500759,66.9588245265446,65.818947416105,62.6394311742582,64.5720378454399
0.464477604339855,0.777832779090205,0.836669943454889,0.574739645936624,0.726331672479949,0.729137662765705,0.495542025313867,0.496867003991176,0.504934406385017,1.48878373352642,0.636620206985301,0.553163191048037,1.05943467480896,0.72828493611447,0.671824391128683,0.731079638683496,0.833906731594452,0.764238619211104,0.973296288498059,0.883193172656068,0.983343517080447,0.704513731043753,0.456256444383895,1.09849217434108,0.788486758510462,1.51618851221066,1.98953675590697,1.40256790379292,1.44224865055183,2.85312075180711,1.43673929486973,1.39267572913488,1.29213236692635,2.05649509374208,1.70573700877628,1.84587750417315,1.14779474765622,1.11624160728784,1.55396453931178,1.06392464301732,0.737460179404101,1.1427445993003,1.34243826255596,1.70191047832845,0.949788881851578,2.11141968830271,1.32851060443129,1.13239095628364,0.737490742634214,1.02212640821042,1.92557416521684,0.650049055434199,0.802272076548755,1.27072044769133,1.23254816478067,2.74028948599724,4.25251035904379,3.13774862346854,3.10011854142457,2.40866995139987,3.02518894646261,2.72835459940565,1.02560038747773,1.78308827640414,1.51095972252048,4.67002955793173,1.40363459957229,1.00097017582103,1.13808694808926,3.0585625187524,1.37064815512346,2.15472694689803,0.801298683314395,1.47986391997394,1.77659984350164,0.713851780128417,1.27211291733258,0.9291412974635,1.20933427706013,0.482987699215508,0.964071421428293,0.908120001140796,1.12997706484872,0.677945014699313,0.92273342644651,1.30014117948956,1.05207383835867,0.929983673979786,1.26380467388835,0.942590619585281,0.547529998689428
21.6518021715348,21.574624977923,31.7934578512858,33.6053651800591,28.2865834671358,26.0832427543914,26.6973266137846,28.4569284104037,26.5811898218398,31.5557421780057,43.1840707071695,42.1018650964339,39.0965570316595,42.13648558948,39.6096463936286,41.3425535675517,41.6228229508883,47.764913700694,44.4587840353221,38.9664827775857,46.4205956856252,51.3069782390559,49.19965325273,44.1154457215379,42.8246870715994,38.4878622330399,38.795966740186,41.6814410383587,33.0868808067772,27.6302220175004,28.555193485536,37.2374962813922,34.8875739070114,38.8793978099917,44.1411455197958,53.7090809278768,44.4161785683936,45.7286978452251,45.9973503636286,51.2248423711573,48.3212003266687,52.6297373788862,63.1691782436054,48.1335194255455,46.0441131854134,44.5957431135451,57.432535360799,47.5604201639129,77.630604487812,47.1200274185004,48.8226223825946,57.8977025373393,51.1543957380373,55.298248447809,50.3722973659048,56.2901131915266,20.9275055245064,26.6316414416892,26.4702429306252,27.248078825211,18.4141935871637,29.0137220814845,39.9984151116314,22.1816181584675,37.8171633407982,11.775145956785,32.3974040009389,32.6612861073454,31.7953041122438,49.3604935718657,44.8096512251901,51.1036183443553,48.1580508671951,48.1366847302635,42.6383962440393,38.8652635847694,32.0647285339417,35.4503141186074,27.2649909737194,28.2145314291726,27.03591594875,35.1812415256768,28.2847384044946,32.575257956302,31.7244539949705,26.0422218073515,36.1821915713786,31.134236041932,25.7310631603667,30.8055752491735,32.0487559232878
31.8174304782098,30.9004306135414,36.6435971365397,31.616089840829,39.3857384578211,33.4346075261214,37.8950278170488,32.8347784128424,32.5441044938137,33.2060265817559,28.5991017651363,31.0097138643851,29.3805158042987,32.6940979915807,30.9568281627208,33.8413109348397,33.2565630241309,33.5031292967588,34.1689566309937,31.2403089031904,32.6442920952996,31.6489009707103,31.9041120872475,34.8608688511492,36.3778222123283,37.3083453237971,42.0195689338542,36.4459067964569,36.0205842383114,48.0885994504584,42.4424760531977,37.0229579012136,37.1112920288024,41.8717921803576,40.4030852700751,33.8450572055489,34.8004411157561,38.8466962557598,39.1303810644099,36.7570318211851,37.1423575214445,38.9913980152925,31.4727192665897,32.6160233489093,33.1232678270421,35.8039194962822,33.6249440419008,27.9143081423581,30.2829225046506,29.284603012834,36.8995913821633,36.720404409404,30.2804224092052,31.6444445832319,32.5535431605388,36.2294814730981,40.3656015117453,40.3800792539946,35.3826862861258,36.2467192217689,38.6498139800064,40.9046899685039,41.9895450067488,37.1788170336474,33.901187442803,37.1507522804266,39.4694462185677,35.1855845988881,42.1831927309285,48.996759906174,35.3841607451244,38.5627009611546,37.1698420229048,35.4238315110651,47.0229221336742,28.7261888010121,32.172483981057,36.0438924628716,30.8413222494254,38.1604556252679,32.2670513137174,34.2721125023125,31.5757966058665,29.2492597141872,35.2888414022724,33.5412785377771,36.3116423958375,38.4936416289346,34.4356442322401,38.4649809338672,34.6195917771343
0.32156141838913,0.598112468553047,0.396508799289491,0.473315002536043,0.403517595822194,0.205815676626138,0.774284414552917,0.262436117562612,0.155086996246826,0.348569582827816,0.813459153370106,1.38290797762009,1.04815682181905,0.971046581485959,0.923758537801939,0.7109749486197,0.580109030674402,0.816097668371857,0.556169307713177,0.635899084312369,1.01725191422115,1.3750270168067,1.06459837022909,0.703034991578294,2.08801149738052,2.06046131146578,2.25370302516351,1.99632164973192,2.48999987609977,3.00328500190222,2.77111091498,2.87521220174489,2.79559089837903,2.540741485627,1.99696040051857,1.78514217984229,1.18953273848008,2.67600321320471,4.06206330576098,3.52096473036202,2.84835215006984,2.11566465398237,1.04076255299825,0.80862567085708,0.991084050627733,1.65074630176394,1.70287807988514,1.4825610827652,1.19861653329182,1.18294096310219,1.90507611765162,1.83140487217662,1.05250455756753,1.3820180317305,1.18259752862903,1.27309282370288,1.08245718230206,0.427910468525522,0.503438053735615,0.858088670186203,0.711577052189684,0.931633277845833,0.43954302320474,0.251772064628265,0.0431702777862993,1.44904345711824,0.319421711578344,0.593167511597646,0.355652171277895,0.61171250375048,1.39173504981767,1.6221434939855,2.33378241515317,2.20047543433903,1.17684424116091,0.356925890064208,0.261905600627295,0.428834444983154,0.293171945953972,0.599709726525922,0.502993785093023,0.302706667046932,0.126769301962716,0.338972507349657,0.211789291212961,0.0393982175602898,0.457423407982031,0.444774800599028,0.231529016256345,0.109683272097196,0.520153498754956
35.5010951710898,32.2493564067531,36.5348300438906,33.0029027982596,35.8133971820072,35.3512453005642,35.0558817257662,37.4104718223247,34.6002695301001,29.3847071161589,31.4865280817074,32.8102600512465,28.6043944667209,28.4377927435174,36.8187759021482,33.0217706598755,29.4329193756983,25.6145490923162,24.8465162162689,23.8815433886201,24.2953665513152,35.5938715542375,34.1812119584268,33.5997998350056,34.8309097529756,29.2410561399808,28.2370530573086,26.8447900458006,38.0308243427129,33.8057268026619,34.4601919874506,38.874221852585,37.925335419966,29.7912415674206,27.3787431245263,25.2426725917459,27.730373286784,38.4515467267799,37.6552802254681,37.8275277634681,35.5757813974818,34.8241893765107,29.8692513418701,34.4567049893169,37.0830615609877,35.0623633087844,34.7722321741379,33.4055332103674,34.3150561017475,38.2302533374916,32.9229701545122,37.6036043927206,36.4518048494759,30.428058389166,35.9638093196188,35.7236697054744,24.5993549236153,30.8283802255784,28.5412281032555,30.6714009936381,25.6004641645086,26.4996431359834,29.8618204248247,31.3602433700855,29.2362072252155,23.7924663035027,34.8579375179189,37.2972609401757,32.0752023710395,38.5849425442611,42.7280232706269,40.2283455463322,40.7392270077288,37.896848550666,38.1852568432071,27.4975705705466,27.8312115752305,36.6196027052614,36.6618847714091,34.2707946875857,37.4948333867842,29.9329806005653,31.5157665742964,30.055675309172,32.0759714907596,32.6217241399199,34.9197029653482,33.5461284833621,29.8060749508523,26.8951095287395,32.1140945031314
40.8025710889319,49.3719121885677,40.1601572858347,41.6517202231718,46.7676893557923,42.5219827876545,49.3064315187297,43.9049752617658,43.3882922057982,42.7216201794538,45.3061380637872,50.5837006925038,42.8558413616268,36.4836072758296,46.3558829878791,45.4365995441793,42.74678419782,41.1051200189972,44.2154599631976,40.2382809462105,33.4675879778759,46.8961096620863,49.1616318823647,51.8048909419255,43.563893407703,42.7254147415262,37.7459334523462,36.3229123802781,39.1103898767289,40.9197581509178,36.2178030581745,44.598782278248,44.2659539895413,50.4423324880132,45.5556591368298,37.0366389546999,40.346724463067,47.3286441490043,47.1239746546296,51.037090963566,46.3195226968576,47.4873866820349,37.8865909654682,44.598782278248,42.6579093457687,33.9746622572345,42.546403716274,39.895004459839,37.7284737810766,42.5204585815535,34.7224502695552,44.7233750138729,41.5653342516688,34.8352674453314,44.3068629760631,47.2699936334524,32.2675331486232,48.9488785261092,41.3084171459907,42.3775369574414,40.2481659833722,36.0009716653283,44.9066455374176,40.9397068262391,43.9041725086664,24.3508684092154,36.4565635186209,34.0329859779149,43.4606953301587,35.9969281053167,39.0107551842831,48.5423391433255,45.8743496197491,41.2717604348288,43.8023754518507,50.842110118035,52.0817994390279,62.824246190032,59.1840865894581,50.6734594426937,56.0418908891143,65.7209808233006,58.2997541895387,50.5408008458338,49.9154844020588,52.1632400498236,66.0519401126052,53.0090694168478,52.8775875554884,54.4131857669685,57.8921718614288
15.3056089343929,17.224902200116,16.3201566709392,17.6431548016757,18.1469933193157,16.8596513204052,16.6858291336154,16.8763136391985,17.1973445466074,15.6451751475363,20.9313650498911,24.1532561113447,20.8127650631824,18.7866301305985,22.5265517613744,22.0987097783054,21.3066795603824,19.0481016991088,19.1454332063915,20.1869697087652,16.5316999419793,24.189938420864,23.5234416313227,22.1820721749044,21.2694303108197,17.9932699770888,18.1705497215182,20.0577999226262,22.6492424845777,20.4914135679789,23.4667418162057,19.7869378058728,17.7101329478495,19.19873976288,21.1740207467484,18.4182848255109,18.9128749086529,19.6793395364846,20.5197132504772,21.3360699586743,18.6436956783637,19.0619322034952,13.2286103789369,13.7283081378807,13.3160401235591,12.2078447432775,11.9140149717909,13.5442669071187,16.1265936232756,17.5758042979809,17.9364127725166,13.3403067156206,15.4995144845998,10.7914838571525,16.0091788865999,13.0831696147081,18.913877437524,19.0990836524751,18.0829649553899,18.5113812858678,17.1225694369784,23.1517524068103,20.214583637186,17.8066327634823,16.8273425783216,18.9109511213047,20.329940051643,22.9837581556298,24.8198980769704,15.7633606735701,15.9887864536376,19.2413050835453,17.9258528444263,13.9785479440872,16.8158238290608,18.0227745266311,18.2847524323656,17.6490389453192,16.6312780290364,16.3777103906485,16.5069985422903,18.9675997571608,17.0555913225604,18.1980780295737,14.4684601266813,15.1167020957076,16.0967297268877,17.0959303128432,19.2603832300584,16.5334679178075,15.8053659621682
0.357290464876812,0.491262807846445,0.691162127201864,0.473315002536043,0.242110557493316,0.397711452417657,0.5574847784781,0.135509182906684,0.504934406385017,0.420743229040075,0.31831010349265,0.399506749090249,0.341753120906115,0.06936047010614,0.419890244455427,0.328985837407573,0.10877044325145,0.0545884728007931,0.278084653856588,0.247294088343699,0.20345038284423,0.275679286060599,0.114064111095974,0.39545718276279,0.197121689627615,0.194383142591111,0.221059639545219,0.215779677506603,0.424190779574066,0.0750821250475556,0.299320686431195,0.530543134908526,0.0833633785113772,0.349216147993938,0.249620050064821,0.0595444356184886,0.104344977059656,0.148832214305045,0.466189361793533,0.281627111386937,0.210702908401172,0.190457433216717,2.05094734557161,1.745549208542,1.03237921940389,1.79150761431745,2.4866993364996,1.35015844787665,1.63024269424405,2.1123945769682,2.98153419130349,1.99348376999821,1.5281372886643,1.57744607299614,0.97306434061632,1.48432347158184,1.21132113257611,0.666771582487064,0.900889148790047,0.940886699765573,1.42052350529549,0.598907107186607,0.586057364272987,0.0713235310561656,0.518043333435592,0.967363265571572,0.189680351293553,0.185364847374264,0.426782605533474,0.0941096159616123,1.26521368165243,1.3822776640478,1.24201295913731,0.575502635545422,1.34776539851848,0.158633728917426,0.0748301716077987,0.178681018742981,0.476404412175205,0.201244874673128,0.335329190062015,0.437242963512235,0.247182482935658,0.203383504409794,0.0439396869736433,0.472778610723477,0.274454044789218,0.283038509472109,0.454969682599804,0.257070168977804,0.292015999301028
50.5923298265565,45.746392666661,47.5697790589793,45.5400029690054,45.5974883279079,53.014273754853,46.0259433111519,56.3266503615452,47.2449090682803,44.1349937803907,45.8741447595752,45.0935560213521,47.9305334539617,46.5804109091804,44.2852642290546,47.4631523026099,47.8553693491964,48.1470330102995,43.9033099392435,46.4128610548836,49.4404775349764,46.8881455938223,48.2126184780462,43.2410459507624,45.633671148793,41.924944960336,43.1618946212041,47.4222593584219,43.9885838418307,32.3408745429841,43.5439761792645,44.3106310381008,42.3069145945239,38.6469750626046,44.8484023283128,46.4601413356819,47.9228654307784,44.9235155658348,45.7809608015294,40.2382558369403,51.5059747871524,41.3397381668546,54.3691225330337,46.0615525150062,45.3016260508182,49.0278049865369,49.8879577026082,46.0978936903743,52.1316679847228,47.767714852503,44.353426860422,51.2880037416844,55.015998666492,53.1945488376828,54.1367589449692,44.5879352990326,34.7932665739947,34.9964870532784,44.4880259064262,37.2135743944481,34.8070348382737,41.7238618006669,45.9322459248954,47.6469716867609,48.6101644901509,33.3276659401798,43.3996230973702,42.2631852013323,39.4464492729451,34.7739736458956,47.7340520710317,40.4137333742162,40.3946685739036,51.0824360776338,43.7441764914601,50.0933589175448,52.2688748680474,49.078672780172,47.5305017377877,46.0516696509507,49.0343491397933,39.2519735159757,48.8354900357652,48.8459383090855,53.0356415740573,59.7552765736915,49.7118611326711,49.1706628876782,49.3384289467315,38.089230036878,40.8826049221431
78.3537989474848,74.1376984891266,81.0114766988712,76.7446468397727,72.9156295650705,79.7080035887055,75.663072990111,87.9450080091619,75.7401609577525,65.8948626404303,65.3971644404578,58.1743289252186,67.2542801693562,57.2570680726185,65.1686455004601,67.7345285240259,66.8213089708076,57.1541310224304,59.5796370887741,58.6793543912692,60.7977560732842,65.9838371186043,65.0408770017388,63.7542888144078,57.7566550608913,56.4488646084586,57.3097115520981,60.3154547222373,64.4769984952581,61.7175067890907,61.7797896793986,68.3979525418665,59.438088878612,57.1938446825627,56.3309246312946,58.7108135198298,60.1027067863619,65.4117581870673,63.2852058634721,58.9539419836655,63.7383321343824,63.613100123439,69.3966001837956,63.5816299211422,68.3847994933136,65.6459575817752,71.6056996476126,71.9939327206484,66.6070586505427,82.2471049806651,63.1712556782426,65.8716376173322,69.6448569308753,72.080521946629,66.8183821414414,60.7996020769208,40.5604438045597,54.3614949015924,52.7285119438881,52.8778325268252,46.6668277480407,52.437644495894,61.5360232486637,60.9102955219654,67.5614847355585,40.2293024797232,60.7356484841957,53.603435833995,53.9172248179001,51.4779599310019,71.0217156748242,63.2188755174801,67.8299335425635,68.6903502854571,62.9161392853856,37.8341443468061,39.9593116385645,45.7066045944545,46.7975718729028,54.0141243622676,51.4709348670814,48.5003348757418,46.4349950086272,48.9476300612904,47.806379427324,48.8526078282325,55.3024900250275,53.2921079263199,53.4336616119992,47.9435865143604,44.1674198942805
18.7220203595449,22.575163563237,20.6799346154204,19.5009161866296,22.9181853723173,20.1165766894955,20.3166036103369,20.3697403745328,22.2827553537708,26.1485443875652,25.4927488329408,24.6464932900292,26.3741135996876,36.8567666050007,19.0630170982764,23.575490648446,19.4293017098624,40.9293451365787,35.4905539484471,36.8100783272287,43.3335752099354,22.5049253623981,19.3483149515064,23.288034096031,22.6187282763207,19.7882039157751,20.3374868381602,32.2734470990709,19.5551949383645,15.0164250095111,17.1810074011506,14.9517003101002,17.3662590114901,26.4612715873273,31.4521263081674,32.3903866433893,30.6231638674679,22.6143108025801,22.4493487171676,23.059940799375,25.000953596341,22.523496052209,8.31565923749942,9.26232048782597,11.1269832267351,9.08294360458948,11.6500160696283,10.5399465931016,11.9919876282548,9.74427175827267,13.8517109304308,9.444346043385,10.0475026729677,12.2186343737492,11.0604980050055,9.58930052006159,12.8348494472958,15.604416123087,15.3416122691011,12.08098522499,7.44459540738191,15.8377657233792,21.0980651138275,23.5011034830066,24.0877198964214,8.97312822202596,25.8701237522251,21.1664411919725,23.4164946091079,18.6337039603992,16.5532123349526,17.1971603497711,23.1403040260947,17.6506658321781,19.663284543749,26.8487586192743,27.9116540097089,29.553840500089,24.6326733639852,20.325732341986,22.7604687754593,24.1065499413942,21.1199775776881,25.6476768235971,28.6926155937891,30.5336186092246,24.5476271893557,26.8077902542869,25.7310631603667,26.1354671794101,23.1386177446152
19.1507689173971,17.2351368419461,17.0244145016038,16.2279429440929,16.9880907841144,21.1781348412403,19.7597382593904,19.9198498872826,18.3219056031135,16.9915534804646,16.7289643280026,18.684623342067,16.8142535485809,14.8084603676609,21.5263731990816,19.9950281179936,18.4547185383294,17.9050190786601,15.7813041063614,16.4980484652153,15.3265955075987,21.7174015352183,20.6456041083712,20.5637735036651,22.6689943071758,18.0387556324551,21.1111955765684,17.8018233942947,22.8638830190422,24.9272655157884,24.8436169737892,21.0559306666821,19.1318953683611,16.4131589557151,19.7615872967983,18.4587750417315,17.7386461001415,18.3435704130968,19.6965005357768,20.058108711003,20.7893536289156,17.6490554780825,20.6959232144044,20.5102032003685,18.7480066243746,19.0027771947244,20.2683028111954,20.8185721962915,22.6293212081972,27.4270586203129,26.2126547652098,20.0215109073733,23.1130764910475,18.4911734112325,22.3156088781343,22.6073882594772,20.1543218228621,17.0615081401102,19.8460580130513,21.0382266067582,20.7554267718174,19.8304797712899,18.7538356567356,18.5441180746031,19.038092503758,20.3813432849735,17.6023366000417,19.0925792795492,17.3558259583613,15.1987029778004,25.6908667024423,27.198345801411,24.1190903677633,23.2667494084792,22.7282255841072,12.0958218299537,14.1429024338739,18.6900345605158,14.8051832706756,15.9385940741118,19.0718476847771,16.4806963169996,16.9496559727308,16.745241863073,14.9394935710387,14.4591458446263,16.0098192793711,17.952728315088,16.1766998257708,16.2811107019276,14.2357799659251
2.10694187137856,1.82790703086198,1.60058597878327,1.62279429440929,1.93688445994653,1.40955567261025,1.79633984176277,1.03890373561791,1.26233601596254,1.32016279327267,0.106103367830883,0.184387730349346,0.341753120906115,0.31212211547763,0.335912195564342,0.152064564846167,0.398824958588651,0.327530836804759,0.59092988944525,0.126119985055286,0.915526722799037,0.061262063569022,0.266149592557272,0.79091436552558,1.2812909825795,1.049668969992,2.04480166579328,0.791192150857543,2.12095389787033,5.63115937856667,4.90885925747159,0.530543134908526,1.33381405618204,1.47446818041885,0.582446783484582,0.65320245873482,0.486943226278395,0.335988723793639,0.34964202134515,0.281001273361633,0.105351454200586,0.126971622144478,1.97636744209627,1.52997388128706,3.05666839281103,6.32978029587234,1.12412435759571,2.13412141761148,0.19407651121953,0.39692575518838,4.53441658260739,0.657416278062453,1.29242211188783,1.70889991241248,1.23254816478067,3.02573630745529,0.618546961315461,2.27486775201469,0.682820981303515,1.09142857172807,0.447201844259691,3.92616881377887,3.36982984456968,2.56764711802196,1.16559750023008,0.500360309778399,0.872529615950345,2.48463041420464,2.30996085244993,4.65842599009981,2.21412394289174,2.68324487726925,1.20274932365491,3.57633780660369,6.24873048404024,1.50424433445949,2.05558481406623,0.911987919664174,1.79567816896808,3.9025406096613,2.59880122298062,1.1771925940714,0.953418148466109,0.813534017639176,2.50456215749767,1.10315009168811,1.64672426873531,4.28156396685737,3.63975746079843,5.65554371751169,2.70114799353451
44.0181852728232,44.5002226774238,42.6701671161993,43.1054734452468,39.6254279097395,44.3448269445688,43.3599272149633,45.5762551842815,43.2800919758586,38.8054716630039,35.2263181198533,32.9439411557498,31.2704105629095,34.3334327025393,35.354758583147,34.0683111626509,32.5586193466008,33.4627338268862,30.6240725059568,32.9607692035244,35.6038169977403,37.0022863956893,36.4244728099809,32.7790064823379,41.0505918649509,44.1249733681822,47.6936172318811,42.5805230279696,43.606812140214,53.383390908812,53.5185387338976,44.2008749270666,44.4326807465641,38.8793978099917,42.3105984859871,44.360604535774,39.1641480563909,46.3984428095978,43.7441017816265,40.5855959409841,42.2108159830347,44.7574968059286,33.1880570465223,39.1003022713407,39.1891151685716,43.5720244767923,44.999038678301,38.5448460119624,39.7856848000037,37.341684779954,42.9837845912919,44.2466723732211,40.1518072596544,43.2483131679774,40.901137783906,42.8741125829985,38.2468204413393,44.1245900175263,45.8128628899409,38.9903448382854,38.3015226613006,51.173285047389,52.8916771256371,48.5713246492488,44.6380672310335,35.9258702420891,38.5051113125913,37.5549180780259,34.9961736537448,35.9028184893551,28.0807147677858,32.1582833018178,31.17051878093,32.8858648883098,34.5518038529284,38.7066298558519,37.3402556322915,38.7023086597296,39.4316267308092,42.2211747064223,37.1377077993682,40.2936207913583,38.8782733874513,36.9480033011126,41.4351248161457,35.5765904569416,33.9408168722667,41.4044905284913,38.5713186470723,38.9889756283003,37.5970599100074
19.2222270103725,18.2586010249595,15.8967289256429,13.3204364999429,17.5530154182654,19.3221480632912,17.4988277688959,17.1644965015134,18.3219056031135,18.0919588487232,8.98341847634813,11.3705767048763,9.36403551282755,9.50238440454117,14.9760853855769,15.7547662136293,15.4454029417059,8.40662481132214,10.9495832456032,10.8456121602165,10.5116031136186,14.1821677162286,14.8663558128419,13.5299084129243,11.77802095525,10.6910728425111,9.78188904987596,10.4653143590702,13.7437812581998,14.7911786343684,13.8884798504074,14.0593930750759,13.6715940758659,11.4077275011353,9.90159531923789,10.1820984907616,9.66930120752813,15.0941910942819,15.2677015987382,14.1752312731425,15.3461951618853,13.6811922860675,4.88498367763419,10.8660438231739,6.07038981009487,4.60673386538773,6.13158740506751,3.74560085539973,4.77428217600044,5.48541172406259,4.6586471739117,10.4007848869472,5.157463349242,8.63213545500664,7.39528898868403,6.27983007207701,38.8359864219923,21.768131075313,23.1581504718383,30.2965517324515,33.5069927710199,22.3591986683,17.1421779049849,19.6852945715017,15.6708108364267,57.7082223944421,18.0196333728876,20.6125710280182,19.8098259401787,19.4336356960729,8.50504752666353,10.1638063532926,5.64915571736648,11.7155893664604,6.67756492902339,4.83832873198149,5.3503572699576,5.36043056228942,4.58081165553081,8.69377858587914,8.38322975155037,5.65052445154273,7.55672162117583,6.20319688449872,5.00912431499534,4.25500749651129,7.09006282372148,6.87379237289407,7.1784105476858,5.35562852037092,5.40229598706902
34.5142589071,30.6629869230823,43.6246983908192,43.7992180061067,48.6642220561566,35.5951749913803,34.5810905227624,33.1545800845021,36.466723496559,31.9133739226897,78.436207313195,78.0568578887885,64.3175956014099,64.5510151089802,71.1758752644691,64.8727172783994,61.3827868082351,60.3683003009411,64.9577942943605,62.8402540662864,59.5994333183317,66.8675423855875,62.3786206487588,71.5865380174597,38.0444860981298,43.6386267454192,43.9140500447567,44.1348559716088,38.2645534622582,47.0764924048173,37.9454820602554,47.7488821417674,42.2027103713847,46.8407499483691,47.5280735657587,31.1310218300582,30.6283811163208,47.7490951544161,37.5499991279298,38.7662848014245,36.2409002450015,47.7479959364864,73.76698252745,60.1830456121109,101.373858021833,76.7065976277415,66.8026228469764,73.5919105739579,68.93325971402,73.7655000453351,76.86643606363,69.7576308707178,72.9765782544856,58.3527974963802,84.9530579027276,78.6531589718358,16.3757730729263,44.5819168793969,38.3010371934122,37.9038088773961,30.4768056862979,51.2797574219999,50.2544189864087,47.5727952144625,47.1946110815382,15.231968550274,39.1211930935928,43.7123675781043,43.5111979384802,27.3713112543551,71.0470199484572,81.0303363232442,77.0749171013033,54.9814664334541,76.6198502851401,74.5229531708283,66.7646015610521,93.2207463745129,82.9071939911211,79.2804183774789,71.2155367394204,79.428211388668,78.0404535124459,76.6043969359489,74.6008005438517,74.1182907674707,82.5978596261312,82.7952334722369,74.0589538898571,82.226892699522,87.230654291204
1.35770376653188,1.39191128889826,1.78247074909955,0.946630005072086,2.01758797911097,1.02742125207895,1.05302680379197,1.49060101197353,1.00986881277003,1.26222968712023,1.06103367830883,1.19852024727075,1.94799278916485,2.0808141031842,0.839780488910854,1.16205108568742,2.10289523619471,1.20094640161745,2.08563490392441,2.72023497178069,4.34027483401025,1.58975054961612,1.17866248132506,2.59244153144496,2.41474069793829,2.76024062479377,3.92380860192764,2.62531940966367,2.79965914518884,4.88033812809111,3.5319840998881,1.39267572913488,2.00072108427305,2.56091841862221,1.91375371716363,1.42906645484373,2.08689954119312,1.52553019662671,1.90360656065693,1.34555175440425,0.983280239205467,1.11100169376418,1.86449758688328,3.01107238473494,4.58376373415327,5.37452284295235,1.83947622152025,2.09056791929287,0.815121347122026,1.12433904903146,3.29211066956427,1.56011773304208,1.26071326314804,3.63688955718554,1.84882224717101,3.93916613612103,1.54636740328865,1.7257617429077,1.03337284714152,1.69359605957803,1.28899355110146,3.72653311138333,3.00354399189906,5.33713982893287,2.28802472267387,1.40100886737952,1.82093137241811,1.99230137957859,3.02304345586211,2.82328847884837,2.38984806534347,2.8865210043351,2.35902332367758,2.54865452884401,3.73698587771034,1.15009453465134,1.79592411858717,0.750460278720519,1.64909219599109,2.33444054620829,1.17365216521705,0.605413334093864,0.953418148466109,1.1864037757238,2.46062247052403,1.18194652680869,1.18930086075328,2.54734658524898,3.18478777819863,2.14225140814837,1.82509999563143
1.92936851033478,2.8656997124376,6.32959000700655,3.4822460900866,4.23693475613304,2.02169988312309,2.19896773733028,3.02637175158262,3.71487456126119,3.78668906136068,1.87449283167894,2.64289080167396,1.43536310780568,1.56061057738815,0.895765854838244,0.657971674815147,1.0151908036802,1.96518502082855,1.91183199526405,1.51909225696844,2.30577100556794,2.32795841562283,1.40679070351701,1.36213029618294,1.37985182739331,0.660902684809777,1.1052981977261,0.86311871002641,1.39982957259442,0.375410625237778,1.31701102029726,0.828973648294572,1.00036054213653,3.68617045104712,4.49316090116678,1.36952201922524,1.98255456413346,1.86040267881306,1.59281365279457,1.56459506326076,1.58027181300879,1.65063108787822,0.223739710425993,0.261832381281299,0.289066181433089,0.191947244391156,0.340643744725973,0.261320989911609,0.116445906731718,0.851772006842017,0.62115295652156,0.346692829564906,0.267424025516252,0.0876358929442298,0.518967648328704,1.31305537870701,0.798956491699137,0.392218577933567,0.582928272746501,0.790344827803082,0.631343780131328,0.465816638922917,0.0732571705341234,0.0713235310561656,0.345362222290395,1.0007206195568,1.40363459957229,1.11218908424559,1.13808694808926,6.54061830933206,1.19492403267173,3.61831506177217,2.6442856549375,1.10989793998046,2.20543428848479,0.356925890064208,0.261905600627295,0.250153426240173,0.293171945953972,0.120746924803877,0.335329190062015,0.369974815279584,0.317806049488703,0.169486253674828,0.219698434868217,0.433380393163187,0.0457423407982031,0.363906655035568,0.353865308688737,0.299915197140771,0.146007999650514
0.650268646075797,0.489625265153624,0.381594248123556,0.773193864857093,0.701313581538973,0.604521407674839,0.725349639553172,0.361357821084492,0.676972771989054,0.807179702481499,0.57331186417954,0.347570871708517,0.205051872543669,0.236172400711407,0.511146390917073,0.293894014750765,0.285341129462971,0.218353891203173,0.66149387036136,0.138484689472471,0.454711605656855,0.344905417893594,0.683244025464883,0.432805916690387,0.447959039678756,0.220041717413137,0.475278225022222,0.388763052307729,0.420797253337474,0.300328500190222,0.499266904967233,0.595203079475503,0.373884752623527,0.214961939987379,0.512137136049657,0.362625612916596,0.306078599374991,0.219527516099942,0.340318234109279,0.228743798248723,0.434047991306413,0.204741740707971,0.358356436198966,0.473043835514881,0.173026757172092,0.556647008734351,0.136257497890389,0.379786505338206,0.697510981322991,0.238496161915765,0.186345886956468,0.326324625827968,0.0680021093455611,0.205067989489498,0.351600581742697,0.123883920512792,7.71817743771421,2.27486775201469,3.27658682762874,4.01946798139853,7.36751885422421,2.31976686183612,1.00215809290681,1.7131912159691,1.02788431409179,10.1739929654941,0.554245986479763,0.536445868301121,0.617056517167147,0.780168716321766,1.54356069161596,1.41276908310767,1.24161230979565,1.03796011053728,0.918930953535329,0.463607072761177,0.336735772235094,0.318052213362506,0.366464932442465,0.362240774411631,0.273293289900542,0.29833423741181,0.318865402986999,0.453206242326491,0.26363812184186,0.44598782278248,0.191660407944471,0.548690367648074,0.397845711340051,0.267352975736916,0.343483819177834
31.155728537258,27.592594374042,33.4667977381955,30.6640505214422,22.6373371256251,26.6135246909482,30.0422352846532,29.1344743249372,24.0204510466015,25.2122288786322,4.63318039528191,5.00920000782389,4.92124494104805,4.26566891152761,4.28288049344536,5.70242118173127,6.45371296625272,6.11390895368883,7.40400390893167,4.02736086731167,5.22189315966858,6.52440977010084,6.23550473991323,4.13033057552247,6.3571744904906,6.41464370550666,5.96861026772092,5.4304552172495,3.73287886025178,4.35476325275822,4.3102178846092,3.97907351181395,5.54366467100659,1.78488253419124,1.45611695871146,7.8598655016405,5.14768553494303,6.36257716154068,8.19716294486962,7.35359679732558,7.4097189454412,5.20583650792361,21.180692586994,26.1395993979164,18.0046935864038,27.3204911183411,37.8795844135282,42.2468933690435,31.4792101198078,31.2089263306915,31.8030313739039,29.2088708908433,26.3221647972425,22.128062968418,29.2568011745307,13.2447325156533,6.62360704408639,13.413875365328,16.5074688145941,13.172413796718,13.7054212270176,11.5123255048092,18.387549804065,15.9051474255249,15.5413000030678,6.83825756697146,3.26250204224912,8.04483437604307,7.39756516258021,6.02301542154319,1.40579297961381,2.11407172148486,1.40227269580019,1.72650790663626,2.32795841562283,5.4728636476512,5.16328184093811,8.50521649216588,8.02558202048998,5.7958523905861,4.48502791707945,7.80310519498758,6.95642130547494,6.57606664258334,5.05306400196898,5.47635224088028,6.67838175653765,5.66077018944218,4.24638370426484,5.65554371751169,6.05933198549634
13.5770376653188,10.8077817726218,8.54858420486517,10.7848204149284,7.82824135895057,10.2410698997547,10.9638673100693,14.9963495750064,12.22662598318,10.842229363725,10.7518079401962,10.0184000156478,12.0297098558952,9.84918675507187,10.189336598785,11.7338282008701,16.2067960444661,11.1906369241626,9.90676579364096,13.6011748589034,13.0886412963122,8.45416477252503,9.46732122096582,10.5015851867008,6.45573533530441,9.05825444474577,8.73185576203617,6.68917000270468,9.03526360492762,6.081652128852,8.14152267092849,5.67017975433487,8.66979136518323,7.1007283425434,7.65501486865451,10.6584539757095,11.5822924536218,6.47420132226946,8.77989964711154,9.01206756438198,9.13045936405077,7.01518212348242,8.65126880313841,11.3024311253094,7.02017869194644,3.77496247302606,6.71068177110167,10.5399465931016,9.35448784078135,11.9588789760619,8.3234496173889,9.23069658716562,10.314926698484,6.96705348906627,8.27104689523872,8.1066897294085,7.3710179556759,6.55005025149057,8.2669827771322,7.00019704625587,5.8925419478924,8.85051613953541,7.25245988287822,6.98970604350423,8.84990694619137,6.00432371734079,12.9361999582203,10.343358483484,11.1319129609981,5.78774138163916,8.57533717564422,8.74087346383165,6.81103880817236,8.42700287762939,7.10639937400655,13.6028422546693,12.9830347739531,9.54156640087517,11.0672409597624,8.85477448561765,8.46706204906588,13.5881659429956,17.6912034215378,18.2028236446766,11.9955345438046,11.5436777451649,9.05698347804421,9.94678190430554,12.3852858041058,9.68297636483062,13.4692379677599
6.18112504236884,6.30453936736271,7.56640644515725,9.0944096915854,4.84221114986633,5.86624392316045,5.97747568034852,5.82689486498743,6.85268122951094,6.34351329937345,4.4563414488971,3.99506749090249,2.83655090352075,4.09226773626226,4.81474146975556,4.42303181403515,4.45958817330946,2.89318905844204,4.2060303895809,3.3914617829993,4.0011908626032,5.54421675299649,5.58914144370271,3.73487339275968,2.80898407719352,2.95462376738489,2.81851040420155,3.12880532384574,5.0902893548888,2.85312075180711,4.6095385710404,5.13963661942635,5.04348439993832,2.98773815505924,3.70269740929484,3.39403283025385,3.13034931178968,6.84628185803208,5.63312145500519,5.97675314165611,4.70569828762617,7.68178313974093,4.88498367763419,3.62201460772464,3.51008934597322,3.3270855694467,3.95146743882129,3.65849385876253,3.76508431765888,3.33894626682071,3.29211066956427,4.55034338803939,3.24729173841163,3.46161777129708,2.17317702737645,5.19513215053643,17.0615870162848,6.74615954045736,10.5457023887776,11.5164532051306,15.7046765307668,6.85415911558006,3.22331550350143,4.70735304970693,3.53996277847655,30.1550480026449,5.38692197673691,5.93167511597646,5.22808691778505,4.37609714221497,5.37715814702281,5.61042110701752,4.48727262656061,5.59059703101267,3.6144617505723,3.05369928166045,2.54422583466515,2.03696361366998,2.08885011492205,3.70290569398556,3.89820183447092,3.69974815279584,3.17806049488703,2.98295806467698,2.54850184447131,3.66403423310695,3.75087194545265,2.83038509472109,3.33644433906523,2.57070168977804,2.59164199379663
110.509940786398,104.598039503972,111.349856387627,97.9423973104941,94.7862832586334,113.248336075928,99.5729757115051,120.015966327687,124.682731633786,103.697023526492,102.212911010418,108.573641887373,111.274816167031,93.3245125278113,109.563361119903,111.19721304376,107.682738818936,101.316205518272,86.6233696763273,93.4065099401057,91.281405102778,116.918648321478,114.292239318166,98.4688385079347,117.484527018059,98.8243896933208,105.942832252046,103.969841278598,129.420606848048,135.973728461123,155.946077630652,112.044078303494,107.12194138712,94.4435671352494,107.003794794453,103.428684669315,108.449212824003,106.340617120955,110.292633177653,103.231982273945,113.849804839433,99.3235514225181,99.116691718715,107.307637595119,103.692168796927,104.291336119195,104.782015877709,102.699149035262,126.033286385963,126.675532857545,152.430935530391,118.135581674242,123.588103220725,85.6640853529847,118.454365731027,104.587715382228,95.0500497221424,96.9172106073845,82.1663897175864,105.040591161829,76.2347614508579,129.297389918175,142.704968200472,156.412503606171,107.623502521244,72.418815501927,112.290767965784,103.952606407487,99.9026949119606,128.506680595582,111.198224687452,108.020933922794,109.938179350735,113.250697209117,121.421409993802,127.58117648184,143.187533371523,124.612142471355,109.389782334076,121.431157377766,115.269409083818,75.2394237982208,84.0773559814002,98.6071023880151,109.585579312267,97.4711902441568,101.31928486802,123.88999900322,143.871524075449,123.607906250161,100.96453175833
0.0714580929753623,0.0409385673205371,0.400146494695816,0.236657501268022,0.0403517595822194,1.1029864280383,0.0619427531642333,0.180678910542246,0.303681978697274,1.64510602554669,0.0725039680177703,0.173324466528385,0.068350624181223,0.03468023505307,0.165156829485801,0.318385182646663,0.0725136288343002,0.0545884728007931,0.161984310871463,0.226450729469016,0.169541985703525,0.350112693296961,0.0581726966589466,0.13181906092093,0.394243379255231,0.349889656664,0.386854369204134,0.431559355013205,0.466609857531473,0.362646663979693,1.42835831564966,0.790509271013704,0.333453514045509,0.232810765329292,0.374430075097231,0.999155629678239,0.724849773974411,0.74192858831065,1.01007695055266,0.469378518978228,0.280937211201562,0.476143583041793,0.298319613901324,0.392748571921949,0.206475843880778,2.28289255995881,0.613158740506751,0.479088481504617,0.116445906731718,0.442921443557849,1.11807532173881,0.736722262825426,0.114992330971988,0.0438179464721149,0.16217739010272,0.171268092874827,20.7720956004759,3.95003329836896,7.87536096480523,11.6643605943338,17.3288084051546,4.26288769848601,0.186073213156673,1.46712503382533,0.64755416679449,32.3312817766411,1.84938342511214,0.536816597995869,0.261404345889253,1.36458943144338,0.738041314297248,1.59246517943389,0.0801298683314395,2.6748540353529,0.061262063569022,0.079316864458713,0.187075429019497,0.107208611245788,0.219878959465479,0.10424484508068,0.0838322975155038,0.0672681482326516,0.105935349829568,0.0677945014699313,0.13181906092093,0.0787964351205795,0.303729142900068,0.121302218345189,0.0505521869555338,0.0428450281629673,0.0365019999126285
11.7616448132798,12.1501573950622,15.404548737167,13.1115017345377,11.7294494753595,13.6743140127501,12.834848169395,14.2849263647463,14.3531211689272,11.0736381396971,12.6082631993439,13.8100263773982,14.5843144346685,9.81381291531774,10.3598120380339,10.1451921460109,10.538768246633,8.66974125022197,8.19376432588438,7.5106747402672,6.95868126121549,11.5469800518071,15.0629262976306,8.51946590731971,11.9756354491017,11.9806106104605,9.88689237865993,12.9410265256626,12.8317710821155,9.56696437355953,13.5131317096227,21.4995973632494,14.6427774355234,11.9843221632675,11.2287419187492,11.7135813748691,11.96384725307,13.4391768712098,14.5858996571152,15.2009797966162,15.3848240284255,15.7552737337976,14.8104501316486,10.9013911946469,13.7071053718693,14.1253977147451,22.6156788561021,16.2872662312242,13.1917686206139,14.1366896431556,13.4858518390396,14.2737771592241,13.9327917293967,10.6210320453759,15.2310517688871,14.2871843076181,10.8521487083792,12.6725822530336,13.9961078286435,15.2871507431111,14.585619680484,9.91856714735153,14.7356798529389,12.1927576340515,12.4442642746786,17.3414876162998,12.4870368863572,12.1921874711949,8.04556341864853,8.10707286701309,11.9914141161058,10.8785252160562,12.920540619103,11.2757409235792,6.90423456422878,10.7807482172283,9.30064202913329,12.1363721550607,12.7020410233883,11.3554432983059,10.855025043795,10.2422482499035,10.390139111284,10.8644078330638,12.946828766784,11.9636627443576,11.175311280409,9.81658418994837,8.75361669322024,9.30893926896791,9.49453519727381
46.9836961313007,37.499727665612,53.4741224729864,56.4259099451897,49.8747748436232,43.7814023869771,40.4486178162444,45.7569340948238,46.0572312109761,36.5075663351696,46.0488616386034,40.7496884072054,44.598782278248,38.5297411439607,51.3385805554169,42.5853889533137,44.4145976610089,42.2514779478139,37.9585552514243,33.4200296533056,34.3492063035342,49.3772232366317,44.4469819570644,37.9199498582542,51.8922847944698,45.1357657096559,39.4038807489354,45.9610713089064,43.9885838418307,41.0699224010129,45.3171519256829,48.2794252766759,43.640728650706,42.6431718494819,45.0980223783776,43.7651601795892,40.1728161679676,56.6678655966459,53.3398328118767,43.2766994497927,42.2459331344349,49.4554468252743,44.8971018921493,34.3436806780638,29.6912263500558,34.550503990408,43.3639487036164,34.9299056515185,48.8296502228338,39.045228793638,42.0520551565096,49.1437085908254,46.8374078975607,44.606669508613,43.885201761796,43.673363683081,26.0047451653042,37.8098709127959,46.8727324767528,43.4689655291695,35.7498415499365,41.5907713324033,43.3682449562011,43.1507362889802,45.3719619534006,27.0194567280336,49.8859323902045,53.9040976164361,52.6009561320006,47.1489175967678,58.2349741805019,47.4446480571699,44.9528561339375,44.8892055725429,45.4564511682143,47.1142174884755,45.721234852365,64.0392771174843,55.5560837582777,68.383008413929,56.3772200791763,51.8973763614907,44.4928469284184,51.7272046215576,55.6276437086325,63.1553427491445,57.0864413161574,59.721125498615,49.8444563381563,45.2443497400935,51.2123058774178
281.544886322927,262.661847928566,252.882035331078,276.585002553384,256.832493459293,297.786449997721,277.021000128616,274.225416475494,262.782291780088,294.349373847335,275.050345716428,280.197131603285,277.571884799947,280.667142284495,265.510597910648,248.311199278849,252.546115686371,274.580018187989,275.894737207468,262.590994094102,284.541636438284,260.945759772249,252.766070188678,277.724306691871,279.651120228233,294.218324625905,370.267159150858,279.471005283431,305.841552072902,434.950750400489,380.521599528995,254.362274242707,296.481855675713,257.56631004264,269.880877461749,291.231834610028,261.865545695274,240.698898584834,231.229923449592,226.952649820302,216.450181399328,233.128151412701,214.655505283181,222.364640901561,216.918566160892,282.88097177317,222.285713045955,218.547099212911,200.438339257306,212.265331901861,304.887338331999,209.629119494531,222.280557803175,229.067955131205,199.320877757946,282.329171274081,518.079471123797,335.542993422167,390.911434736407,390.204532126779,455.434567152603,436.669826373168,328.558409845544,351.755530168729,334.612823121606,585.683417669511,285.317184415763,316.625773826623,302.405706455025,395.636825502618,207.691854808144,244.787958078478,201.97374351886,258.370675008184,267.502638436041,293.670690658385,302.53838381033,281.422604520195,309.272949225764,291.523325451494,279.832209106751,300.385915932906,302.004379590292,301.002501938885,293.736807418806,303.681460954713,248.410643055761,297.918248255785,297.095202737672,319.409684954921,310.266999257342
15.4706771291659,16.00697982233,19.5344243319685,16.8702990189632,15.2529651220789,18.8581513688039,14.4326614872664,18.745436968758,18.1055051432342,12.6222968712023,6.86135111973046,7.31404663719071,6.39078336094435,6.06904113428725,5.45857317792055,5.227219416587,5.90986074999547,4.47625476966504,5.94405947618458,4.48662131709283,5.45925193965351,6.21809945225573,5.66518418443336,7.38186741157208,11.77802095525,10.7688260995475,9.67135923010335,9.99779172447259,10.2654168656924,12.4636327578942,14.786441909701,14.4904593721891,11.1290110312689,8.88561087673464,7.11417142684739,7.50259888792957,7.68674664339466,10.7531274835395,7.88637003700727,8.6365647491994,8.07694482204491,9.14195679440243,14.9905605985416,13.7462000172682,14.2881283965498,16.5714454324364,17.2025091086616,14.6775289333687,9.27685723629354,11.9588789760619,14.348633295648,8.66732073912265,10.2767232662674,10.3848533138912,13.2012395543614,12.1600345941128,8.16997444737504,12.0411103425605,8.69093061185693,12.8683192153538,8.10224517835204,10.314511290436,14.2851482541541,9.91397081680702,8.33186361275577,5.43724869959194,18.5886744267682,9.86140988031086,11.6298260007872,42.725765646572,13.0035850614277,9.83856454998725,12.580389328036,10.1535107842657,11.088433505993,19.1946811990085,18.1837317006951,20.083746506711,18.0300746761693,21.0099649158746,18.7365184947151,11.872828163063,15.0781314590751,13.4911057925163,19.2895225814294,16.7442424631231,17.0161507769315,14.1519254736054,15.5195213953489,16.9666311525351,17.4114539583238
5.57373125207826,4.13479529937424,3.20117195756653,3.34701323221916,5.4071357840174,2.61826706174958,5.04833438288502,3.83942684902273,4.14767548101978,7.12027002990897,8.87731510851725,8.20525400054588,11.1069764294487,13.1438090851135,7.13813415574226,8.04187602551846,10.1881648512192,13.2649988905927,11.0538649907994,18.05246844909,12.2748397649352,5.78926500727258,7.30010311014232,12.0834139177519,4.13955548217992,6.45352033402488,7.23970319510593,4.89100602348299,3.35110715863513,3.00328500190222,4.6095385710404,2.88482829606511,4.33489568259162,4.88902607191513,4.95079765961895,8.33622098658841,7.02589512201684,3.53476508974482,3.61296755389988,4.19311476953884,5.934798586633,4.85666454702629,10.1801568243827,11.5642635065907,9.08493713075422,11.3888698338752,6.06345865612232,8.62359266708311,9.0439654228301,5.51948260433627,5.90095308695482,12.0042392236849,10.5441472917836,12.0937532263037,10.9631915709439,7.99251100082528,7.70606422638845,8.04048084763813,9.11487844658165,6.02167487849967,9.68060462868037,7.85233762755774,9.81646085157254,10.4845590652563,16.5773866699389,4.40317072604991,11.7222457099416,9.89848284978572,14.9373911936716,13.2694558505873,9.66482673484492,3.69962551259851,7.73253229398391,9.3724714931683,10.9046473152859,22.80359853188,24.7313717163775,10.8280697358246,19.3859949262064,10.0622437336564,12.155683139748,19.9113718768649,17.97369768775,25.3212462990194,19.9486178860341,17.7685961196907,11.6642969035418,12.8984692173718,15.1656560866601,14.9957598570386,15.6593579625176
32.6206194432529,31.8911439426984,30.8476570456411,31.1711737384451,28.5286940246291,29.9609294154635,31.5598327371769,30.3088872434618,31.7748008589428,33.1092556390767,30.6992410924023,29.6249620094615,32.5007217981715,32.9462233004165,29.1683756481703,31.582640391127,33.573810150281,37.4476923413441,33.8220460253076,36.8114914363049,35.0951910406297,27.7210837649824,26.7670447371885,27.5501837324744,27.69559739268,29.6239909308853,27.1350707541757,35.2799772723295,29.9478690379291,23.7259515150276,28.0164162499598,29.9093692304682,26.6762811236407,31.5070569078975,27.9990489489374,35.5480280642377,40.2075978269875,30.622228093263,32.0893677367882,33.4197505512499,32.6238336507814,30.4731893146748,27.9301738515115,36.3074235376735,44.9291436284572,34.0386446720316,31.6458038850429,38.6755065069182,35.7877086688813,37.4098265405014,35.9647561825983,38.5695772890958,38.8910939965063,40.0057851290409,39.7658960531869,31.6845971818431,23.4274661598231,32.2011452483459,24.3770004966719,25.9684729135298,23.7280037366024,25.4868246724967,34.6506416626404,32.9514713479485,32.0755163952204,25.5183757986984,31.4110661742124,32.3276293820717,33.2179127973554,25.0802126537697,27.2723838045078,27.8894846334349,29.9285058217926,29.2684197505957,33.6328728993931,33.7493258271824,30.830030702413,30.3757731863067,28.0712138250928,29.2207558025382,24.5209470232848,24.8555807719648,25.000742559778,25.5246298034291,30.8895999424713,25.1754610210251,29.1836134292536,25.9586747258706,29.8763424907205,34.1903324740479,26.6829619361315
4.00165320662029,3.88916389545102,2.00073247347908,2.67084894288196,3.42989956448865,2.98283589313243,3.1590804113759,3.07154147921818,1.98367088222685,3.39831069609292,3.39530777058827,3.47263558824601,5.365523998226,7.69901218178154,2.12744390524083,2.33945484378719,2.13915205061186,4.8037856064698,7.36924332719959,8.44332673059201,13.0547328991714,1.62344468457908,2.05315399972753,3.16365746210232,3.49890999089017,4.93733182181422,4.75278225022222,9.45834253070608,2.33304928765737,2.47771012656933,1.43673929486973,2.3211262152248,3.20949007268802,3.64736865682557,3.36987067587508,6.19262130432282,10.8170959551843,1.59994630377924,1.04892606403545,2.0652654835042,1.15886599620644,1.90457433216717,12.1192343147413,12.8297866827837,6.89629318561798,8.637625997602,13.7279429124567,14.4162079434571,7.49135333307386,4.49735619612585,3.29211066956427,9.18735998347001,7.14404182450558,23.0920577908046,11.028062526985,5.08095342195322,3.89169129827644,3.64763277478218,3.17960876043546,2.74738916331547,3.68283871743275,2.86144506766934,1.90468643388721,1.85441180746031,2.89240861168206,4.30309866409424,3.11075776121427,3.11412943588764,3.48539127852337,7.57582408490979,1.93296534696898,1.0976910861556,1.16188309080587,2.17868854885052,1.1027171442424,3.52960046841273,4.30273486744842,1.64386537243542,3.51806335144766,2.29419157127366,3.3952080493779,3.1279688928183,3.77836081058791,4.84730685510009,6.5909530460465,5.43695402331999,3.06473683347961,1.33432440179708,1.66822216953262,2.39932157712617,4.85476598837959
94.3246827274782,96.2465717705827,88.9780296387242,93.8188093919711,87.4826147742517,104.332971017565,85.5739134963883,95.3984647663059,89.7340573632801,93.7344711600989,117.350324820957,107.836090965976,116.025184547626,118.50236317634,103.796868429382,107.395598922606,104.96347773765,119.712520852139,115.16180727836,120.997464653881,139.838229808268,109.59783172498,107.410371282042,99.0839941255658,113.542093225507,107.571631109921,112.353561798858,118.714785908216,110.204764533342,97.8320089369649,108.23436021352,114.298886626856,106.204944223495,99.5266021782722,117.155010163756,125.936481333103,120.692356799002,105.670872156582,105.902683354098,105.672750572632,112.936758903028,105.322960568845,119.47700536748,101.110937904795,92.2534070459315,98.7229465594071,114.149718857674,108.622424806592,106.62563526401,102.996271067337,102.987160191275,108.211499427946,100.482667416121,115.241199221662,106.550545297487,103.902643010729,155.362759824709,109.899645536986,122.706401413139,119.981871954106,140.158319189155,106.272738908557,91.424948826586,105.416178901013,98.8599361306255,180.36321299812,93.208924625652,87.679055726806,82.0489559138103,94.7683832733436,78.3729586134697,88.7503570769511,75.0015567582274,86.6953613118067,76.1487450162943,90.8178098052263,90.5445076454364,89.376245575239,84.4701669279882,76.5937993005926,83.958045961777,88.1885423330062,88.6678878073482,97.0478288542067,82.299033701634,88.7247859457725,79.3629612848823,81.6768270190942,78.7097550897661,78.1064863410895,83.1880578008804
39.317314626439,35.077802022929,34.7079794108338,38.0673733253953,34.9183951544736,36.5974078514728,33.080217613593,33.2751832572891,41.6379731528079,46.3775551911743,34.8238326778815,33.7103794882352,31.4303510234936,37.5576541554232,28.7328095012552,29.380262979593,31.8385590122762,35.3574997178017,34.39907168206,27.5870686638159,40.2662216045873,35.7121073369257,31.0018649684784,31.9797435762874,44.5588651360984,46.206816825333,50.4734421991622,53.4144610027803,38.9763455903835,28.305210321678,33.4395084467202,38.4729986068104,39.2887434755195,54.3372565919723,59.9362702210641,59.5366948418582,57.6255570309657,40.2632068554081,54.1280813244426,49.0441097719845,61.3626568421592,44.5622779368815,34.1505107008715,42.0105691892824,38.880227306126,39.0798191338913,34.2530911071755,28.0741494811874,49.3051376753216,31.0893375409309,32.384430541208,38.6644844511892,44.3144532339759,48.2637153211757,43.9212051423988,40.4563780052488,31.6428007176946,30.4259639646185,34.8053223287101,28.8178541950999,25.8395856212333,36.5699334171555,38.1537995575822,40.5738171119209,44.0362735586925,29.1042913521102,41.9098736183106,40.7139058069782,39.9962875297408,35.9230520567869,28.3727682593005,27.7573551508421,29.3780136263557,31.2358166175389,30.8454490070026,42.7728089123279,42.353877130014,56.014712565737,53.2601809565257,42.4679009227716,49.1215347292094,51.1268197234857,47.7341155153704,55.4884435631094,54.5550759496058,49.7831937270065,58.4120543524894,55.5725896312095,50.5117452059694,46.512991023999,54.950110668471
24.9631702000131,26.2293400822681,19.2612334069534,19.0729041914792,20.057245617938,20.0430000707982,22.5908317927617,21.5292472829377,21.4384328928084,23.5480275834599,45.559725112903,48.5689574255533,42.1097942986888,43.9748848496433,53.8503639977492,56.3830549741873,51.6315165707426,47.765459585422,43.2581535422963,43.4177763677723,40.2641871007588,50.5935815087946,56.1214437277374,54.6600918014729,65.0008771547062,61.0106481987868,56.712850525326,64.0786522979524,63.0266902198944,59.8089191703818,70.3092319599419,62.356724182555,71.1327204330805,68.0684355310939,59.5572637783824,65.5899821668338,58.8606537427618,82.6565747780571,82.9960805712375,79.8675712752594,79.5101471712381,78.6249550095806,23.7346813815067,24.6397362404767,30.2598608241035,33.4749595976696,27.0477946187317,31.0971977994815,29.5341753243656,26.1122633505516,22.75904432695,39.2924318387386,35.8619438560515,29.2064140415235,28.8497359253729,25.9728062844676,30.5673021887073,21.5869260923077,25.1986643938477,24.3535349820522,28.0916414969435,22.1835192501919,24.7242950552667,23.5617284844043,21.4318844070083,32.478054134176,70.084992999455,68.0118454203966,62.732419535194,80.9107423229962,109.392483605138,78.3914056416753,93.6297478985787,109.507463638205,88.2210472632058,36.0205642409576,37.181989819341,35.5285764048168,43.5994324074774,54.7635602755504,49.9908756544452,44.1780200110528,52.9090573545448,46.7605794438704,43.5459873783595,39.5562044127065,52.5277596322085,49.4828139295531,42.6822224902963,38.8715802511337,41.2337541613026
1.39343281301957,2.18939458030232,1.05493166783442,1.50683211878796,1.2509045470488,1.49141794656622,1.23482878432899,1.35509182906684,1.60641274717062,1.55351346107105,1.52081493890933,1.75168343831878,1.91381747707424,2.01145363307806,1.49900817270587,1.33239264150067,1.74032709202321,1.74683112962538,1.95910638641967,2.15499134128081,1.96668703416089,2.45048254276088,2.24326085155415,1.40606998315659,0.739206336103558,0.272136399627555,0.221059639545219,0.57541247335094,0.466609857531473,0.225246375142667,0.359184823717434,0.729496810499224,0.541861960323952,0.27161255955084,0.540843441807112,0.595444356184886,0.97388645255679,0.515331542031219,0.386937170288632,0.438086617713013,0.632108725203515,0.604067492352355,0.168923481371625,0.0436387302135499,0.0412951687761556,0.127964829594104,0.102193123417792,0.391981484867414,0.0733609212409823,0.170354401368403,0.062115295652156,0.0433366036956133,0.0764068644332148,0.131453839416345,0.118713849555191,0.0570893642916092,1.1855483425213,0.470270074942347,0.715411971097979,0.827980295793705,0.672118065931476,0.98021129876208,0.952343216943604,1.85441180746031,1.29510833358898,0.400288247822719,2.46584456681619,1.51999174846897,1.46955477172026,4.18787791029175,0.738041314297248,1.05703586074243,0.440714275822917,1.35654192664278,0.61262063569022,0.991460805733912,0.56122628705849,0.714724074971923,1.13604129057164,0.643983598954011,1.1317360164593,1.07629037172243,0.423741399318271,0.915225769844073,0.130061473441984,0.354583958042608,0.365938726385625,0.606511091725947,0.758282804333007,0.64267542244451,0.620533998514685
1.60780709194565,0.818771346410742,2.07348638160559,2.12991751141219,1.85618094078209,2.0548425041579,1.23885506328467,1.89712856069358,1.08200229939646,0.906216185624778,1.9098606209559,1.69022086153567,1.74294091662119,1.42188963717587,1.95948780745866,1.31594334963029,1.5952998343546,1.63765418402379,1.56422617794331,1.09515953409352,1.3563358856282,1.89912397063968,1.71096166643961,1.93334622684031,2.02049731868306,1.12742222702844,1.05003328783979,1.22275150587075,1.78160127421108,0.825903375523111,0.838097922007345,1.69110624252093,1.29213236692635,0.737234090209424,1.2481002503241,0.833622098658841,1.14779474765622,1.74877851808428,1.55396453931178,1.68976266832162,1.86120902421035,1.74585980448658,0.783088986490977,1.0473295251252,0.7433130379708,1.02371863675283,1.80541184704766,1.04528395964644,0.97038255609765,1.2265516898525,1.80134357391252,1.08341509239033,0.87867894098197,0.569633304137494,0.940628862595776,1.54141283587345,0.618546961315461,1.21587759159406,2.04024895461275,1.39251231565305,1.55205345948952,1.39744991676875,1.75817209281896,1.14117649689865,1.55413000030678,1.0007206195568,0.60697712413937,0.815605328446763,0.782434776811369,0.329383655865643,4.49853753476418,2.84586577892193,4.04655835073769,2.21979587996091,2.5117446063299,0.634534915669704,0.598641372862389,1.00061370496069,0.989455317594656,0.965975398431016,0.880239123912789,0.87448592702447,1.48309489761395,0.949123020579039,1.3181906092093,1.06375187412782,0.914846815964061,0.889549601198056,0.556074056510872,0.556985366118575,0.876047997903085
0.893226162192029,1.63754269282148,0.836669943454889,1.21709572080697,1.77547742161765,0.82856552587012,1.02205542720985,1.03890373561791,1.11806904270968,2.29790532783426,3.11236545637258,2.8272785320233,1.84546685289302,4.54311079195217,1.87550975856757,2.33945484378719,1.92161116410896,3.71201615045393,3.82366399052809,3.1441676946556,3.93337406832179,2.14417222491577,1.82502577753558,2.37274309657674,2.562581965159,2.60473411072089,2.70798058442894,3.91999747470328,1.65434404033886,1.87705312618889,1.67619584401469,2.22164937742945,1.54222250246048,3.22054892038854,2.57940718400315,3.39403283025385,3.23469428884934,1.00461744655905,1.43741719886339,2.2530168910955,1.86120902421035,2.28548919860061,1.04411864865464,1.6582717481149,0.7433130379708,0.639824147970519,1.73728309810246,0.609748976460422,0.815121347122026,0.136283521094723,0.559037660869404,1.25676150717278,0.458441186599289,1.31453839416345,0.616274082390336,1.48432347158184,2.16491436460411,2.82397376112168,1.58980438021773,1.76886699555928,1.76250138619996,1.26435944850506,1.97794360442133,2.0683824006288,3.23777083397245,1.5010809293352,1.66918709138327,1.81657550426779,1.67156520500611,1.36458943144338,2.03839982044002,1.74817469276633,2.36383111577746,2.30201054218169,2.94057905131305,2.57779809490817,2.73130126368465,2.68021528114471,3.29818439198219,2.13319567153516,3.05987885931589,3.80065037514481,2.93087801195137,2.50839655438746,2.72426059236589,2.75787522922028,2.79028278869039,2.78995102193936,2.52760934777669,3.64182739385222,3.39468599187445
5.25216983368913,4.46230383793854,7.02075213420841,6.76164289337204,5.68959810109294,5.00453577625552,5.69873329110947,4.51697276355615,5.04934406385016,6.2464187080565,4.38560587034318,4.60969325873364,4.13521276296399,3.19058162488244,3.75101951713515,4.86167959724525,3.29937011196066,3.9849585144579,3.85842457226016,3.03818451393687,2.95003055124134,5.17664437158236,4.60058581420427,4.39396869736433,5.66724857679394,6.37576707698844,4.75278225022222,4.56733650722309,5.64173736833508,4.20459900266311,4.37008202189544,6.89706075381084,4.96012102142695,6.09188169278313,5.53324444310353,4.64446597824211,4.79986894474418,8.59506037611636,7.34248244824815,7.10326158720386,6.56690731183652,7.42783989545198,23.306219836041,17.8918793875555,26.1398418353065,16.8913575064217,21.8352640369349,21.0798931862032,24.4148251114169,28.7898938312602,21.6161228869503,20.0215109073733,22.8074490333146,21.3831578783921,23.0940603506273,26.6607331241815,2.75768853586476,4.43206993064931,4.90189683900467,5.64532019859344,3.31455484568947,4.8578020916247,6.66640251860523,5.27794129815626,5.65530639000521,1.60115299129088,4.13503165819946,4.26339148960808,4.76573909512379,3.90554906240691,12.019529975698,17.1565051243579,15.1044801804763,11.7566966975708,12.4361989045115,5.31422991873377,4.86396115450691,5.43190296978662,4.39757918930958,4.7091300673512,3.98203413198643,4.40606370923868,3.84898437714096,3.4575195749665,3.42729558394418,4.57019323699361,6.81560877893226,4.85208873380758,4.34748807817591,4.28450281629673,4.16122799003965
69.440473720203,79.1100968758791,67.9877996051442,74.6559753500101,71.4040526511205,69.6419267280146,70.0687132380833,70.8220676570732,67.1800800997939,78.2647135742085,57.6448987088406,65.4490395132681,69.8857792003332,76.1439240825204,57.6414130515225,57.6361254748908,62.333803050397,77.6406389798401,80.395663853209,80.9895204870996,73.6693836278958,54.1749617450397,54.4294927464804,69.392190049996,75.7987105082829,91.7278499236045,86.3271051370013,100.247282208813,68.1856984810742,73.8342601292652,61.9857223116632,70.240926756755,78.0331240893598,105.90134895093,94.8173439502886,105.097119755345,105.48859800823,81.442103909328,82.0664212855942,82.0820991277987,83.2778663449651,90.241588719579,63.6188950615617,77.1196731952918,66.1800504323546,57.1286185239917,77.6582577039037,79.2882726190478,64.4365069490635,50.8017267408743,53.6638885257236,71.4993289732445,60.6017224908821,89.5647589479323,80.1519584461267,72.6479287420014,55.9290162421439,74.9804255435601,69.4262273493149,64.751069968507,63.0704544553945,67.8095935803503,80.9315917192782,75.8290385129836,96.5473043496134,53.2526806226353,80.1702972777332,105.250160339107,104.162696619527,75.0933564123291,74.6173826684314,71.5125415017668,78.3602001893396,68.5135887616824,75.1287316578701,72.5535154263185,70.140938903996,62.8846403743672,59.9181158491404,57.8108101678509,55.1226697468568,56.3781077152676,66.2417273662614,61.1933508618041,61.2857572002285,80.8983300274209,71.7381704972299,66.0745313548082,66.3219416763126,78.6823235195997,68.668292275635
2.62358388359043,2.67083213199184,2.47581549354521,3.37541213237132,3.41739051901816,2.27060096709448,2.58765851343585,2.04167168912738,2.97767032793907,3.26690934917732,5.32285228618265,5.12536427794398,5.30981823951831,5.51693179224237,4.14711598107143,2.78066140573268,3.08944315648536,4.86547058073469,4.21367771756196,4.43256989492627,4.48777636157231,5.37758394008875,4.06600534686781,3.5806450914822,2.80060640538435,2.20935879869057,2.30675733865436,2.07687939600105,3.18779370849911,3.08362287570311,1.68996459559052,3.18093768323593,1.95695531055458,2.20316587589953,2.17127840214717,1.9030401623669,2.16237574126627,2.9219484473438,3.08423111939905,2.49177409774909,2.45820059801367,3.67614589013801,3.68424723168136,2.20681058689922,3.68559381327188,2.22722785908537,3.35465959806138,3.29743535770132,3.85397135979743,3.87658475753939,1.92433185930379,2.09315795849812,2.23375468170503,3.20440642550576,3.79073431626098,2.62496897012819,1.66492223754078,3.13931749778027,1.9273728436173,1.43428768512264,1.90665821599661,1.8572774846198,2.71930617022666,1.33660297199254,3.81538915075314,1.41335108835405,3.61189324933184,2.77268738702425,2.55891737234445,2.75647065151563,3.58160906381107,5.23151440616678,4.26811743667412,3.84929048517666,2.02838692477032,4.13201205397665,3.09123438911816,2.41683945951756,2.86392344703786,1.38818714549524,2.90604659337494,3.42327606355964,2.26277907235957,2.57991975343824,3.09203577233528,2.58925085806224,3.70467218124647,1.43298353938451,2.90169553124764,2.76393276679302,3.9272501705997
3.68009178823116,2.8656997124376,5.89306655824748,5.67978003043252,5.32643226485296,8.08679953249237,4.55279235757115,4.60731221882727,5.69854544348804,16.3442562050183,5.87105301997555,4.30238037481807,5.19464743777295,3.78014562078463,4.78674878679187,5.99485303720467,4.06076321472081,3.27530836804759,5.49217191366762,3.74473905206173,3.3569313169298,7.38207866006715,6.46363296210518,7.2939880376248,2.46402112034519,2.33259771109333,2.10006657567958,2.04990693631272,2.50272559948699,3.60394200228267,4.66940270832664,3.64748405249612,4.25153230408024,3.14294533194544,2.3713904756158,1.5481553260807,1.70430129197438,3.86963757193117,4.8949882988321,4.09923906574319,2.73913780921523,3.36474798682867,1.64075787645728,1.3964393668336,2.68418597045011,2.87920866586733,1.77134747257506,1.82924692938127,2.5618099480978,2.01018193614716,3.04364948695564,4.16031395477887,2.90346084846216,1.40217428710768,1.36229007686285,1.94103838591471,111.080725136235,36.4371058900284,46.8462357370825,56.0768473060282,87.3621955756725,25.2871889701012,5.6408021311275,20.3272063510072,7.98650139046538,163.584463943551,12.8603278177029,8.26727219289219,8.89130428194737,8.3757558205835,6.25577875928144,11.3428078902746,3.48564927241762,19.7315189329859,4.71717889481469,2.7364318238256,1.98299954760666,4.78865130231188,3.7012958176689,6.68132983914786,5.53293163602325,6.28957185975292,5.12020857509577,4.27105359260567,3.42729558394418,3.15185740482318,3.97958364944367,3.67950062313741,3.8925183955761,4.37019287262267,3.54069399152497
21.6110710585388,19.5563536090206,20.7250420384589,18.5945179567731,17.1079355100736,22.9353566085056,24.157673734051,23.4430886428564,21.8564464478086,23.0437830058872,20.902363462684,20.6120897499855,17.0534807332151,16.7505535306328,22.0582341753918,19.6294882986519,19.4336525275925,20.0339695178911,17.8669390102858,18.1231239029025,19.1921527816391,19.6957534374406,21.5881538797276,21.4403702587893,18.0859150233337,18.894041459856,16.9110624252093,17.4781538780348,17.0100502609201,13.4397003835124,16.5225018910019,22.448606395817,19.41699812287,11.174916735806,11.149695569562,15.3029199539516,15.8945225389072,16.0366710913686,15.7338909605317,17.648945232594,15.3110780104851,17.3643216154235,27.7675896619353,28.3651746388074,27.8189033977449,22.8417220825475,21.6649421645719,24.0410955368849,29.0726613806856,25.8138024393542,16.9574757130386,20.0215109073733,20.3242259392351,26.0716781509084,17.709770999217,24.1488010953507,10.7472534528561,17.4145048602504,17.5938351410762,12.6455172448493,11.124277405914,11.8397280567379,12.6002333318692,11.0551473137057,14.9800863918459,7.35262796542365,16.0078835670681,13.5687068277961,14.2296433728286,14.1164423942419,26.8155010861333,25.3631689262605,26.5229864177065,20.6769875485248,21.0741498677436,9.42244691337281,8.00682836203446,10.6851249208302,11.3970593989607,13.9261453273805,11.104006967416,10.0902222348977,9.56666832527549,9.25191561560153,9.62279144722789,10.9921026993208,9.78245700310371,9.97427707379711,7.53227585637454,8.61185066075643,10.6220819745749
8.86080352894493,7.49175781965829,9.05786156175075,8.99298504818482,11.9441208363369,6.29709799661291,7.18535936705107,6.82062887296979,8.43961793529242,9.02979699247546,8.02848816587018,6.4535705622271,8.06537365338431,8.04581453231224,9.15360732912831,6.98181054942739,10.9133011395622,6.87814757289993,8.86394834167876,7.56013355793594,6.47650385387467,8.39290270895601,7.22406036941167,9.75461050814882,6.3571744904906,8.86387130215466,11.6608959860103,5.8620145722627,10.010902397948,18.1698742615084,13.8884798504074,4.94068294383565,9.33669839327425,9.04081805362083,8.57028838555885,7.62168775916655,5.56506544318166,7.62765098313356,9.40148546283625,7.38488869859079,7.65553900524257,6.44380982383227,8.46481904445008,8.72774604270998,6.40075116030411,10.4291336119195,3.61082369409531,7.14277372425066,6.90912379941527,7.66594806157815,11.9261367652139,10.1407652647735,9.93289237631792,5.43342536254225,7.46015994472512,9.64810256528195,10.6441622926369,11.4527824756602,8.90290452921929,9.70995074158072,10.3908663813281,14.3072253383467,12.6734905024034,16.0477944876373,10.7062288910022,8.43941055826234,12.4050949745984,9.08287752133895,9.49591297311979,19.2924712721305,14.0930746206284,14.9204677266336,13.4618178796818,17.3884010596938,24.8111357454539,10.1922170829446,15.227939922187,9.39862158588079,13.4492630206385,13.0406678788187,13.5389160487539,14.3617496476711,13.6303483447377,13.5927975447212,14.8516141970915,13.1984028826971,11.6185545627436,13.2219417996257,14.205164534505,12.2536780546087,11.5711339723032
137.588270538482,129.100181430987,90.6804710888846,96.0308808645378,99.3173823421208,93.113199518653,85.9145986387916,96.1844180271646,114.679259708432,136.346374451365,145.674265185519,135.293575205181,170.764123676279,186.218990140965,114.209026784558,135.568849418732,143.907284671255,186.277158700698,203.80094308933,215.938964328063,231.48686285208,113.641434230854,121.284749542053,140.186495511321,149.958846971536,160.913864333488,174.430424477749,184.90484235057,111.258454429804,144.075840575005,136.877553980867,97.475032229447,127.217934227965,134.803641412735,132.267424028097,179.350221860313,194.618686146227,100.429001568758,116.347656005082,114.079006928519,123.310014255132,102.173112052496,128.332996005659,134.759889997859,152.762391950257,131.821049733922,134.131540279554,149.400694212333,124.878142991184,111.429495352678,125.549920183964,108.562525917881,128.292091829556,178.105930666276,150.350766106869,147.450980986011,111.956999998098,84.952582887521,106.754834196827,95.0457399275589,97.9664035427034,136.264675931779,124.882231181226,159.614216915282,140.025817919307,97.551913862096,104.81622404271,127.863188799989,127.195442535826,137.748715431092,109.557664280243,84.0010136441845,92.785579735707,125.147158832463,143.828009744171,81.0729398378289,83.5505056561135,70.804497849131,84.6222498749518,59.6449559556218,73.9568528681774,57.6945453761806,73.1621306527943,81.818133071494,82.1663358469736,112.181696716818,81.7063414039743,92.979767724499,95.1098955818805,94.6720880300191,76.6859565564439
3.41998432980084,3.2394688320741,3.21172127424487,2.78038755775458,2.5344940193592,2.74288331684044,2.4845238294174,3.02637175158262,2.4586698916619,1.83314588406384,1.86388249489585,2.28517860479622,1.48867659466704,2.15017457329034,1.99895749043747,2.61031984991942,3.17029585263561,2.07709139007018,2.83959192169309,2.58069045050103,2.68215421382977,2.73780162089959,2.97821394071587,2.35121264995966,2.53794175395555,2.46983220976265,1.88619137441958,2.30632511974974,2.04247860364913,2.22243090140764,2.22694590704809,2.23259182958694,2.39586349841698,1.4907649339919,3.15353329915224,3.07547009969494,3.24060717088272,2.4810330124651,2.70972566542491,2.95458131746162,3.18477446048371,2.59498252757777,3.07082752559676,3.29036025810166,2.66353838606203,3.38722903935592,2.79634450045551,2.0400458612433,2.94530513426759,1.97917743509811,1.98458369608638,2.5122229162347,2.58369812080916,3.20177734871744,2.72360708938508,4.10415439892378,1.98940166433085,2.35135037471174,2.44723887594849,2.17570640453791,2.44487878855857,2.89338678005263,2.63432785240708,2.85008830100438,2.29709048100899,2.31199820471606,2.74012235478667,2.68111715242136,2.68268432794916,3.08020773042357,4.90656894709709,3.76630008227611,4.63751612968206,5.2440622297521,4.35818320230022,2.49530855587111,1.60173982326493,1.79252798002958,1.51386663591982,2.19759403143056,2.52754377009244,1.92487806167732,3.29423626186679,3.22939107752018,1.72595090432471,2.00182343423832,3.56241350136405,2.08316342971472,2.75964388590259,1.6893794604658,2.47629567407272
122.752141274937,134.39967897063,116.812219809765,129.534483319052,144.81721941184,147.315304811393,155.140580720076,133.992383452682,119.392822392037,140.061537163788,141.435789318568,150.563645094062,136.803432545597,141.079196195889,128.622179315735,119.046449584485,126.274870683906,138.873074805218,145.084411244963,145.310006310758,131.026115559341,123.224658834956,124.65344295642,140.818348210002,128.076861010199,150.899244827194,174.811752355964,148.407508064308,145.972106876248,221.770823574215,157.785702569459,134.086156022188,139.594478218657,147.175205482334,131.241901655747,134.510880062166,120.953567058242,113.526236427602,110.444144720236,117.572121866755,99.2368557987838,112.306399786791,112.191294596975,125.018852639591,105.689616110629,131.82168955807,114.296195667906,115.695512933533,80.6193827605928,83.3193155828779,121.186941817356,79.3493213666679,86.2083370027076,103.241216400809,93.8144304979402,124.680888038303,158.634100066366,149.131308794791,122.210647413907,132.522386243261,144.433568820278,144.770487758512,111.631474175013,125.101473472514,118.08452423442,179.554964311058,127.748199153398,131.656495036655,145.4315076181,179.156946454201,29.8829413676507,41.6504653312849,32.2286336922466,37.4808423598289,40.594081182741,147.890259626493,147.664996689675,145.646471997778,146.701042965773,127.078893540592,136.738860477538,170.236511754595,162.566269141458,147.317451694161,147.247603207985,136.572739226218,127.582707260716,130.057408124617,141.242810353761,162.770404242521,164.240383586873
17.9116855852043,20.7845106286367,16.4882181987114,17.1275795310561,13.8111967522062,18.0985224946862,13.9575605704967,15.7872715059051,16.3685307852697,15.7205852801258,16.1043691693715,15.1840222813847,23.2214410593287,31.291282483684,15.0340302393117,17.1818336683395,19.1193059465958,24.4616405467634,28.6131728527563,31.747261784295,37.2032760908674,15.5749607314703,18.6943473812228,14.9504784927821,21.9805468061513,17.1714180502136,16.5711832294085,18.0532067185899,17.3057112342832,11.9665890900794,14.3446445765286,13.6210318098578,16.9602793581397,15.5688319134542,15.3799233513272,25.3111486927071,28.0228870391412,16.7462286730679,18.8157911331218,15.7783153749595,17.9353827346217,16.39013184452,17.7101167787695,15.790674527773,15.536481348653,16.8644848922069,17.3888412370267,20.342096924686,19.5959053378359,17.051453450569,13.3162770819092,17.8841496131057,20.5866835185632,27.3020860878454,16.8927213078795,16.4051997228368,11.2524001379304,11.3425690552608,15.6452649057227,12.8453615798795,12.9593833268291,17.4335204378608,19.5860371140032,17.4978018740091,17.3380469645335,12.1010473052207,15.0902100275099,15.7953093744558,13.2110555542887,17.3820460681098,19.0045638431541,13.6959323371889,16.8705424785013,20.2626256509321,17.2973436487134,18.5256434472993,17.8346489501447,13.3460426519507,15.7700854377966,15.7292994044517,15.8711305656352,14.1417828029503,19.0136297052436,20.5085146396689,19.6889343360198,32.4456141074254,18.2566830593788,20.1058426907152,21.0721736105447,17.3706597681118,13.7886304669954
5.53800220559058,5.19919804970821,8.54858420486517,8.24920432991389,7.18261320563505,7.75537332214432,7.68090139236493,7.18198669405428,6.20347984987306,5.14601333979785,3.1831010349265,3.71848589537847,3.17830402442687,3.67610491562542,5.23463171421099,5.5196512720604,4.64087224539521,3.05695447684442,2.91988886549418,2.8968736063119,2.37358779984935,6.09557532511769,4.52454307347363,5.18488306288991,4.23811632699373,4.58744216515022,4.20013315135917,3.20073188301461,7.6778531102906,8.25903375523111,9.69799024037071,6.16756394331162,5.58534636026227,4.50100812969964,5.28362439303871,4.58492154262363,3.19991262982945,6.39978521511694,7.10938776735138,6.50871546316477,6.81272737163788,5.840694618646,6.07826213323948,7.20039048523573,7.68090139236493,9.59736221955778,5.14372054536219,6.27170375787863,7.84069105326901,9.26727943444114,11.3670991043445,8.27729130586213,9.16882373198577,6.09069455962397,5.22211196130758,7.02199180786793,6.00506008277093,8.55036499895177,5.56431533076206,6.66147783434026,7.20784148983266,8.91706137366726,7.17920271234409,7.0610295745604,5.43945500107372,8.57283997420324,4.70407271208012,5.96874808545131,4.23226083820695,1.59986347134741,8.18874410625042,8.04973463180775,8.57389591146402,5.96056301100615,7.04513731043753,3.72789262955951,3.44218789395874,5.32469435854083,3.66464932442465,7.08381958849412,7.58682292515309,5.2132814880305,4.87302609216011,4.30495084334064,4.65760681920619,3.4670431453055,4.98591514700413,5.98424277169601,4.65080119990911,4.1988127599708,4.89126798829222
13.5055795723435,15.3110241778809,14.0051273143536,12.576655781672,12.9932665854746,13.2239057928871,15.671516550551,12.5571842826861,14.3184970953465,15.4380400193935,16.339918645956,17.2402527876638,16.4383251155841,17.0973558811635,16.067800021161,17.0341555813255,16.2067960444661,17.6320767146562,20.3697008949951,16.1800989230592,17.0559237617746,17.1533777993262,16.0830396645323,18.0152716591938,14.4884441876297,15.4340215217342,15.1425853088475,17.2264109209438,15.2708680646664,13.6649467586551,13.6490233012625,16.6789498036868,14.3801827932126,16.1803481903858,16.3917166209232,16.6724419731768,15.8604365130677,14.4739328411656,14.8015122369447,16.5221238680336,14.9950236478834,15.1096230351929,7.49528029927078,11.5206247763772,6.6898173417372,9.91727429354304,11.0027929546489,11.1061420712434,8.4229205869276,7.42745189966239,7.57806606956303,9.57738941673053,7.2204486889388,11.6993917080547,13.7526426807107,10.2760855724897,9.81943301088294,15.6495212595493,13.2218730954775,12.6455172448493,10.9169861981042,14.6399515090059,12.0141759675962,12.053676748492,15.8434919475719,9.00648557601119,12.9361999582203,15.5706471794382,17.8537389981503,12.1871952670288,9.59453708586422,10.489048156598,11.1781166322358,8.59143220207094,11.6397920781142,16.3789325107242,16.1259019814806,17.9395742817953,17.1505588383074,15.4556063748963,16.724543354343,18.5323748380955,18.0090094710265,14.9825848248548,13.5334235878822,16.1926674172791,15.6438805529854,15.0010410020218,15.0139995257935,20.2228532929206,16.5354059604207
2.14374278926087,2.94757684707867,3.20117195756653,2.36657501268022,3.02638196866646,3.4468325876197,2.20609115394417,2.03263774360027,2.23649875285249,7.21736462122591,2.79476270866547,2.54209217574965,2.01634341334608,3.05151388231963,2.8832463452606,3.98438403082505,3.40814055521211,2.3473043304341,5.04028435115066,4.23932722874913,7.86267912898669,4.38054385550292,3.84776268097085,6.85459116788836,3.00610576682114,3.64896035272033,3.64748405249612,4.71118962556082,3.47878858328692,3.67902412733022,4.66940270832664,2.81851040420155,2.33417459831856,2.91867096134489,2.45459715897074,5.89609001494274,3.86076415120727,2.61944697176879,2.83598528424399,3.12919012652152,2.61587660780055,4.12657771969554,2.75945642858725,2.48740762217234,2.80807147677858,5.56583026319554,2.41857058755441,5.09575930327638,2.09602632117092,1.80575665450508,4.96922365217248,4.29032376586571,2.94166428067877,3.06725625304804,2.61202904499441,1.71268092874827,50.7208508278678,20.7805246960763,26.6027266289767,33.83428572357,40.2479029234638,21.494110624586,6.81291685967348,14.3360297422893,9.23843944626806,69.6945204019535,8.49767973795118,6.33947778019984,5.65451387114725,20.9591525708107,5.62317191845522,5.94379395540552,3.20559538259924,6.53606564655157,4.16582032269349,3.88652635847694,3.03062195011585,3.35920315236804,4.65410464201931,3.33664002208047,2.80838196676938,3.59884593044686,4.34334934301228,4.71171785216023,5.40458149775813,4.72778610723477,2.60731342549757,3.71993469591914,5.71239712597532,5.05571332323014,5.36579398715639
0.357290464876812,0.532201375166982,1.30957034627722,0.202849286801161,0.363165836239975,0.165713105174024,0.526513401895983,0.225848638177807,0.504934406385017,0.712027002990897,1.48544714963237,0.921938651746729,1.50371373198691,0.971046581485959,1.42762683114845,0.840741584486021,2.32043612269761,0.818827092011897,0.973296288498059,3.28547860228057,1.05116031136186,1.59281365279457,1.44481207388233,1.66970810499845,0.197121689627615,0.816409198882665,1.1052981977261,0.251742957091036,0.933219715062946,0.750821250475555,0.778233784721106,0.961609432021704,1.12540560990359,1.20285562086801,0.624050125162052,0.774077663040352,0.556506544318166,1.33948992874541,2.21439946851928,0.65712992656952,0.59699157380332,0.285686149825076,2.83403633206258,1.96374285960975,0.412951687761555,1.02371863675283,1.46476810232168,1.13239095628364,1.39735088078062,2.89602482326286,2.04980475652115,2.25350339217189,1.68095101753072,1.00781276885864,1.3298545988423,5.5947577005777,0.90204765191838,0.745215298073778,1.53681090087714,0.602167487849967,0.73656774348655,0.798542809582143,0.659314534807111,0.855882372673987,0.64755416679449,0.867291203615892,2.8452052694033,2.5951078632397,2.34730433043411,3.0585625187524,1.86267569798829,2.92717622974827,2.92474019409754,4.72734307769453,2.45048254276088,1.38804512802748,1.23469783152868,1.53665676118963,3.77458880415739,1.2477182229734,2.09580743788759,2.85889629988769,3.84898437714096,2.47449930365249,3.29547652302325,3.62463601554666,1.92117831352453,2.87081916750282,3.08368340428756,1.67095609835573,0.912549997815713
1.92936851033478,2.29255976995008,1.20043948408745,1.58898607994243,2.09829149827541,1.19313435725297,1.23885506328467,0.90339455271123,2.12793785547971,2.42736478292351,3.78435345263484,3.16532270433043,4.20356338714521,4.78587243732366,3.66704146824406,3.32641235600991,3.19059966870921,4.09413546005949,5.35312958673933,6.92423447362357,5.3914351453721,2.5117446063299,3.34588059214856,4.9651846280217,1.47841267220712,2.13821456850222,1.76847711636175,0.827155430441977,1.18773418280739,1.20131400076089,2.03538066773212,1.69110624252093,2.75099149087545,3.80257583371177,3.45307735923002,2.20314411788408,1.77386461001415,1.41390603589793,2.17555035503649,2.2530168910955,1.89632617561054,1.49191656019762,2.53571671816126,3.14198857537559,1.94087293247931,5.0546107689671,2.11199121730103,1.87280042769987,3.33811599297592,3.30487538654702,2.79518830434702,4.11697735108326,3.0944780095452,1.66508196594037,4.83288622506106,4.68132787191195,17.9636346682032,5.49106009106994,7.71055124405599,9.40886699765574,10.2330304362953,5.72289013533869,3.58960135617205,6.34779426399874,4.66239000092033,15.6445990190713,8.49767973795118,8.4155640707916,8.57121732779726,9.78740006000768,3.90107551842831,2.43931352479023,3.40551940408618,4.60402108436337,3.6144617505723,3.92618479070629,4.34014995325232,4.18113583858575,5.64355995961396,2.85767722035842,3.64670494192441,5.71779259977538,5.75582067407318,5.01679310877492,6.41519429815193,2.83667166434086,3.20196385587421,3.88167098704606,3.63975746079843,3.81320750650409,3.28517999213657
2.21520088223623,2.12880550066793,1.52783207065675,2.8060818007494,2.17334577109834,2.65140968278438,2.33555150805742,1.67127992251578,2.59680551855151,1.58587832484336,1.80375725312502,1.38290797762009,1.05943467480896,0.901686111379819,2.12380485645555,1.79114511477457,1.48652939110315,1.36471182001983,1.04281745196221,1.58974771078092,1.69541985703525,1.77659984350164,1.33074796278636,1.3181906092093,2.36546027553139,1.78832491183822,1.21582801749871,2.04415281157922,1.99369666399811,2.62787437666444,2.4544296287358,2.58639778267907,2.70930980161976,1.24165741508956,1.20649690864663,2.02451081102861,2.3651528133522,2.04644294669437,2.94320883745651,2.03397358223899,1.93811558577678,3.36474798682867,0.871093272591867,1.9201041293962,0.825903375523111,0.70380656276757,1.63508997468467,0.653302474779023,0.77630604487812,0.649050269213617,0.496922365217248,1.04007848869472,0.87867894098197,1.39341069781325,1.45959651092448,0.913429828665747,1.28863950274054,1.64731802732098,1.7487848182395,1.61832512359679,1.81511336787757,1.53054038503244,1.31862906961422,0.855882372673987,1.03608666687118,1.66786769926133,3.98328737716462,3.11412943588764,3.76991301554568,4.89370003000384,2.38984806534347,1.70751946735316,1.64266230079451,1.56207858219472,2.69553079703697,0.951802373504556,1.45918834635207,1.858282594927,1.46585972976986,1.91866863513361,2.09035833854909,2.61605828476782,2.22464234642092,2.3728075514476,1.36213029618294,0.787964351205795,1.78395129112992,1.65779698405092,1.11214811302174,1.41388592937792,1.64258999606828
31.8345804205239,31.1133111636082,34.2307137735239,38.4399398488201,34.8639202790376,38.1802994320951,38.8381062339743,39.2976630429385,35.1290079870719,29.6785800792115,27.7990823716915,24.9538061739448,25.9390618767741,24.5536064175735,32.6394683356685,29.7183873124841,26.2136768235995,23.3092778859387,24.4366889576477,26.919727902557,28.0422444353631,34.0310763125917,31.1775236995662,27.4183646715535,27.3999148582385,24.49227596648,24.5928848994057,25.3900753866102,36.3531498094975,36.4148306480644,37.594678215758,31.6004754729891,31.9281739698575,25.4539770093359,24.2547481979651,21.8528078719853,22.0167901595874,34.9011542545331,35.7411844041709,32.856496328476,34.7659798861933,32.2825349302336,30.3167307627221,30.5034724192714,31.4256234386544,34.2305919164227,28.2393664377832,30.0954673381537,34.3903577881007,38.3978820684381,36.2132173652069,37.7028452151835,37.7067875977915,29.0512985110122,32.1111232403386,31.6275078175515,29.3552078724296,32.3972545373127,29.3318908150171,32.3288670039451,31.9091668874709,26.7511841210018,27.4714389502963,29.1713242019717,24.8229097271221,29.4545435689551,39.074152366472,33.2915265884179,34.6049562653392,30.820899227428,34.2662038780865,35.7359431381768,37.1001290374565,36.7499540126862,32.5914178187197,22.2087220484396,22.5987118255552,28.3030733688881,25.5059592979956,34.5738694688434,34.7484873201763,31.9860044846258,29.3440919027902,27.4906703460572,24.4304659573457,24.4268948873796,31.1962764243745,30.972499750805,28.0059115733657,23.5219204614691,27.0479819352577
81.4679426393511,80.2387731769063,78.833588459104,73.0544802307149,66.4678219014276,78.8167985090796,78.0057479147823,82.5797477606099,85.6091039305476,75.9266758152966,66.0705671482911,63.7004292037885,57.9271539935865,56.9009020586235,76.9188541013008,79.4742053620055,75.7415730218591,57.4270733864344,52.2288168698925,56.7956799926283,50.8066468557754,74.8597911988021,78.4103314632979,73.9425840329865,70.5202844642794,65.9250428097752,61.5319506674118,61.0451496650054,76.3458565077405,73.655564671652,78.9027288673815,76.9804825173899,71.0347684633297,59.2429674354027,62.7403354501256,57.7789431024005,59.2036009006979,72.2870623268889,75.1497251211175,72.3046316584695,75.4818587341217,76.4375513890866,75.7053142187738,72.3883620655387,73.4789715135401,67.8930199894477,64.1892040374387,64.8076054980791,81.7019415401753,80.8253271468444,77.1086857166734,75.7107801203842,78.9748991468151,68.2245426570829,72.493617730696,70.3928988524829,65.9572088524708,67.8620505726437,65.8454579502711,70.2364394281402,63.0033741787556,71.1368552869425,77.7705448107307,84.4206710640093,73.3467336617004,58.4844480216783,79.3209086646407,73.7752092549572,71.188049907326,77.6404331683302,90.6342849816613,77.9519226549589,76.6041541248562,89.5580758503341,86.2655621940826,56.3296473856111,62.4233291552256,73.5633327785227,62.1890990354863,74.9641183054896,73.8914636761153,60.2904232164786,64.9885121777777,66.4070869973492,68.6346698465704,58.9042750743892,63.3988843463095,70.6152777281964,67.293554709598,55.6985366118575,67.6582819380526
3.75154988120652,5.03544378042606,4.547119257907,2.43419144161394,3.02638196866646,3.41368996658489,3.22102316454013,3.02637175158262,2.77713923511759,5.53439170506561,12.6263007718751,9.46523682459975,15.0029620077784,10.7508728664517,17.1315219737814,10.1985609596348,13.7050758496827,9.38921732173642,12.0966824427616,17.027964368809,8.34146569661345,13.4163919216158,9.2772143691392,12.8303885963039,5.86437026642156,7.11442301883466,4.08960333158656,6.79705984145798,8.99284452697021,11.8629757575138,12.1524198691065,14.2583467506666,10.2536955568994,8.73040369984844,7.65501486865451,6.13307686870433,5.35637548906234,5.80445635789676,5.51657411455681,7.41618059985601,5.23245555862909,7.36435408437974,3.65441527029122,5.89122857882924,4.74894440925789,12.0926763966428,7.15351863924543,9.14623464690633,2.40654873912217,9.40356295553586,4.16172480869445,5.80710489521218,4.69902216264271,3.94361518249034,4.31391857673235,6.05147261491057,39.8962790048472,39.8886293758438,40.3280377781898,40.0065024740322,51.3756001081868,23.4239224144095,18.0945211219285,15.1205885839071,14.7642350029144,54.2057002259933,12.4050949745984,20.0564764858954,18.9918259462396,33.4089136663724,16.4829226859719,8.74087346383165,12.9810386696932,8.22146622207745,12.9875574766327,4.95730402866956,6.80954561630968,8.86257852965185,9.12497681781738,10.2232396333949,7.41915833012208,14.3617496476711,10.6994703327863,7.9997511734519,20.2561956948496,6.02792728672433,7.36451686851069,10.3106885593411,8.34111084766308,7.19796473137851,5.51180198680691
3.46571750930507,3.15226968368136,3.38305672788281,2.6370407284151,3.34919604532421,3.34740472451528,3.19005178795802,3.07154147921818,3.60667433132155,3.04229719459747,2.05133177806375,2.24338405258371,1.67459029243996,1.31784893201666,2.8832463452606,3.39952031987826,2.86428833895486,1.583065711223,2.01611374046027,2.08433588746832,1.3224274884875,2.38922047919186,2.85160277739934,2.50456215749767,1.72481478424164,2.64361073923911,2.48692094488372,2.58935613007923,2.12095389787033,2.25246375142667,4.07076133546425,3.28273564724651,3.25117176194371,2.28930585907137,1.99696040051857,1.48861089046222,1.98255456413346,2.56735569676203,3.30217464603753,3.97407146068233,3.86288665402148,3.36474798682867,2.42384686294826,2.57468508259944,3.09713765821167,3.13513832505554,3.03172932806116,3.09229838062071,2.87233236604904,2.8278830627155,3.29211066956427,3.33691848456222,3.0944780095452,2.67289473479901,2.52996728560243,2.62611075741402,3.58241781761871,3.02008305008847,3.94801421087403,3.19901477920295,3.55130876323872,2.72835459940565,2.85702965083081,2.2823529937973,1.94266250038347,4.16966924815333,2.73139705862717,2.96583755798823,2.24060867905074,1.78808270327063,6.08005463682971,7.03335399647849,6.16999986152084,5.05620172657763,5.26853746693589,1.74497101809169,1.38435817474428,1.60812916868683,2.01555712843356,3.1394200449008,3.26945960310465,3.96882074572644,3.21337227816355,2.67788280806229,2.19698434868217,1.30014117948956,2.33285938070836,2.46647843968552,1.97153529126582,3.21337711222255,2.15361799484508
19.6849181623879,19.5006771574646,23.8891095028809,21.9290221496395,20.7617873402435,22.1197167048391,20.5609677715698,19.5286800459587,20.1854742301073,20.7093053819902,20.8889237027588,19.783881527833,21.7987228169965,21.0828084934623,21.0006706130234,20.7462124467409,18.8310642719794,21.542794906105,22.0719265824147,18.7572566008696,20.3986135519053,20.2866260405638,20.0460070977101,20.3427568781877,22.0864997143262,22.8614014001405,24.5536468133864,20.9460929283618,22.8193429871869,28.3502595967065,25.6308303791032,20.254478943511,20.2714727526116,18.8697005478813,18.5193115143091,17.964556226098,17.6951690263667,19.8958904082984,19.5061398797111,18.6981626820167,19.6540161241473,18.8410015809638,27.2570902226466,23.5963342010707,27.7693491952136,32.1319687110794,25.7168995080873,22.9618398485499,27.0709562439674,26.6345699451471,29.5091135054697,25.1508313207861,26.6541526232048,27.285435268186,24.6934537718204,25.4538639630569,30.638177361358,23.4432966216673,21.0696774510256,22.8537615826259,25.389227058073,25.6259042118323,23.2613493597002,21.949816682535,20.6997164957527,29.405174685057,21.9308422165606,24.9256402967226,21.5237137535669,26.0683636213666,22.958356598318,20.95980146176,20.2696514931209,20.3986909169075,21.1121323471564,20.6890109254107,19.4075791573406,16.316435907534,20.535228954346,17.0220964793519,17.5972375714794,15.5456690565658,16.484599786979,17.0001491886,19.1603399017269,19.1171971067794,17.9662191953102,19.5672608412625,15.1959873988335,20.310257150373,19.1624548941326
6.52519576004521,5.72730556814314,7.66389668204678,5.96512136053282,7.5816921079032,6.52909634385654,6.66256253034494,5.44024199642703,6.42348698408367,5.98685250060255,5.73028921865324,4.85001193395562,4.92739649722436,4.96586285724909,5.73066205632767,6.29313352978754,5.22279411679047,5.84424189805291,5.81787856449715,5.99193576056783,4.57627727810956,6.00521378135338,7.72518203082665,6.558437677686,6.80464072594529,6.42747299291767,5.95424139115048,7.78101517088809,7.06829096004267,6.85800130184372,6.07022352082463,6.11417804036145,6.64114354910887,7.43442377284872,4.90628208402405,5.56859561904106,6.38973857854314,7.69127675474897,8.88673470918922,6.77000283872931,6.57568659968656,7.06724048856166,4.16230441295823,4.81815220287804,3.88752718858728,4.28874126384639,5.46971660906495,5.77954922687843,4.8981029901585,5.61283681628615,5.42949799295495,5.12368665493236,5.4141904137376,6.26640452497715,4.49847644666925,5.58162714679063,5.39321404686972,6.13312190314719,6.14035445119428,5.11804729204481,5.2209500017777,5.86729329340479,6.97628034996457,5.1859339430938,5.89187951227413,5.20441436877506,4.8193983656666,5.31589309299915,5.12352517942935,3.35547835711129,3.90423855263244,3.77930975440833,2.89108564939834,3.90519645548679,5.54789247681063,4.96285620918167,5.50937138462418,4.11859748202571,6.37758921929622,6.40481938134698,5.95754222293927,6.62893966758665,5.91648928798136,6.03676138339003,4.92212373478753,6.11814920493739,6.55167547252663,5.81078059946239,5.55720191202183,5.83206523354311,5.64831946648014
24.6530420765,25.7094202772973,29.6108406074904,24.5109554884737,24.8566839026472,29.7289310682199,28.3388095726367,30.5799056092751,19.9449090522081,22.3317560028963,18.8863994738972,16.8714773269651,18.5230191531114,12.7623264995298,21.1904610035172,21.0185396121505,21.1739796196157,16.3219533674371,16.4765157410029,16.2606461404054,12.1052977792317,18.5317742296291,20.6456041083712,19.1577035205085,25.3301371171486,29.9350039590311,27.7982496728113,23.3042051707131,28.3359440755476,26.4289080167396,26.819133504235,33.0263101480558,33.0535795797611,18.2756450783494,20.3440340802829,20.0069303678122,19.8603273003545,29.9896911824666,34.4591636592386,25.878402346333,26.5134493071474,28.0289855883936,31.4354293148521,28.3651746388074,18.6241211180462,27.3844735331382,26.8767914588793,27.8306854255864,20.649740793758,27.9309669395607,35.3436032260768,32.4383145982404,24.029958864246,21.2955219854478,20.0775608947167,31.7987759104263,6.67515262419601,14.0414250900217,14.8381742153655,13.2476847326993,13.784339199534,14.2406801042149,15.8235488353707,11.625735562155,13.0374238914624,6.50468402711919,3.71773488535364,4.78241306225602,3.02304345586211,2.07041155115547,6.32606840826213,6.42352561528093,4.88792196821781,5.54948969990228,4.16582032269349,24.5485695499717,23.0851079410059,24.8366616052743,27.2649909737194,30.9514617247271,26.4490898661414,22.9048044732179,23.8354537116527,22.5755689894871,24.9577422010294,25.6876378493089,24.1976982822494,21.7130970837889,19.3614876039695,19.665867926802,21.6091839482761
110.245903132854,101.43921964952,111.303293886426,103.456855172184,98.0951275443754,107.360880875305,91.4913047061676,110.331576722623,108.28931479563,100.622361468123,91.1969056843226,93.6136506983628,91.3509509713254,77.8581681011937,93.6903901721691,95.9552991966669,92.2554642844384,78.116104577935,79.7060139116446,77.0854533866907,78.9180644213055,92.9958124977754,94.0663911386276,89.7617501372376,99.2231736909565,101.779013460706,92.6245416185458,98.4271806290451,92.8532406948653,84.097986623266,92.4709355833076,101.490580581786,94.5832556252235,84.0768917730782,89.8607218228349,95.8665413457667,103.58186746076,104.290453368903,101.746605193708,96.4863871182026,101.38988835113,92.1502896294658,96.0969514269989,97.4666675446616,98.6632431433664,93.0937737055625,109.228098033873,87.7245852433609,103.703619311089,100.494105620038,104.828878707361,94.4369599432956,105.594286646703,122.208252710729,105.704303675931,102.86532926155,72.7571017805321,74.8729576532063,83.5868799313109,77.2268512527185,74.0518903310538,77.4107399608929,82.7828004186755,83.3871930990055,82.9914054219376,72.6856743338088,96.8826536695056,105.155624266946,95.8475488550501,90.062902475263,100.373618744426,85.375973367658,86.7001168852758,98.6987019960398,90.4791669263599,85.4302117868683,82.7726460222504,98.6615833952367,100.963654142426,97.7176688155322,87.7091221141082,77.0620542745845,85.4545155291846,86.1668113682827,86.8147153319153,101.017423806759,93.8536774263451,92.8730217723552,94.5517994378914,85.3293011888025,82.0517505436003
10.7708783541764,11.0149309232637,15.6657352673412,12.5320289385757,12.5441515013245,10.9910874137723,10.0347260126058,13.7925763335187,12.3557449242414,12.6388029517261,12.5265636061141,10.5786314030259,11.17532705363,12.199813086969,10.7825015507857,11.5145043092651,15.1720265610006,12.1448434287205,10.6892264884299,12.6321353098652,11.1521327356065,12.5963992007445,12.9713707138341,11.2643781525632,4.96993059973625,7.23338550210042,6.81195279258593,6.37413167354504,6.39297923896076,4.84354788681781,6.40546268962756,7.61163603864076,7.54271848770941,7.54888906580229,7.23731731821271,8.20224600644681,7.69961585723202,6.78340024748819,7.99864397497254,7.42369065615966,8.12154360432316,7.33705518561868,9.06145827225273,25.5356393717609,7.52852221958092,9.83793609919469,9.42799692278075,9.7202697547455,10.5713475661278,10.9510623375664,8.888077654867,13.6596974848573,11.8614016346123,7.71984580945721,38.8022380011966,8.39213655086655,11.5552304210744,6.36845304990733,9.58705034750632,8.67346995311896,8.19984040436401,10.0609739483937,8.4868432063782,8.04886047968829,7.88720975155689,9.02182995884439,16.2521918595342,15.1925028907947,12.8205494702256,16.4691827932822,11.979464875779,8.46401137876796,9.64563290039703,12.351108705427,10.5971117561694,11.3121712091016,11.5986765992088,9.44329184056653,10.7777336631329,9.8114926198137,7.26532606418113,13.6920952320151,11.0123327326163,12.3382602950202,14.0132449696343,10.0843677667318,9.40919950219037,6.65504403914491,9.3233398402091,6.90747544043359,7.15694712286907
131.411432981691,135.916043504183,137.068362910349,138.985569673262,165.765028363757,130.946495708514,139.061480853704,125.210485005776,134.348618841728,137.874319670055,138.889308490626,144.099011268014,142.032597048581,150.685621305589,140.019400184403,132.032982746239,134.47652467321,155.413382063858,158.508252698255,152.368486146625,146.789451222112,132.295426277303,132.048219278772,151.899497867885,133.05714049864,150.491428994038,141.754493858372,148.024858769529,130.311407485153,146.485225967781,124.457541418091,134.923750996425,139.425250560278,148.184052132094,155.804514582126,146.062500572153,139.4048893517,152.925100198434,146.966196305411,149.82562325785,136.851539006561,149.445599264051,130.552121033567,135.541896043286,142.716103290394,128.028812008901,139.050776597142,138.848552639702,133.097671394354,134.03484299666,127.771163156485,132.610007308577,135.545777504523,150.251738452882,154.587488245913,159.050968916423,97.2149640867465,127.863256406343,112.95560121447,117.911921214622,105.092433401027,122.509776036727,138.529309480027,116.613973276831,137.670015860509,84.0938893967563,126.896155015387,131.497822727303,152.219129306939,113.684416081628,133.40975376535,149.204677266336,148.200191478997,132.488928168778,137.594594776023,162.480596843674,147.752173839598,155.809848343879,156.443879659688,152.221623202754,141.131672867351,145.030127589597,155.477781766529,143.181987104495,146.231278248285,152.904482351485,167.005286254239,155.469009845751,150.139995257935,166.710004582106,156.338065625788
31.4969409312153,34.1063298204126,33.1121224360788,38.950105805125,35.0333976692829,32.6053791478306,34.3196921044093,31.5451826888471,38.8117831467843,35.2851454304893,33.4101821404813,35.2312709507334,33.0095921952007,36.3219973804823,31.9270545542425,32.8225514583342,29.8190544492409,37.9570027925755,34.3159938917203,35.8226683601992,34.8768209630436,34.3165575288233,34.7275790505765,30.2370955909127,41.2176524969103,33.6072902888623,36.3178881808841,35.583866984818,38.6204495263209,28.5349616243235,34.3608175195554,35.9323601695172,35.7966515496779,36.3619374008976,42.5460733998816,45.9301958586774,39.5610067858078,40.9176965178145,38.4349819330678,39.6953413499888,42.6367870295191,39.1215439279906,22.3374268898964,20.5787160068037,22.9489641439729,20.508283414899,21.5501452225992,23.3686295228457,24.3426286492432,22.2298865433657,24.1535327143409,24.5917891331127,24.2744608304323,22.6280257376649,21.580945300969,24.0528909633408,25.6446992882384,29.2822545913643,29.3149329016281,26.3903665097047,23.6688152572151,31.9450396449923,39.3640080148059,37.1966479164115,34.0117033539359,21.2546388123067,33.9626462598133,30.5877949246169,30.9972206398962,34.6633948471407,24.0569838118862,29.0932858579189,25.9172046131208,28.5461639429862,26.7482421955064,42.4975793926561,41.019655170247,39.5170941051976,38.0929303325969,36.0353097487197,34.0245954311299,29.0880926587632,28.6576308358946,32.4325505307078,35.7365868125339,40.2767978118842,39.7308823705032,38.311283960689,33.8143578545566,31.4962371031605,34.6856603969761
5.93102171695507,6.67298647324754,4.29248057946421,5.47693074363136,5.2053769861063,4.63996694487267,6.10136118667698,5.91723432025856,5.1214775504766,3.49540528740986,2.33427409227944,3.47263558824601,2.63149903097708,3.32930256509472,3.4710926874982,4.24026190436428,3.55316781288071,2.56565822163728,4.48411504343749,4.91055403996774,4.23854964258813,2.66489976525246,3.19379511068726,3.42729558394418,3.99171421495921,4.00429273737688,4.03433842170025,3.81210763594998,3.86013609412401,3.60394200228267,4.37008202189544,4.14486824147286,3.6679886545006,6.75151219454946,3.24506065084267,4.16811049329421,3.61729253806808,2.82781207179586,2.71943794379561,3.6924443492954,3.58194944281992,3.0790618370036,2.12552724904694,4.18931810050079,2.76677630800242,3.5830152286349,2.89547183017077,2.7003168957533,2.5618099480978,2.58938690079973,2.29826593912977,1.69012754412892,2.71244368737912,1.88417169830094,2.30291893945862,2.22648520737276,2.11336878449449,2.47097704098147,2.19922939263453,2.22049261144675,2.20970323045965,2.59526413114196,2.85702965083081,2.99558830435896,2.46070583381906,1.73458240723178,3.2245659719904,5.48679948227822,5.08582604927389,3.29383655865643,3.05759973066003,1.99210604524535,2.4439609841089,2.79529851550633,1.83786190707066,2.02258004369718,2.09524480501836,1.10782231620648,1.42921323652561,2.33444054620829,2.09580743788759,3.06070074458565,3.67242546075835,2.98295806467698,2.46062247052403,2.56088414141883,3.15622151507601,2.83038509472109,2.62871372168776,1.71380112651869,1.5330839963304
4.87022632673582,5.00392108358925,7.67553730734702,8.62177085333869,6.77384988106717,3.5827173338624,3.60290023779763,4.43250537287765,10.1726249514924,7.14260178591186,5.83851465384075,4.85708013028568,4.895955210101,7.41740867315061,5.73766022706859,4.83133979223988,4.01943044628526,4.42221218159225,6.25968555831181,4.38099141364316,3.15415910202838,4.7573055464524,4.24356514647388,4.06398164819227,3.25349348730379,4.50307988126567,4.08960333158656,3.90705069405288,2.88492149188323,4.44110769656291,4.56164726121141,1.70967525224273,2.75307557533823,2.63968606089195,2.04397217661411,4.61231198300813,4.6722202561412,3.08826844682969,2.14330559084577,3.32820661856829,3.96823810822207,3.42759893979019,13.1260630116583,8.29135874057448,13.2173446701841,12.1566588114399,7.12660778341208,7.92717222896867,9.85559339275017,9.15314198552431,9.55954400086681,7.12930467396534,8.17744466596481,11.1678800173479,6.15560501873884,8.69585196889791,6.42232155375832,3.71548658876468,3.67165321611285,6.19178719381729,6.21347503612582,6.9207043497119,6.08034515433224,4.10038980041896,5.01163754821149,5.46426815631997,7.89070261381181,8.93458564343954,7.22365125082532,9.41002050000162,1.91961031366265,1.1387528638229,0.945532446310986,1.80831149554594,3.77619359839451,10.1890444083663,9.87720850137138,7.63754146514997,5.99353397009652,7.11561627869247,6.42742225051367,2.6217760773676,3.2829364912183,3.59243063289166,7.2939880376248,7.87964351205795,8.14396635571207,5.84636258351032,4.24335057304751,4.85134253889279,7.69936684157074
76.4047794615818,78.3515052234295,108.109397319672,98.8322295152618,94.138233999743,80.0758866821919,79.1343448774347,90.6601603373355,85.3634894085846,64.2633498576679,64.9037837800442,68.5587385856098,65.6637611446591,62.3515946019145,67.8483850405746,69.6956496547944,70.4821595225073,63.1042745577169,64.0901701743279,68.0341364760422,55.5728111578729,66.0328467694596,65.6115777709224,59.481154256221,84.9200238915767,78.1400794902007,63.8337341641764,79.8863118392903,77.9802635814394,64.6659818397082,80.6968570618501,109.825744820658,86.5211832893882,91.4503967289991,73.8351146086734,76.3943200098086,78.9755827871419,110.191278585562,107.415856324252,104.762782083839,97.9828223222828,124.432824559699,64.1629554574142,70.2609739676282,84.4354056932297,76.4161174645629,98.4504705944876,76.7970125152238,67.6771965334072,71.6394771162574,67.3801881116327,82.549296183552,70.0647126509358,60.7373701433927,75.052776946517,65.737832088145,63.9827554063718,68.9967389186056,66.4026843855375,77.4568039621413,66.229803955135,62.3295935495928,68.432453282746,64.7097000213274,59.3150982728196,60.2517206358156,63.4048303875986,64.4584012962319,58.8088647816563,61.9175396296236,99.0061336235064,84.3961824352006,91.1801778236866,76.9644338913559,79.2492180535225,61.2790197278348,57.7296066411265,73.6880521296053,65.4403759161159,78.9197875620647,73.8872720612395,75.6941564802735,64.4319984733397,64.4834180181399,69.4049325592184,71.3036821049636,75.0590644391794,63.8672353216535,56.8676716718887,55.9110479515458,67.8725486775397
1.10760044111812,0.777832779090205,0.836669943454889,0.879013576138366,0.847386951226607,0.961136010009339,0.867198544299267,0.993734007982353,0.613134636324663,0.776756730535524,0.247574524938728,0.215119018740903,0.273402496724892,0.24276164537149,1.00773658669302,0.840741584486021,0.942677174845903,0.327530836804759,0.278084653856588,0.812537718843583,0.372992368547756,0.765775794612775,0.91251288876779,1.23031123526201,0.0492804224069039,0.349889656664,0.939503468067182,0.251742957091036,0.848381559148133,0.450492750285333,2.27483721687708,0.364748405249612,0.833633785113772,0.620828707544778,0.457636758452172,0.357266613710932,0.173908295099427,0.409288589338874,0.6992840426903,0.438086617713013,0.280937211201562,0.444400677505674,0.111869855212997,0.610942222989699,0.660722700418489,0.831771392361674,0.204386246835584,0.435534983186016,0.349337720195154,1.12433904903146,1.42865179999959,0.476702640651746,0.611254915465718,0.0438179464721149,0.356790258225984,1.02760855724897,3.94323687838606,2.19642403642798,2.51719026867807,2.86029556728734,2.4464571480089,3.99271404791071,1.39188624014834,1.78308827640414,0.69072444458079,3.43580746047834,1.25189031853745,1.29755393161985,2.45399998181747,2.07041155115547,0.632606840826213,1.05703586074243,0.520844144154357,0.616609966655809,1.28650333494946,0.277609025605495,0.299320686431195,0.750460278720519,0.806222851373423,0.764730523757888,0.838322975155038,1.41263111288568,1.02404171501915,0.881328519109107,0.39545718276279,0.196991087801449,0.59465043037664,0.727813310071137,1.16270029997728,2.52785666161507,0.693537998339942
14.3630766880478,13.5916043504183,11.8225100705582,14.4361075773493,17.9968847736699,11.7324878463209,12.4195220094288,12.2409961892372,12.1544924965536,16.9915534804646,24.615981336765,26.1830577096071,16.711727612309,13.2478497902727,25.5573195458537,25.0760316068439,21.3190068772843,14.8480646018157,14.0085144380256,11.9054439674038,11.9018473963875,27.5066665424909,26.8430874779192,25.5289581316868,18.8744017818442,14.0733395235964,14.9215256693023,16.5071453292551,25.3241895405718,20.5725022630302,22.6286438941983,24.0070768546108,22.5914755765832,22.7378514138275,18.055850288022,12.8020536579751,13.8778819489343,29.3943623252464,40.3642289086234,26.1600294577199,24.6522402829371,27.4893561942795,9.21061807920339,17.4118533552064,12.3059602952944,10.6210808563106,14.1026510316553,9.40755563681794,11.566960068684,14.3779114754932,16.3984380521692,23.6184490141092,15.5105934799426,13.8026531387162,16.8340130926623,18.6111327590646,26.5202009664004,26.1609791481689,27.7685831744697,26.4577339974079,25.1485272418979,25.4202794383649,31.5738405002072,28.2441182982416,32.7662408398012,31.8229157019062,20.7889665017734,20.3159872722194,16.4311303130387,12.1871952670288,14.0930746206284,20.2056470303457,17.5083762304195,15.0863905175121,18.8074535156897,10.3111923796327,10.3639787676801,20.1552189142082,15.1350017098738,23.5858993116906,27.9999873701782,24.9901170684301,24.4357540273536,21.3213707122934,14.4561570143287,11.8194652680869,24.2891829638458,20.5809430459005,20.5241879039467,19.708712954965,23.3977819439949
16.6150784881664,12.3638567164754,16.4194657555319,16.7976113578595,17.2334294823743,12.867622616763,11.2438485543716,15.7673968257455,12.4076810346124,15.7691325757843,16.8516905567937,16.7178208850073,17.5551743147053,17.3415047359371,15.948271264906,16.4518506491141,15.6259618775034,17.690486380553,15.7837373470826,12.8243181442352,15.1231451247545,17.4906254592736,17.4525694250913,16.4352005156216,16.2625393942783,15.9277547039156,15.3636449483927,13.7746553464298,17.0108986424792,13.8151110087502,16.8218225774331,15.9802908129041,16.1308137419515,14.7881398137166,16.0593059209202,15.2445664070455,12.3127072930394,15.7762147163348,15.5520771094323,15.1224371244406,15.8143067900499,14.0919454837049,18.4208632588894,15.3612694224717,16.3755991781845,16.8971159237534,16.4878385322265,17.4257546772725,22.2838650182264,19.5979110422239,20.2880978659072,21.0316871395181,19.532650823707,16.9562307463143,16.1908175635149,17.914071621064,13.2518531903826,14.1198688056084,13.8591196845481,15.2841399056719,14.2762612282197,15.904310957511,15.5305201532342,14.9001988729436,15.9734344837086,12.8809422413953,15.441118677403,17.0580147147693,18.4939129064505,13.3249805240047,23.8889915508223,21.1273009904623,20.5148488902151,22.0795696860112,23.2213851958378,17.2914730363217,17.3609739638673,15.6167210381365,14.0645576422094,14.22197529315,13.1662814862974,16.6825007616976,16.7377852730717,15.4262998369755,15.1165705095425,17.3761898727902,17.0646376581776,15.8068920725616,16.6316695083706,17.1380112651869,15.5027643828925
76.0671399722732,68.0808374540532,77.9921895116209,79.3478793537209,68.7593983281019,80.7022822197497,69.8404541926731,78.6856655411481,80.2124371285912,67.1894571913228,79.7189970302704,77.8423534958154,71.5972788298311,65.9618070709391,81.4027220584255,83.4161867737869,76.6831624922725,66.8708791809716,59.1277495262571,62.3181102626122,64.2903209787768,87.5434888401324,83.5329506926181,67.7989370003317,72.787183894997,64.4185734546941,66.6494813228836,61.5691346485506,81.8264013798374,66.898173417372,81.7744115330024,85.7821931255224,73.359773090012,61.9276635775916,73.5131047440897,69.6669896736317,63.3026194161913,80.2577715639956,81.6219874273511,72.9727137504819,74.6941810282153,76.468659436512,75.7731819309364,68.8182775467682,71.5645274890776,74.4115484089713,75.6569757036386,68.1176713702928,89.197564556496,89.0953519156749,82.4891126260631,90.1401356868756,90.007286302327,72.9130629295992,75.2503090076621,76.8422843365059,75.7462299710891,62.558863180404,67.3282155022209,78.8086699723644,75.7875596065982,73.2663027791616,73.623456386794,76.1735311679849,68.5975714024297,77.5558480156519,74.7719944799187,72.1439985980637,65.1910429952381,66.3002244449559,76.2994139685393,75.9033058463893,70.6344789341639,70.2524288676518,67.3882699259242,72.1783466574288,73.7451341194856,76.6184208369902,64.4611816166296,71.0796897345489,75.7424808052576,63.5684000798557,64.126198430165,67.5233234640516,54.4852118473177,61.9733962223358,65.4115473414304,71.7300451147887,71.025822672525,60.1972645689691,62.0533998514685
7.00289311158551,6.71392504056808,4.98364270666608,5.64597181596566,5.81065337983959,9.14736340560612,7.09244523730472,5.96240404789412,5.84281241674091,11.4247969116267,6.79061554117654,6.57649571579333,7.34769209948147,6.90136677556093,4.67477805493709,5.11755747078447,6.30868570858412,7.58779771931025,9.17679357726742,7.91341082699837,9.08745043370896,5.26853746693589,6.15946199918258,8.04096271617673,6.94853955937344,9.09713107326399,8.89765049169508,10.2854979611481,6.06592814790915,7.05771975447022,7.00410406248995,5.17279556535813,6.12720832058623,7.13953013676495,7.11417142684739,10.8370872825649,10.3301527289059,6.47420132226946,7.42018067521373,7.76039151377338,6.98831312863886,7.65004023420482,27.7810140445608,17.4991308156335,28.411076117995,21.5620737866065,15.056453516888,17.0729713408918,48.4803125026386,28.8921064720812,35.4678338173811,34.6692829564906,42.4440131926508,13.9341069781325,23.191366784689,16.8413624660247,51.1074426786899,25.1412108455417,30.2327799638072,28.0007881850235,29.8572996020441,25.7530056090241,7.69200290608296,19.5426475093894,11.0084208355063,66.4812064925567,10.88765216425,8.78629376554013,11.9499129549373,24.1861713021344,11.7383713797753,11.9526362714721,10.85759715891,15.7852151463887,11.8235782688212,9.95426648956848,11.8231671140322,9.11273195589202,10.7740690138085,9.65975398431016,8.76047509037014,10.8974400136896,10.8760292491689,9.32174395211556,8.83187708170231,14.3015529743852,11.252615836358,9.58287524926997,11.2225855041285,13.2391137023569,9.30800997772027
29.8694828637014,32.4233453178654,19.8254399644745,19.7778054631132,22.2749783245768,25.9655864497178,21.0010710328017,22.4461927539396,24.8492648079392,26.4229984323545,24.4745101796571,20.7436196643014,25.7999683565653,31.1775313127099,22.7300585665204,29.2066315654057,29.4796906662964,26.5845862539863,28.1908317847117,34.055928737618,30.9583665894637,23.2752958117785,27.0712157001111,25.1695314922424,29.6076777820678,24.1035096812977,23.0454674225891,20.1034732876985,25.2817704626144,27.8554683926431,28.1960086618185,22.0838579905674,25.5508755137371,22.349833471612,23.2978713393833,24.2941297323434,26.5384058321725,21.1713824848927,24.2806959267465,24.5015586906635,27.5669638491533,21.2994896147362,34.6423651642913,31.4198857537559,23.3309444551524,28.6641218290792,28.8787547466338,30.7918877762681,37.8837349900523,28.6188580122863,27.1443841999922,31.2023546608416,35.1853610714954,34.3931443654277,25.9483824164352,32.5409376462172,25.7985628448657,21.8857966486931,26.2587989480563,24.8017734058205,27.4634544357128,29.3464482521437,27.324924609228,28.3867653603539,23.0097580600975,27.4531023298415,21.6994321879825,22.1325627764872,22.4039528774797,23.6215136063647,29.4162180984189,20.4089231574116,22.5164930011345,31.3648936372255,24.5048254276088,25.5003719234762,29.7812858473297,17.4392674293149,24.07674606147,20.0842384923782,25.3592699984399,25.4609941060586,28.4259855376007,29.660094393095,27.9017012282635,35.2614047164593,27.4454044789218,27.6985528776684,27.9553593864102,24.6787362218692,20.3316139513341
137.494303146219,137.511419472664,113.401152827254,125.577907979995,110.630401658592,124.109504415244,113.376918254154,127.860592926155,136.538230828273,130.230709792948,124.178076540874,126.890411707393,132.013420802977,121.530988103525,122.448113161262,117.352172521836,115.308997163439,119.565677860305,113.98759482745,110.0783708217,126.989999047683,122.386593805332,124.956093064528,121.485325338469,154.821346250425,145.771417525641,138.51818073543,151.213363137485,137.374608155841,120.277810219932,128.708493806787,143.235372383685,137.326160689362,139.274772160884,137.660465209747,156.358924379302,161.531937370381,119.975880434511,131.406737864417,119.393310520391,134.772252472155,126.675778264882,135.848412878868,123.120131487999,95.9022481589926,98.1227915086107,143.941058196428,120.596588099325,108.509730034929,124.100115017657,112.951695919793,123.4577499741,108.99592025127,138.944079186288,120.226315895289,138.998900602638,92.2573101918031,98.6508167218508,97.2621122425471,99.2134916528405,87.47031319802,100.569812343458,117.697900466944,113.499274675608,121.400864973964,77.5064791317538,146.696886886921,146.286600980517,143.040102418428,143.625390399815,122.200311994155,122.922293693483,119.213612259441,121.63453738908,107.905773529204,174.743380673313,162.255757700622,135.061051085407,158.847156686646,120.762621904101,143.293707820275,123.102729310199,137.676758699001,147.098475454413,132.58580845862,146.741025196353,142.955335732768,138.267546602948,149.933236813287,143.556122912557,146.589841529121
4226.46036712078,3744.48699854024,5353.85096816783,5438.8288859272,5332.84819462653,4163.60805273942,4197.39581129136,4672.08560825667,5783.48262399067,5627.24649922838,3687.19813549103,3998.54012649074,3656.24576401407,3708.28817375467,3623.3728828207,3605.79443993281,3540.40541420587,3860.55138494489,3496.70595875621,3520.54929711471,3927.64354920501,3541.74368111587,3596.78361518934,3393.81354247026,5952.28653999548,7122.39272768089,7103.25413259665,7315.03895731258,5943.6763652359,4196.33996890788,4979.79826015578,6258.08786570539,5766.45330007824,7158.54301593351,8569.24830201691,9599.57527710588,9243.19110287551,7372.7386080826,9003.7482389994,8243.50717740703,8955.9271215918,8244.48962617973,17859.6494852375,13099.8667840753,16704.06095063,13574.1252288537,10411.5035425536,7958.26942676815,27281.3351821293,19153.9334013775,18692.4801511946,19012.2447439062,20694.9902488973,14548.9604030293,15646.5502423302,12239.7313466638,2763.66782315748,3756.55187387433,3920.2986211789,3354.86325215212,2873.71905121277,4286.97707324173,4734.6109316204,4595.73172360403,5420.89178162561,1533.40420534688,6736.72529261209,5969.74905562713,6108.00595474369,6954.55945513921,8976.19904378109,9986.50891526578,9895.95860906444,9604.76902127309,9277.64943101982,9830.57183944512,10858.9429377799,8588.62479171511,7156.10732177699,6436.33432872079,6682.39818340708,5880.61515257252,6255.34116030287,7434.68400370002,6710.55687398876,8407.02805231999,7121.99097759862,7484.14470153428,7884.37183851983,6818.10071168564,8079.53517066076
2.39384611467464,2.04692836602685,2.61914069255443,1.75802715227673,2.01758797911097,1.72341629380985,1.17691231012043,1.7616193777869,1.15413578602289,2.13608100897269,1.20250483541668,1.50583313118632,0.854382802265287,1.76869198770657,1.1477000015115,1.86425307864292,1.34150213343455,0.982592510414276,0.938535706765986,0.741882265031097,1.59369466561314,0.765775794612775,1.02657699986376,1.49394935710387,0.492804224069039,0.466519542218666,0.552649098863048,0.899081989610844,0.76354340323332,0.750821250475555,0.778233784721106,0.729496810499224,0.583543649579641,0.620828707544778,0.832066833549403,0.774077663040352,0.695633180397707,0.892993285830271,0.505038475276328,1.00134084048689,0.66722587660371,0.539629394114033,1.30514831081829,2.44376889195879,2.10605360758393,1.5995603699263,1.60102560021207,1.65503293610686,2.32891813463436,2.93009570353654,3.97537892173798,1.56011773304208,1.48993385644769,1.13926660827499,1.39472555488339,1.08469792154057,2.34532389498779,2.03953660525455,2.04024895461275,1.76886699555928,2.26231521213726,2.39562842874643,1.61165775175072,1.35514709006715,1.68364083366567,2.46844419490677,4.40058415001043,3.81851585590984,4.58791300948484,6.16417984548561,2.24926876738209,1.58555379111365,1.76285710329167,1.52097125108433,3.24688936915816,1.38804512802748,2.09524480501836,1.858282594927,1.83232466221233,1.89170182192741,1.63472980155232,1.24446074230405,1.83621273037917,1.2880955279287,2.15304466170852,1.33953939704985,1.60098192793711,2.02170363908649,2.22429622604349,2.78492683059288,1.31407199685463
9.99734449771806,10.1437582106827,15.5453275493918,10.7882012363751,13.8987600704997,12.276358257502,10.2313942539022,12.8878266889784,11.5997859843964,11.3477685358486,6.00686533079908,6.22953946985264,4.59179493249456,4.51918142976555,5.60497490982068,4.53744577748912,5.09698297076296,4.28355746067824,3.24246706396782,6.23075119445403,4.29924567347,6.37860605880657,6.20965020806481,6.0289644496536,4.875312188715,4.53651378179134,2.79695708934589,3.68120129826264,5.06186857265734,2.09028636132395,4.29046271930474,6.31644761054532,4.524547368705,4.48975560937539,4.18155187200252,2.67235427055777,3.4583403563472,4.99778575636342,5.05932004886432,3.37764782256733,3.10540969831927,3.93135885064841,3.19015537115729,2.54937461907558,1.60431730695364,1.21566588114399,2.28197244591929,1.38543678151472,2.98489674255637,2.17815137589641,1.44542292982567,1.72956385349193,2.73001726619876,1.12261578861558,1.96104900112209,2.71802463392351,2.70820477895952,3.24286320235473,4.08155777881232,3.90957241486591,2.40778734147585,4.53239589671998,3.78080257126611,3.76445596914442,3.85812772576157,3.77972178006603,2.28678631519508,2.86611127010087,2.44333041667914,3.85049493706937,5.71349411739541,6.13406041033916,6.36751998695784,6.30586459233341,5.32918690986922,3.30632349496145,2.64599486805176,3.78803759735119,4.83330599398367,3.95848668482043,4.53616561856391,5.54323175511165,3.90265828772127,4.04902660029165,3.58723604452824,5.17771375177328,3.4416537216568,3.25656022184052,4.49307837660785,3.15339407279439,2.91869991301378
36.97956311475,38.0728676080995,37.9047861339128,35.9043237638056,37.2043223348063,40.5334255255663,40.9751312181403,37.5812133927872,39.7816178744767,40.1971608052134,44.3158399640323,45.5437693962884,43.8127501001639,46.1940730906892,40.8133317610675,43.7916703571414,41.9128774662255,50.93104512314,46.5791795209786,46.5619440624279,46.6240460684695,47.7231475202681,51.1767645117269,53.957935603634,50.0196287430074,49.528824732215,45.6488155660878,54.9878544845992,51.8361132639509,56.0112652854764,43.341635395237,51.3300483023999,48.6008496721329,58.5131056860953,53.4602940555491,56.3290360950903,55.2332745235779,51.8680266853082,54.9326464646713,55.6370004495527,53.6238901880982,52.4710228512056,53.1381812261734,56.1630457848387,46.6222455482796,42.0364465216631,47.5198023892732,40.4176464396622,60.3577949892738,59.6921822394885,57.2703025912878,62.4913825290743,54.6309080697486,48.1559231728543,54.1023773382674,51.6658746839063,29.2778895022651,37.7706490550025,35.0286898441307,32.441773407917,26.5690507471934,36.8660597090423,40.5844724759044,37.1595596802623,41.3139558414885,27.820033223679,40.515723036303,40.2241718802154,44.0297388042034,40.1377512076277,35.1096796658548,46.9161301267987,42.0681808740057,35.6811634038161,35.5319968700327,59.6066236407228,61.8471368338456,52.7109005291793,50.5355141838159,52.7261571643596,52.2275213521588,60.7095037799681,48.3771430888359,48.7781438076156,43.4563504169333,47.6718432479506,51.4601333979785,46.8630903540249,45.9013857556247,56.9410424285836,50.701277878641
74.336067669945,74.0157015585114,72.7495428920245,66.4307748523676,61.617136882049,77.0221255800449,62.031641015024,70.7538613683435,76.0629583104057,73.8860711544522,99.3452906558417,86.9068543197893,111.854771213209,114.371253576818,82.7175383772302,89.1898882202898,91.0397732970314,101.691774211142,103.685253613698,114.778018332037,119.759033357428,78.801392368833,79.9570408097593,84.184485669673,91.3634391212794,88.4419972812444,96.0432289441126,105.252651461375,82.8851815656543,72.6029132784853,84.2869093749058,76.0964650188486,75.4426071021187,74.2635299965063,85.4927869801173,114.140728637081,119.574822094693,67.4582011337617,74.2328860429236,63.1135744188505,80.1707007890758,64.8793246252748,92.7315332826745,93.2075274758191,76.7243588276582,90.7910465970166,108.287921298429,105.132482986323,93.1120877877939,86.3662744057531,94.4761223810162,88.9678805569092,88.1735215559298,107.792148321403,96.1361620146508,81.2924002830369,130.957216282306,83.4221459964242,99.3304477412104,98.376478844729,109.245097114841,97.0229513642303,83.2934028972983,100.56189937733,85.9502962614105,139.545153220558,81.7636122285991,85.5966670314035,84.6075176339835,98.457009670959,71.5632974202204,63.3408411937196,58.0488811646864,79.501578367489,63.8350702389209,88.9923321697091,96.154525610873,82.3465769358526,92.748243286931,71.7220633745056,77.585533866136,72.4457776021188,80.2234279546006,96.4346275884112,94.4263873063596,111.610422562194,78.0291146272067,88.7087166165649,91.0950408938719,88.5071169276498,80.0105587084861
118.834808618028,100.504182771919,121.753665249718,129.789735338276,105.802313624579,120.970566777037,89.9718489710489,115.905521112851,127.928738531975,104.92688834984,132.523106420773,119.268130247635,132.668561535754,124.363322900309,121.768170892074,115.327813002322,119.901285277515,121.732294345769,107.375436970375,98.8469798836671,116.271893795478,122.616020233397,133.645116834116,101.720375343984,141.434812307814,127.593094796805,136.835916878491,124.576800480479,135.401696840042,123.735342078372,150.25898458846,128.955140728704,128.921464867845,105.812492842163,123.811544832151,146.002956136534,125.561789061786,130.042147249033,147.898575028998,118.971808610348,129.336468606919,122.273672125133,128.985943060585,101.809157588212,88.5781370248537,109.793823791741,118.339636917803,107.620694345264,129.099695263231,108.686108073041,140.629029356481,129.013069201841,127.179225849086,139.954521031935,116.637978961876,132.904040070866,75.1792285898833,85.7782029940712,97.7729693833904,101.013596086832,87.8883153924486,119.781421437321,121.533645916111,94.7889727736441,110.731762521858,69.9503713070202,118.626091698988,122.414945205964,95.8838253765204,109.261264131432,99.8464463770706,86.3110435521609,83.2549331963656,112.181906600247,98.0805637740042,146.736199248619,149.847418644617,137.691593043341,143.690900010691,132.942364209069,130.610719529155,110.925176435642,115.363595964399,135.114441429573,147.813106979336,157.78986132896,134.573966628313,144.470942049121,136.996426649497,117.82382744816,122.20869570748
2.14374278926087,1.80129696210363,1.27319339221396,1.85945179567731,1.2509045470488,1.85598677794907,3.09713765821167,2.16814692650695,2.74107249180438,1.97425669011112,0.601252417708339,1.19852024727075,1.1961359231714,0.832325641273679,0.951751220765635,1.35249733156447,1.5227862055203,1.36471182001983,1.63374734140746,1.13048726099977,1.59369466561314,1.13334817602691,1.44481207388233,1.0106128003938,1.97121689627615,2.60473411072089,1.1052981977261,1.72623742005282,1.9088585080833,1.65180675104622,1.79592411858717,1.72426518845271,2.62594642310838,0.931243061317167,1.16489356696916,2.32223298912106,3.23469428884934,1.22786576801662,2.52519237638164,3.09789822525631,3.61706659422011,2.09503176538389,4.5493741119952,5.41120254648019,2.64289080167396,2.75124383627323,2.35044183860921,7.01211322929485,6.90912379941527,5.34912820296787,3.16788007825995,3.77028452151835,4.69902216264271,7.14232527495473,1.94612868123264,2.39775330024759,2.78346132591957,1.92187103187448,2.3847065703266,2.25812807943738,2.49906912968651,1.73017608742798,0.659314534807111,1.49779415217948,1.25193805580268,4.40317072604991,2.88314133966201,2.11315926006661,2.38286954756189,2.35274039904031,1.4760826285945,1.0976910861556,1.36220776163447,1.10989793998046,0.735144762828264,3.72789262955951,5.08845166933031,1.21503092745227,2.49196154060876,0.724481548823262,1.76047824782558,2.85889629988769,1.8715245136557,3.15244431835181,2.02122560078759,2.28509661849681,1.60098192793711,1.01085181954325,1.92098310431029,0.985435647748249,1.277569996942
6.64560264670869,6.67298647324754,8.65771506705493,7.09972503804065,6.94050264814174,6.2308127545433,6.6898173417372,8.31122988494331,7.17728191932988,6.57006734577964,4.81001934166671,4.57896197034208,5.26299806195417,5.41011666827892,3.80700488306254,2.92431855473398,3.91573595705221,3.65742767765314,4.06698806265261,3.03818451393687,4.44200002543236,4.01266516377094,3.61203018470584,3.07577808815503,7.04710040418725,5.32609810699644,3.4816893228372,5.61027161517167,5.1327084328462,3.37869562714,3.59184823717434,4.80804716010852,3.91807879003473,6.05307989856159,5.07560768465136,5.89489912623038,4.90421392180383,6.06491273293059,5.63312145500519,4.3182823745997,5.12710410442851,5.07886488577913,8.05462957533576,4.84389905370404,7.26794970460338,7.0380656276757,11.3093723249023,7.31698771752506,11.0235458372693,8.82435799088329,7.70229666086734,8.84066715390511,9.43624775750202,7.01087143553839,10.1198691424097,5.25222151482804,4.2782831490986,6.78538139825071,6.33272078120063,5.60768473060282,4.10373457085363,5.78943536947053,7.69200290608296,4.42205892548227,5.65530639000521,2.93544715069994,4.70407271208012,4.44875633698234,4.80130431225158,6.82294715721689,9.06736471850905,8.2530107588736,9.85597380476706,10.400154770928,9.1893095353533,4.24345224854114,4.86396115450691,6.28957185975292,7.03612670289533,4.82987699215508,6.24550616490503,3.1279688928183,3.74304902731139,3.55921132717139,7.51368647249301,6.18552015696549,5.07739982860054,6.02467684447774,5.56074056510872,5.31278349220795,4.85476598837959
0.893226162192029,0.818771346410742,0.909423851581401,1.14947929187325,1.0491457491377,2.31998347243634,0.7433130379708,1.03890373561791,1.51480321915505,3.49540528740986,0.707355785539223,0.553163191048037,0.888558114355899,0.41616282063684,0.811787805947159,1.02351149415689,1.0877044325145,0.818827092011897,0.799493379837692,1.80171407221838,0.678167942814101,1.53155158922555,0.988555629498439,1.45000967013023,1.18273013776569,1.12742222702844,0.497384188976743,1.04293510794858,0.466609857531473,1.05114975066578,1.25714688301102,0.994768377953487,0.666907028091018,0.931243061317167,0.416033416774701,1.19088871236977,1.14779474765622,0.744161071525226,1.55396453931178,0.688421827834735,0.66722587660371,1.04751588269195,0.0745799034753311,0.261832381281299,0.495542025313867,5.63045250214056,0.919738110760127,0.783962969734828,0.349337720195154,0.340708802736807,0.31057647826078,0.390029433260519,0.420237754382681,0.17527178588846,0.16217739010272,0.456714914332873,29.3809806624844,9.29558029702554,16.5074688145941,16.0327093640054,33.2244664294111,7.6527019251622,0.952343216943604,4.5647059875946,1.94266250038347,40.629257154006,2.54171670733361,1.8907214432175,0.853565211066947,2.91739809480998,0.773186138787593,1.74817469276633,0.0400649341657197,4.39848442881144,0.061262063569022,0.277609025605495,0.112245257411698,0.428834444983154,0.403111425686712,0.201244874673128,0.251496892546511,0.739949630559167,0.28249426621218,0.338972507349657,0.571215930657364,0.472778610723477,0.320196385587422,0.849115528416326,0.353865308688737,0.599830394281543,0.438023998951542
14.9347414318507,13.9223879743682,12.187007150272,12.7795050684732,11.1370856446926,11.6993452252861,10.6863637758935,10.7052254496281,14.142491387978,13.3343238741932,18.0375725312502,18.0199055741576,17.9762141596616,16.6811930605267,16.2637488019069,15.7098048158503,15.4091461272888,16.106328899874,15.0857448659026,15.4855558120824,17.4631636114345,14.5803711294272,13.2694582574983,15.0713126319597,15.4247722133609,15.3562682646978,13.6504327419173,16.1475125334108,15.5253825324108,14.7160965093209,13.6490233012625,16.8086012822801,14.2968194147012,14.1626548908652,12.2313824531762,13.159320271686,16.3477275559363,15.9250469306398,13.6360388324608,14.9024550585461,13.1654200599332,13.2367916085619,16.2957089093598,18.7210152616129,17.8808080800754,12.6045357150192,15.7377410063399,13.1967099905363,17.6609625209772,14.9571164401458,13.9138262260829,16.2078897821594,15.2431694544263,15.4677351046566,17.9368193453608,13.3589112442365,9.71634185066369,11.8450010535937,11.0494054099099,11.47881773714,10.680232280555,11.0465088658863,14.9444627889612,8.98676491307687,12.692061669172,8.03912231043962,18.0571900824437,16.2008876605107,14.4455242407943,13.0341818106833,17.611071552112,12.155912398538,13.5639834618044,14.3464585575252,12.0073644595283,19.5115520725211,17.5102601562249,18.1539915042868,17.9567816896808,15.1738635503539,13.3293353049651,10.6956355689916,13.8069072611203,15.2876600814695,16.5213223020899,16.3896585050805,16.1013039609675,15.2436454387121,13.9524035997273,15.3385200823423,16.6814139600712
45.5523905290042,49.5430353999676,49.7603992326686,53.2415142245561,43.4184933104681,48.6192307794276,46.0838597853605,46.843266044459,52.1939875857198,51.9443117600123,55.1921425224834,54.9788895582644,61.9940161323692,53.7890445673115,53.0724473381882,56.6400294671845,53.2761256727045,59.1739045160598,53.1854280791591,49.9216108912116,61.5064415735249,60.0077228174463,60.146005780907,53.2109609250821,51.4487609928076,53.4534203811296,54.533755128509,59.3739360627168,48.8129055779266,42.3853612318461,44.6790002222116,64.9620225644152,56.8400691873049,54.9565332277482,57.4180199493269,56.1373030123987,52.7536900520503,61.1328320257973,49.8904200257394,54.7849219781008,59.0178846431682,58.3586969700451,60.3597532796897,51.4937016519889,37.7247884837691,49.3355604017107,62.9496014503809,55.4000498612612,40.4179860735569,35.3587595480258,26.274770060862,46.1534829358281,38.1797460886331,57.1386021996379,36.9472530132017,50.0673724837412,83.0613209723461,49.682327266845,59.5543370503529,62.5606857314527,82.7312889484092,50.5078327060705,48.1585313374274,35.9656037703821,37.3258855795901,97.5035456988174,66.5398672337785,54.8980239280569,41.2848153462806,75.6664839735354,56.2412082871646,51.352834876138,51.6485079317126,64.4254646827544,48.4687068339031,51.6154495465075,52.7178558976942,39.6314499571931,44.7534304797387,35.0971061429936,37.9341146257654,39.3182326419848,45.4490900195467,49.3188049568383,42.8139521933786,47.9870289884329,45.9056409548527,39.8667827406022,37.1558574123174,34.7473178401665,48.0574380249693
53.2059095771304,59.9758198959332,51.9055482137788,50.8414690795537,59.2404182426563,54.9183173333026,56.3849396365725,52.0088760968619,49.4882605023623,52.1705421577807,40.9530705595788,42.2521410966687,39.469751439689,39.5146598194679,50.8864987255532,48.971369597214,50.4096619248846,39.1568574247369,42.3411693962042,43.0295246490727,36.6292069272752,48.9820829266115,52.572529017838,53.4469170441306,56.5581551879554,58.0976224239164,53.6561483595145,49.9569513035328,57.6738267724492,52.8488061784734,55.8610224259081,54.9907959332688,57.5965918472956,62.8185527729184,55.5225717025013,49.9339637096646,51.259469980556,62.0395922914508,62.163243466089,64.3783930679905,64.8806930694308,65.0504188861145,64.1860752274916,59.0912045821679,65.0687974405883,63.7239258412718,51.7287964991073,59.2462592977769,61.5587404407003,67.4852146844875,54.4825681224191,64.1880105637576,66.8590626536402,55.4752729515564,55.1886414971754,56.2969639152416,38.4086735628835,47.4553101813382,41.7633661661297,45.911131047081,39.4239992903924,50.6495740547713,47.6310797095817,44.7847583854769,45.0235778116652,34.0398454477644,47.8263831358591,49.6217989123958,53.9947569912387,43.1440828895214,58.8264615766744,59.5001420489374,64.0798557046521,58.8447334112083,58.5518298767284,47.6178795777883,46.4283799740587,52.554733318798,44.6614477816957,53.143941524181,55.2341667025524,59.1404742224414,57.523248075288,54.2647528115771,46.971085977955,44.0149006940045,50.5585518608459,54.5766984185955,53.8987417319902,43.8231801559279,54.2127702702359
45.6377829501098,42.8110973897784,46.4817443629473,49.6909755412465,46.3940320620609,47.41217652134,43.4485053519882,47.2773471270368,49.5672466702183,44.6499187630083,51.5577484963829,43.8600021053149,44.9196884587788,43.7033386091777,46.3863950123096,43.4659743781079,43.3381328409637,45.1315657727837,40.1071068082838,39.5818917802925,41.4282623745992,46.8180005310358,47.1077174552299,42.6816937355879,49.802302080193,42.5026516601168,48.3684017815929,44.298488893718,46.0879040099428,41.9348684815607,48.2439095976071,49.9134981321942,48.6279427701491,43.5313449192132,53.1420284917165,49.7952251746735,46.793852778993,50.7912256148112,48.335678504158,44.8444237031799,46.3395394731557,48.0809790155603,49.0482193195862,41.9630029733496,43.1646010666521,48.4506836050675,48.1598719856133,49.9201487028147,59.2841637292074,59.997116617938,60.2089772285913,57.6108142208744,58.5108486456672,52.4846981048345,52.4750894059767,51.1338018087085,38.1702752548765,43.4656628065979,44.0497698322795,41.9895152824581,40.9686870724471,46.7606705721063,44.1821321208352,37.1923685045481,43.807902789203,35.9969214060776,56.568750526979,50.3354535747867,47.8295266021364,65.7567414127776,51.3845449908438,48.2646639537536,46.7766119371611,48.071324073798,44.9344983866062,49.6134918875696,51.0674764628842,55.5798029661166,50.7590577926058,50.5905465543284,53.5918919942237,50.4164680781489,45.2707655140002,50.3533490492694,44.8725265280938,54.4991603689732,45.5579991647863,56.43019631491,49.7696391014622,44.2713391505125,47.5164783862642
78.6753603658739,78.9295577939955,76.5371113490907,75.0204279019628,68.961157126013,75.5651759593549,70.9244523730472,77.2854039844457,68.7432127549887,64.114795132953,69.1086602471821,66.0722700418489,78.2614646875003,73.834220427986,62.3676976431128,60.1313002817176,61.2377595505665,64.6327517961391,63.0556952619814,61.6468834513935,71.5467179668877,61.6908980140051,63.83788084338,65.5580129646759,74.314876989611,71.0276003027919,63.2230569099327,70.559954544659,56.0356019817342,47.5269851551027,49.7470980848645,67.6442497008371,62.8976690868341,67.1271040032791,64.6931963084661,64.5461682104417,65.9112438426827,59.8677582042044,57.4578388410529,57.3893469204047,57.7677140533212,60.3115205186272,64.6234863613744,61.7924419823867,57.4828749364085,62.4468368419226,79.7787650148229,68.4225458585231,58.3393992725907,62.0771438586462,50.9966577304201,58.1143855558174,57.3433517571277,63.667476223983,68.5361650574095,56.0046663700686,30.5407562149509,48.5566599481756,51.7481325760871,45.6894581406162,43.7994747466109,44.5187616342045,53.6242488309783,45.5044128138337,57.4164694557781,26.1188081704324,48.7478502824432,50.641676302649,45.2389561865482,56.5128243849482,58.0943948825405,55.0065199840196,50.3616222463097,54.4672137212631,49.1934370459246,81.6963703924743,73.1090776608193,80.0490963968554,82.1980843468449,68.4232573888636,70.5029622105386,72.4477956465657,65.3974226281198,74.5739516169244,81.2444812142666,90.3795110833047,74.0111074114926,64.8562527418946,63.2913380683283,70.9942116660369,78.0412758131998
0.250103325413768,0.245631403923222,0.291015632506048,0.304273930201742,0.121055278746658,0.331426210348048,0.247771012656933,0.271018365813369,0.108200229939646,0.582567547901643,0.424413471323534,0.799013498180498,0.786032178084064,0.58956399590219,0.615839025201293,0.657971674815147,1.12396124693165,0.928004037613483,0.869014543301839,1.02450408028104,0.779893134236216,0.796406826397286,0.798448777671816,1.18637154828837,0.246402112034519,0.971915712955554,0.607914008749353,1.22275150587075,0.551448013446286,1.20131400076089,0.838097922007345,0.596861026772092,0.458498581812575,1.00884664976026,1.2481002503241,0.654988791803375,0.626069862357936,1.04182550013532,0.932378723587066,0.844881334160811,0.526757271002929,0.984030071619707,1.04411864865464,0.654580953203248,0.7433130379708,1.8554900291145,0.987866859705321,1.61147943778826,0.853936649365932,0.715488485747294,1.24230591304312,1.25676150717278,1.18430639871483,0.788723036498069,0.681145038431424,0.68507237149931,6.95865331479893,2.94163933450175,3.94801421087403,4.74206896681849,6.76063964557297,3.59344264311964,0.879086046409481,2.2823529937973,0.906575833512286,9.7737047176714,1.0622099672439,1.00097017582103,1.13808694808926,2.87034328682918,0.738041314297248,0.609828381197557,0.200324670828599,0.411073311103873,0.122524127138044,0.436242754522921,0.374150858038993,0.46457064873175,0.622990385152191,0.482987699215508,0.209580743788759,0.538145185861213,0.564988532424361,0.983020271314004,0.834854052499224,0.275787522922028,0.548908089578437,0.606511091725947,0.353865308688737,0.0856900563259347,0.401521999038914
17.1724516133742,14.7583535190536,19.0738920935277,16.2022487010981,15.0015736598817,17.4684812688146,16.6979079704824,18.2332122573708,16.454008966922,15.0111474662367,14.3533099222691,11.9372616628166,12.8003631435385,11.0241531186699,15.2532129469175,15.8227566200269,14.2938865158173,10.7959622658129,11.4310173025924,9.72819615817206,10.4193722733958,15.4711215337208,16.611916926314,16.994552730796,13.7748636711778,11.008694897505,12.0958308268155,10.3139089520198,17.0304114183396,18.3620845016302,17.5545596178167,15.1420326597487,16.2962900482966,10.9906082132536,12.5055484748307,10.2035344875842,10.3391959602511,18.3923129632817,16.8989758738807,13.2214541225787,14.1774963632868,15.5610071519165,14.2891366063561,14.95630200609,13.0112817779911,17.3104423233424,13.025194867087,13.0551611210008,16.1964611673147,16.2899692764522,18.1618912957339,15.351991859171,16.3453384738755,15.9536761310323,13.8674642729034,17.3112079341446,17.1860695922495,14.9101892401446,18.7347847512791,17.4338778372963,16.2689400342592,16.3455058598051,16.4074084845276,17.9999195326445,15.4433034724929,15.724323095096,16.2461220882928,15.3952920338221,14.8538129334213,10.5562756224141,21.0166050452264,16.5186246376253,18.6201781535182,23.1212294563484,19.8213406677571,8.53727070601357,9.19251243116003,11.5542293959961,11.6037456208582,14.9283448032527,14.1148439326854,12.2330490968489,13.0678316371427,13.1829797833355,10.3890995880482,10.8108708985435,11.709124397524,14.0079801745025,13.2744987726536,10.0784359747748,10.9356341538244
0.107187139463043,0.245631403923222,0.618408219075352,0.101424643400581,0.322814076657755,0.82856552587012,0.123885506328467,0.090339455271123,0.468867663071801,1.84479723502187,0.176838946384806,0.12292515356623,0.273402496724892,0.3468023505307,0.223941463709561,0.511755747078447,0.181284072085751,0.163765418402379,0.382366399052809,0.565243630499883,0.237358779984935,0.367572381414132,0.342192333287921,0.615155617631007,0.197121689627615,0.233259771109333,0.11052981977261,0.359632795844338,0.0424190779574067,0.450492750285333,0.658505510148628,0.265271567454263,0.250090135534132,0.310414353772389,0.0832066833549403,0.178633306855466,0.278253272159083,0.334872482186352,0.271943794379561,0.250335210121722,0.386288665402148,0.476143583041793,0.33560956563899,0.13091619064065,0.0412951687761556,0.191947244391156,0.88567373628753,0.130660494955805,0.038815302243906,0.0681417605473613,0.062115295652156,0.0866732073912265,0.0382034322166074,0.0438179464721149,0.097306434061632,0.0570893642916092,3.7886001380572,0.902102729247205,1.90776525626128,2.52157635537174,4.05112258917602,0.798542809582143,0.21977151160237,0.499264717393159,0.388532500076694,5.47060605357717,1.17601817802003,1.14926205372044,0.426782605533474,0.423493271827255,0.0702896489806903,0.0813104508263409,0.0801298683314395,0.575502635545422,0.245048254276088,0.0396584322293565,0.0374150858038993,0.107208611245788,0.806222851373423,0.160995899738503,0.0838322975155038,0.0336340741163258,0.14124713310609,0.135589002939863,0.0439396869736433,0.0393982175602898,0.228711703991015,0.161736291126919,0.202208747822135,0.471295309792641,0.0365019999126285
31.0992766438074,28.3135225445567,29.23106520707,29.868543235037,32.3625147025358,33.4415674765387,33.6748680439696,35.172763515259,26.6605366571289,26.4734876198393,21.2164294314634,25.003898174023,22.4292573250683,20.8511445233078,31.5589507732699,30.8237797261736,26.7481022681083,20.0880121059639,19.0877306407162,17.0604658775627,17.8656562854947,32.6122469203332,35.2712846468007,34.557685011031,27.9247513568721,28.5292250718122,25.4898343868604,27.6830940929137,34.9316865071448,33.3191946323537,32.4774917605303,36.2297959145253,35.7620557475957,29.1638165548582,28.1891762204034,20.2879801039315,21.6790602505043,35.620758010698,35.3554127072867,34.7161740206677,35.1031045396352,31.3159634566588,31.9198257879243,32.3843016914754,24.9381524239203,25.6703846407252,27.861592524882,21.0389528977837,29.1681470242056,32.2177650955952,31.5148164020779,32.7347369675184,30.1249344400836,23.9329241836044,22.6425584965814,29.4432687397545,29.4665463254663,33.4452625775511,35.0853928670251,32.7191468070079,35.7661512642565,30.8257488068947,31.676400538955,26.6607359087947,32.073789584109,31.3849336440802,30.7077314316159,27.0536287445791,25.5977093755552,22.9029866884978,40.9690248048852,38.7728884765407,43.5105185039716,37.6563706636703,32.9540892350483,14.9282270597744,19.6429200470471,30.088454108168,25.5246490095501,35.8976582544433,36.7156121813776,31.3452753727098,35.8686500987933,30.394986789029,25.8193994625826,20.991764298298,31.1002175086983,29.4267051483595,29.0619467588668,25.3351220533258,31.5015909445975
0.107187139463043,0.28656997124376,0.400146494695816,0.135232857867441,0.161407038328878,0.497139315522072,0.154856882910583,0.090339455271123,0.252467203192508,0.841486458080151,0.212206735661767,0.399506749090249,0.205051872543669,0.3468023505307,0.307919512600647,0.255877873539224,0.217540886502901,0.163765418402379,0.695211634641471,0.0706554538124854,0.0678167942814101,0.643251667474731,0.41823507401857,0.439396869736433,0.197121689627615,0.155506514072889,0.11052981977261,0.251742957091036,0.12725723387222,0.300328500190222,0.658505510148628,0.431066297113178,0.166726757022754,0.155207176886195,0.208016708387351,0.178633306855466,0.278253272159083,0.0744161071525226,0.34964202134515,0.469378518978228,0.245820059801367,0.476143583041793,0.186449758688328,0.13091619064065,0.0825903375523111,0.447876903579363,0.272514995780778,0.174213993274406,0.465783626926872,0.0340708802736807,0.93172943478234,0.26001962217368,0.0382034322166074,0.131453839416345,0.032435478020544,0.0570893642916092,28.4531602205112,9.09947100805876,11.4465915375677,16.371428575921,20.2819189367189,9.05015184193095,1.2453718990801,2.92426477330279,1.51095972252048,30.5886936044528,0.56904105388066,0.556094542122793,0.604608691172421,2.91739809480998,0.421737893884142,1.17900153698194,0.240389604994318,0.575502635545422,0.183786190707066,0.198292161146782,0.224490514823396,0.178681018742981,0.10993947973274,0.28174282454238,0.293413041304263,0.168170370581629,0.529676749147838,0.338972507349657,0.0439396869736433,0.0787964351205795,0.137227022394609,0.525642946162488,0.202208747822135,0.599830394281543,0.146007999650514
18.2932718016928,19.2411266406524,18.4794926641341,18.4254768844388,18.400402369492,16.2067416860195,17.7156274049707,17.3451754120556,17.1677698170906,16.311891341246,17.8253657955884,18.1007288626274,19.0356488344706,20.1492165658337,17.1315219737814,17.3996954006672,18.7085162392495,17.3591343506522,17.6236149381613,19.0416448024648,19.1921527816391,17.1227467675416,16.3872106274549,19.7289194511659,16.9524653079749,18.5052751746738,19.5085131898656,21.2902615139848,17.943269975983,19.596434637412,16.1034529299983,16.4136782362325,15.6723151601389,18.1204379014632,15.7260631540837,16.3747197950844,17.3908295099427,15.5901744484535,15.2288524852554,15.552074928812,15.9080695842885,18.2521706832688,13.4616725772973,18.5464603407587,12.223369957742,12.7964829594104,17.7816034746958,17.6391668190336,13.197202762928,13.1513597856407,13.1063273826049,13.5210203530313,11.9958777160147,17.527178588846,16.8340130926623,14.90032408011,15.4894468229413,18.6303824518444,16.9579133889891,18.3284729114334,16.0729604025101,17.7675775132027,19.5596645326109,14.4073532733455,19.3402844482621,17.5459681962292,13.9604738552055,15.1628445152148,17.1424346555945,15.7633606735701,18.4510328574312,20.7748201861301,19.0709086628826,17.7583670396873,21.0741498677436,18.3618541221921,18.8572032451653,17.7966294668009,19.3493484329622,17.4680551216275,19.5748414698701,19.4404948392363,17.6912034215378,18.8129741579059,19.2455828944558,18.6747551235773,18.3884210008776,17.7101238783977,16.480012947504,21.3368240251577,20.2221079515962
23.4739835424065,24.317508988399,25.0273443955201,23.4967090544679,28.0848246692247,25.983814891287,28.0600671833977,24.5271621061099,24.2007847631676,23.5939856900165,15.8801373853556,17.7012221135372,13.7726507725164,15.3980243635631,20.7145853931344,19.0080706057709,20.0137615582669,15.9944225306324,18.0755025006782,17.6991911800276,15.1570535218952,19.8795396281476,19.8471553306994,23.5956119048465,23.7531636001277,21.1100092853946,20.9454008469095,18.0895296309702,23.0335593308718,29.056782393404,26.2803562686589,20.7575001532961,26.8430078806635,25.1823644497851,23.7971114395129,19.7092081897197,18.0168993723006,28.4641609858399,26.0677551469551,29.226635781711,24.1606001633343,25.9656967285458,21.628172007846,25.790489556208,24.2402640716033,25.2730538448355,17.9178609725862,20.2959302164683,23.3668119508314,23.5089073888397,25.467271217384,23.4017659956312,24.1827725931125,20.8573425207267,19.9802544606551,24.6055160096836,25.2573342537146,25.729538712442,23.582098306563,24.8017734058205,25.4641991319636,23.1577414778821,21.977151160237,18.9720592609401,21.5419686153634,28.9875406131619,19.1956515509076,19.389163035348,21.3035650595459,22.5392530228062,24.1796392493575,24.799687502034,28.5662980601582,22.6912467729338,25.2399701904371,17.3703933164581,17.7721657568522,19.3690224317391,17.993428182925,26.2423316573759,21.0419066763914,27.7481111459688,25.3185486092667,20.3383504409794,21.7062053649798,18.8323479938185,23.0998821030926,22.0770037388245,21.9396491387017,22.7935549826986,25.4418939391021
1.60780709194565,2.94757684707867,2.80102546287071,0.439506788069183,1.2509045470488,0.729137662765705,2.01313947783758,0.767885369804545,0.79346835289074,3.62486474249911,2.68795198504905,2.0282650338428,2.28974591007097,2.15017457329034,3.66704146824406,0.804187602551846,2.75551789570341,0.764238619211104,3.09369177415455,3.10883996774936,1.49196947419102,2.2360653202693,1.67294029607428,1.45000967013023,1.18273013776569,2.25484445405689,2.76324549431524,1.04293510794858,2.58756375540181,2.47771012656933,3.89116892360553,3.08378197165581,3.25117176194371,3.49216147993938,1.91375371716363,1.36952201922524,1.53039299687496,1.33948992874541,5.63312145500519,2.22172498983028,0.948163087805272,1.04751588269195,4.81040377415886,1.6582717481149,1.03237921940389,1.79150761431745,1.90760497046545,0.783962969734828,1.9407651121953,3.20266274572598,2.60884241739055,2.25350339217189,2.10118877191341,1.13926660827499,1.71908033508883,2.85446821458046,9.38129557995115,4.11829506830246,6.62418491757388,5.23133005069659,6.52388572802372,5.05743779402024,3.29657267403555,3.20955889752745,2.89240861168206,8.97312822202596,1.02427389698519,1.29755393161985,1.17365216521705,1.59986347134741,4.04165481638969,12.2372228493643,10.29668808059,7.52264159320087,8.6379509632321,6.97988407236674,6.84696070211358,6.14662704475854,8.9050978583519,5.15186879163209,5.28143474347674,10.8974400136896,7.16829200513408,7.15231990507776,4.9651846280217,7.80084707693737,5.58056557738077,8.65289157529018,7.43117148246347,5.82692383016356,6.20533998514685
0.0718153834402391,0.123225087634817,0.155693363390736,0.0554454717256508,0.0411587947738638,0.546521820863931,0.0718535936705107,0.0451697276355615,0.0360667433132155,0.293872963052607,0.110347502544119,0.0937304295942507,0.0437443994759827,0.03468023505307,0.474475976234633,0.356035784038863,0.377796006226704,0.0545884728007931,1.16447948802446,0.244821147460262,0.166151145989455,0.326833109140732,0.33382763180755,0.554958246477115,0.0492804224069039,0.269026269346097,0.16137353686801,0.0499889586223629,0.188340706130886,1.18779921825233,0.714777799197693,0.241728715842697,0.154639067138605,0.206425545258639,0.171821801127952,1.33200902478559,0.455987549750697,0.421939327554803,0.231152225222627,0.293518033867719,0.227559141073265,0.0457097839720122,0.155126199228689,0.476534933931965,0.348531224470753,2.35071391964369,0.436705280738697,0.999552786411906,0.500329245923948,0.821108214595704,1.28951353773876,0.631414315845085,0.594445405290411,0.63667476223983,0.441771210639809,0.315133290889683,22.76304363221,7.5423632536625,11.6331285848465,12.7840157670548,15.0793831285284,7.09505286313734,0.662977393333817,2.45424270364266,1.4803088252922,22.0798997499012,0.120257342720113,0.136799257362207,0.163955650959109,0.995679736873858,0.361288795760748,0.748462699856468,0.0400649341657197,0.561115069656786,0.457014994224904,0.297438241720174,0.612110803751793,0.35664731341099,0.719370662384559,0.21935691339371,0.0708382914006007,0.357530207856543,0.464703067919037,0.521339716303772,1.60731374949587,0.517692578742207,0.103377690203939,0.717704791875704,0.264387937777442,0.662812585681105,0.108410939740507
0.859283568028732,0.603434482304717,0.761005879003316,0.46925801680002,0.388990962372595,0.786805823366266,0.676105150787607,0.592626826578567,0.665431414128825,0.774167541433739,0.390460393617651,0.30915676121907,0.672570141943234,0.190394490441354,0.451242049374766,1.0165662375894,1.02860582501455,0.629950976121153,0.182493054093386,0.663807988568301,0.432671147515397,0.728099625517826,0.33496827291851,0.25748656566555,7.82228144864785,8.63449919389714,6.05537617624242,8.82359064604083,8.52877981411618,7.68690796236874,7.27049947341372,11.0024698496249,9.11953679225211,2.43908078476655,3.96771069578033,5.9925520006447,7.74517983054807,5.80296803575371,5.50569636278162,7.34639966003458,5.67001526507553,6.09305071765815,0.0372899517376655,5.06034715556325,0.120168941138613,2.53178415351934,3.57301223843073,4.54001666473103,0.137406169943427,0.28278830627155,0.676435569651979,0.445066919953948,0.425968269215172,2.35521462287618,1.75378629657081,2.20536214258486,2.28759284526501,1.03467260858875,2.33277296057282,1.0816433500505,2.41383771936878,1.70355799377524,0.797770587116604,1.23532355789279,0.954926544632941,1.90437133901659,0.586871006902254,1.72055651332792,1.2903060773962,1.28271406555678,8.43335208470322,5.707587095755,6.97209984351855,7.78367314575183,5.32122284160525,4.60513715047288,4.77229419428736,6.60154891847817,5.70439313839941,6.44506835628161,7.0067034263458,6.23710270413145,7.13651140018521,7.31604362612764,7.35901877434579,4.23885422731157,4.74622528122155,3.27071214731413,3.85157112414212,4.36547991952474,8.57431977947644
12.3890468696034,12.5927033077972,13.630444687502,12.7416398682703,10.7856218187314,13.2030259416352,10.7092825945643,12.0625757650767,12.6064087902682,11.1988901624959,11.8874676538794,12.5491216146926,11.1944652284007,10.4997879646675,12.6305784800489,13.4997510681101,12.9309928618766,11.6813872946417,10.0788306732147,11.3825936091914,11.4522220503017,12.7997892517936,13.2603331286106,11.6075471078274,12.0939084628783,10.0993705564638,12.5805040865184,10.3099529912655,13.8829158339,12.0987336301631,13.6885336318714,13.9131621235168,12.8608852198427,10.4361305738277,12.3071005350292,12.2453131849422,11.5123813189919,15.7077518977545,13.1993747969142,11.9062555124017,14.0573957054982,12.8174678264297,8.44803856616813,9.70088972647214,9.32444910965592,9.34655115355334,9.19772175134599,8.90625487117083,11.165609843482,11.5459399071449,10.7819730193012,11.1799770213943,12.1742877444663,9.24602488508097,9.60414504188308,9.80624010436971,19.2695419402804,14.2371421604106,15.8246478332906,18.3149241429567,19.7058177373491,16.8059988799975,15.0843839846814,13.1884341275956,14.2418746417002,23.3701622020498,15.1319397047945,14.1967229307002,12.5150442550978,11.8672225727593,11.6635129036108,10.4154621986001,10.3055023661064,11.2149020735359,8.52645400753648,16.950013934827,16.5191345332796,14.5939508868517,13.9036795368671,15.2760959466878,14.7083765990951,16.263083857467,17.921083130668,20.1851348676574,16.7071871779884,18.0313822308178,13.6403660260242,14.9411985743048,15.9795462966442,12.6902688915893,15.4487414230218
13.112560060979,12.5681401674049,13.7504886359108,14.9432307943522,13.1143218642213,14.3089952055666,12.4600945127514,13.4605788353973,14.4627640685994,12.2662833697068,8.34679826936283,9.70401893540215,7.45090154199512,7.98130929511353,11.5329853810424,12.757339695027,11.3121260981508,7.64238619211104,8.51634252435802,7.31283946959224,8.91790844800543,12.7118781905721,12.4710094798265,11.294696536575,10.3488887054498,7.26992953290755,9.1187101312403,8.55926054109524,12.6833043092646,10.5114975066578,14.3075288114111,12.3351278866232,13.2964588725647,10.398880851375,11.1080922278845,8.63394316468085,8.41716148281226,16.3343355199787,16.3554767762564,12.8296795187382,13.8712748030771,13.2367916085619,11.4480151834633,12.2624831900075,9.45659364973962,11.132940174687,8.8567373628753,9.44022076055689,13.2876424171563,11.3806961378176,12.2367132434747,13.8243765789006,13.7157962344064,9.63994822386528,9.53603053803994,11.4178728583218,12.0616657456515,12.0018884847672,11.9500295913033,12.9240197079799,11.7850838957848,11.0465088658863,10.9153184095844,12.481617934829,9.02258805733656,14.4437342756031,12.8223917474442,9.86140988031086,12.2344346919596,8.98746832433398,16.8695157553657,15.0424334028731,17.0572450717135,12.6199506508889,16.9695916086191,7.81271114918323,7.21400269384983,8.71963371465746,6.66966177045286,10.6257293827412,13.450472974875,10.52746519841,12.0413180972942,10.5759422293093,7.46974678551937,9.02219182130635,8.99843328182251,10.027650049869,9.90822864328463,7.11227467505258,7.99393798086565
2.57249134711304,3.43883965492511,3.05566414131351,4.05698573602323,2.21934677702207,1.59084580967063,2.88033802213685,2.30365610941364,2.52467203192508,2.168445872745,1.69765388529413,1.96680245705969,2.90490152770198,2.11549433823727,1.09171463558411,0.767633620617671,0.797649917177302,2.45648127603569,2.71132537510174,3.81539450587421,2.06841222558301,2.38922047919186,1.59689755534363,0.92273342644651,2.6118623875659,2.799117253312,2.37639112511111,1.07889838753301,0.89080063710554,1.72688887609378,1.13741860843854,1.45899362099845,1.58390419171617,1.74608073996969,1.28970359200157,3.33448839463536,1.77386461001415,2.26969126815194,1.78705922020854,2.34689259489114,2.28261484101269,2.7616327816424,1.37972821429363,1.4837168272607,0.330361350209244,1.02371863675283,1.32851060443129,1.48081894283245,0.77630604487812,0.919913767389378,0.496922365217248,1.38677131825962,0.382034322166074,1.31453839416345,0.97306434061632,2.28357457166437,0.850502071808758,1.33354316497413,1.56330764054744,1.8065024635499,1.26268756026266,1.66363085329613,2.93028682136494,1.56911768323564,1.98583277816977,0.867291203615892,1.66918709138327,1.00097017582103,1.28034781660042,4.98780964596545,12.2303989226401,8.41563166052629,7.25175308399527,11.3867307175773,5.20727540336687,7.29715153020159,6.65988527309408,3.60935657860821,4.03111425686712,2.73693029555455,4.10778257825968,1.0426562976061,1.27122419795481,1.38978728013359,3.51517495789147,8.11603281741969,4.34552237582929,3.76036876870087,2.93202684342096,2.18509643631133,3.13917199248605
79.8186898534797,75.1222710331856,92.1064476881643,88.1042069006377,94.9476902969623,78.4817266104177,79.4725523097114,85.4159549588468,77.6877650966661,78.2258757376817,96.2357546226113,90.2577940060047,95.5883479174403,91.694541480317,86.7773171874549,75.3377567663343,75.9942830183466,90.0163916485079,91.3160482101572,86.6942418279196,90.5693287628232,75.4442312852506,68.5905521390456,80.2778081008464,79.9328451439981,90.116024905239,83.0078946492299,88.6494841756292,77.8814271297986,75.9080284230787,68.1253882317399,89.5623129617456,76.4442180949329,103.561988777313,82.8738566215205,83.4217543015026,87.0932741857929,81.4484292784359,81.3888927464543,88.4934967780286,80.6640967662485,81.6110101333634,60.7453313806572,68.0764191331378,68.4673898308659,50.546107689671,69.3891308006807,63.7187680401141,57.6019085299565,56.5917321345836,51.1830036173765,53.6073787714736,54.5927046375319,73.6579680196252,68.925390793656,49.1539426550755,33.9685372922407,55.1459320574596,47.6411379271913,56.0015763700469,46.9561936472675,48.9772923210381,57.580136039821,52.1375012020571,57.6323208447096,30.5886936044528,79.4001950514814,134.797317010565,134.080868571766,85.2633120612208,65.9668355683778,68.1381577924737,64.9452582826317,59.2767714611784,66.3468148452508,92.8800482811529,87.1397348372815,91.8063074301435,88.757806637565,80.538198844186,79.7245149372441,88.6594193706348,94.74151453091,86.7091673800422,84.8035958591317,86.3608928921551,89.0145951933032,69.9509459123926,71.2785836073027,85.6043662696087,88.334839788561
21.8304474039732,20.1008365543837,19.3889165157155,16.5998333032284,20.8215079444252,18.9244366108735,19.2951676106587,18.7906066963936,19.6203083623892,21.3931749534992,23.8378899726718,24.523568136463,26.1441137493178,25.8020948794841,21.4703878331542,24.4180599320288,23.9294975153191,26.2570554171815,26.452802698108,25.1522817254376,26.4485497697499,21.2273050266661,20.8357109601979,22.1456022347162,20.8948991005272,22.8983341972329,23.5428516115659,27.1522760862475,21.1671199007459,16.1426568852244,16.2231812045707,22.2164937742945,19.4236671931509,19.9053204356544,20.5104474469928,27.3904403845048,27.4427289666895,18.083114038063,18.2590833369134,19.2445192781074,20.4381821149136,19.0140004161356,24.1638887260073,18.80829272204,15.3618027847299,13.8202015961632,25.207637109722,21.210553681159,17.6997778232211,14.8208329190511,14.348633295648,18.8080860038962,18.7196817861376,22.9167860049161,18.4882224717101,23.4637287238514,11.7266194749389,17.8851671537707,17.3818612237139,15.3552709401742,14.862884823925,16.9690347036205,17.5084637576555,13.0522061832783,19.3834547260484,11.5750018328736,22.3443453823806,24.8018165786766,21.2324346252903,24.280280918096,16.1666192655588,19.6364738745613,18.0292203745739,17.7234258082435,17.0921157357571,22.4863310740451,19.8299954760666,18.1182553005382,20.9984406289532,15.2141125252885,16.8083756518585,19.1377881721894,21.5754995819553,22.5077744880172,21.0031703734015,20.6840642191521,20.492568677595,16.9823105683265,19.9175616604803,19.021478703231,19.6380759529941
205.69212062958,218.120686683822,251.14649085272,190.340247448423,216.487190158607,234.020047126757,219.091517941893,267.178938964346,263.503626646352,199.270466246134,274.100366896449,336.845652059863,366.837799980624,261.419611830042,202.219141729734,192.858808684706,217.903454647072,258.858538021361,221.042539234256,256.479297339322,242.37722276176,187.737593807268,196.038185603614,199.969515417051,216.833858590377,228.94446534381,170.105392630046,233.1139782663,177.396584017875,122.684192327706,143.73379362426,334.673241289485,193.319674767884,216.24239919669,180.641709563575,206.976458209867,232.063228980675,189.202952435289,171.946176274848,182.46307627747,200.237997283913,175.284324370452,276.132092617413,241.016706969436,241.370261496629,174.288097907169,393.511653907444,274.169271915597,220.005133118459,209.910693366147,154.045933217347,203.5086909546,195.37235235573,226.845508886139,282.02648138863,210.431396778871,53.1950386731296,127.627925259583,112.637640338426,112.492413823972,92.1498859083351,85.0448092204982,137.283937580947,93.8617668699139,135.20931002669,45.1658572959969,136.5319168611,127.827598749293,105.984347040813,121.119075742595,215.297194827854,187.827141408848,212.304086144149,193.903280847697,164.549902746393,294.186250277366,278.929464668069,294.430582684684,280.418966304974,198.870185151985,199.353203491868,172.240093549704,201.806841425326,219.823671016252,262.67144872844,300.372010679649,233.42316509323,183.853728938526,190.986162318007,221.080345320911,235.291891436803
23.5454416353819,28.0429186145679,25.9731452011648,25.7618594237475,28.6497493033758,23.2329773453982,28.9582371042791,22.4945243625096,28.2402600142477,25.5682423801277,21.3267769340076,20.6821570875183,22.3848294193505,21.1896236174258,22.5061171028109,22.7365767630567,21.24649324845,22.2720969027236,22.9419839431685,23.5282661195576,21.1927482129407,21.6867705034338,20.6456041083712,22.1016625477426,23.8024440225346,25.3475617938809,31.1694091758759,22.800719256531,27.8269151400588,41.5204151512982,32.326634134569,22.9459905847938,28.2185036261012,28.4029133701736,25.835675181709,24.0559519898694,21.1820303431102,24.7061475746375,26.4950953952658,23.406342146381,22.2291568363236,26.029182539618,26.0656762646282,27.3178451136822,29.0305036496374,31.4153656653525,22.7890665221676,22.952693613903,17.7774084277089,19.6248270376401,36.9586009130328,24.7885373138908,24.717620644145,18.0091760000392,19.4612868123264,36.4230144180466,34.5355386734465,35.3388938718144,30.3652636621587,30.9363546882921,32.6720406217962,36.533333538383,34.7238988331745,41.6529421368007,28.2333616722398,33.3239966312414,24.9239981599729,23.8749923418052,26.8873041486088,29.126926140119,19.8216810125547,25.9380338136028,21.6751293836544,21.869100150726,29.4057905131305,27.9591947216963,31.9150681907261,28.9820612401115,29.2072551156645,31.5149473738119,27.9161550726627,23.9138266967076,26.0600960580737,21.8976239747878,37.4366133015441,21.9842053986417,27.6741161829129,31.5385767697493,29.8763424907205,38.9889756283003,30.3331619273943
19.1875698352794,16.7835844444006,18.0233256601808,16.716471643139,18.7099003654877,14.3895317746812,12.2169692065817,15.9801462429089,15.5934564714687,18.9130554426268,21.2022823157527,29.0392236527185,22.5228976801966,16.7543683564886,21.8160974677558,21.5087285098878,21.6431427981736,16.1931245716273,17.8141029260531,17.6172308536051,13.486725878744,18.3663666579928,22.6215747262572,24.7635287846059,18.388004012688,18.7478653366275,13.9383629224249,16.6060443481123,14.4343638473463,15.1388088733386,14.4434204030509,20.3377078977997,20.5732481828228,22.819723199635,20.2296248906699,14.6122045007771,15.1387170884051,16.0969481381622,21.0740900998767,22.8111701843166,26.8983332864936,17.5535093324188,24.6054017545812,32.1695991388247,34.3972237837865,27.2558688793961,25.86269503083,27.8533332447121,25.4442069269253,20.5709753828402,16.6910010946908,28.2220964246942,26.3832902887891,30.0726948432772,29.6311065908878,28.3825483512164,5.38367811454944,15.0478579609992,12.7560604120737,8.98772611084066,10.7207435064467,9.45474686545257,13.71813775422,12.2298458702007,14.1300636222336,3.27502501426955,16.7798825968329,16.8822888394585,13.7484459850896,12.4224693069328,24.3803161971973,21.3757044177368,26.0622396748007,21.5414747217762,26.0455663263697,23.6312700125066,20.5827870024411,22.5699142015009,21.6899599564722,19.1198730529446,20.1268771490097,16.3535595168399,20.6174909016632,18.3740047608881,21.5102343610774,20.961033688601,24.309767017205,22.766404679753,18.1906989540793,18.6427286542703,23.5277290636838
73.5954045362554,72.8833407864254,79.5589449231254,73.3607826537847,68.9538938092882,71.7812829158113,68.2918853635672,77.5975268024075,72.1132892501755,64.6138613323221,55.8892416491323,58.9804106197291,63.9539702807658,64.8537735609935,67.4881192108319,73.1876515489661,69.6703694477073,63.0180247706916,63.914629236581,60.9131265635509,60.8062331725693,57.5710242389884,65.3317404850336,59.4679723501289,68.3120287362261,67.8956991093639,65.6265278408881,67.2836997745171,67.9294872502114,57.5196651776818,70.3535314215337,74.1533507872461,68.7376905684486,66.1302859097275,65.9329758904547,63.2921623963163,66.15123728992,75.3857490287199,79.2999759144844,69.4176408477408,75.8203880736196,72.0227480871231,72.9089407379663,69.3572158649055,75.1043493565696,79.5147858131842,83.7380672597728,74.7068801309141,78.9639101198902,75.2601895629414,77.9571806552818,76.6485842243573,80.3861339328966,72.1633378654613,76.5392949041985,72.4298473704075,50.6412129065984,53.0495237584046,62.2567395293263,57.6443645478376,56.5607739624238,62.8220282821685,70.0477738930235,60.6948984581758,59.852568231259,53.686993371523,63.212494511387,67.5539942473821,64.7500343028535,64.3996807506111,72.5902291918283,62.6614923770655,61.1362849914967,73.9537329608311,70.313533461345,65.6493789595098,60.7995144313364,60.5735800779454,65.0009844621174,72.0806817411731,66.9224847836515,61.6707656182126,68.1429137778694,68.4965135326525,65.7957266712033,72.8276051601956,67.0184757736713,70.1142995664308,69.9136745595033,63.646289336088,58.0122634411414
19.5795174752493,17.7673382171131,22.1899419785862,23.4290926255341,20.9022114635897,20.1175709681265,16.4458009651039,20.4618866189094,22.1810471376275,20.5516884954191,15.5618272818629,17.5168343831878,17.3610585420306,15.0512220130324,17.2434927056362,15.8278741774977,17.1857300337292,15.2847723842221,12.4790488418144,14.8729730275282,14.5127939762218,16.7551743861275,19.9612194417954,16.3455635541953,19.5643276955408,18.5052751746738,17.2979167944134,18.988611620581,20.9126054330015,16.5180675104622,22.6286438941983,21.5864738015907,19.673757328685,18.741266609008,16.724543354343,14.9456533402406,17.4603928279824,20.9109261098588,20.5123319189155,18.3057622401509,21.7023995653207,19.4584010936413,26.2521260233165,24.044940347666,31.590804113759,29.623858051035,25.6504739778658,25.0432615331959,33.1482681162957,25.8938690079973,25.0324641478189,27.4320701393232,35.223564503712,26.2031319903247,35.77633225666,17.4693454732324,29.5098446127584,16.6692895621766,22.7077058974433,24.5006896618955,25.9903189487397,18.6992107910485,20.5120077495546,19.0433827919962,19.7719872261251,33.3573539852266,20.713094361256,21.4652493259398,18.5650433407061,19.9512385838618,21.5437774125816,21.3033381165013,19.8321424120313,20.9647388662975,21.9318187577099,14.5943030604032,14.9286192357558,17.7608932630523,14.7318902841871,18.4340305200586,16.724543354343,13.9917748323915,14.3365840102682,15.6605298395541,18.3228494680093,15.0501191080307,15.9640769385729,16.5375357677275,15.5195213953489,13.3676487868458,13.359731968022
20.8793401864711,21.0461080738149,22.4711358334951,22.6542083499537,18.1909767372603,21.82541023005,19.4153365517973,21.5997120580491,22.381578230449,16.5546278195384,21.0066984410511,26.2408325317832,20.9457070272149,19.0210685195573,20.8397126859821,20.085316453371,22.4411552834951,20.4084464413045,19.2278157850965,18.5544754484277,18.9069831616857,24.3087868241879,22.4824165107201,20.2487259480641,21.9169750612464,20.4121738034925,20.1517967409422,21.3373734102404,21.1586360851544,20.6385745330721,25.2554822383185,27.1790616224452,22.0858766859117,24.9588661150689,20.2508425949254,22.7674104030853,20.4175294778531,25.8294587121048,26.9208816790372,24.2049114666693,26.7775302856769,27.1776408619148,16.1860764512511,14.2615734210902,14.7345291710201,15.5496462681275,21.3879988001097,18.2057978321586,16.3082492377771,17.6105565958601,14.6393328793001,19.4555348631086,17.9877040248674,18.2576237565361,19.5991375939137,18.1429999718734,18.2989386668163,15.4581185935178,18.9064836243427,20.055940892203,18.4520742139716,16.7161628139195,21.1193096932824,17.8294562934203,18.4194624230803,19.8356169737752,25.7589710663671,23.5609842903532,19.7945328968138,24.4449727460288,19.9316843132094,18.0330317842659,17.8220846649371,21.2434465712259,16.5082882699444,23.1866989872156,21.03326463552,23.5412242193877,22.2968258845969,23.02603607035,21.593942355531,16.9633452805689,18.2505420686379,20.0251398441883,21.2777934169868,27.0886384657528,21.3932353679116,22.7748958350371,18.977796504977,16.6251562780762,19.1303331342095
8.86080352894493,8.47428343535118,9.38525414832005,9.50010826518772,11.0967338851103,9.04793554250171,10.2824970252627,8.26606015730775,10.1708216143268,11.4247969116267,9.51393531550255,10.3564441879549,10.6968726843614,10.924274041717,9.93740245211177,8.62673973646526,8.70163546011603,14.8480646018157,11.1581467359956,11.1282339754665,12.071389382091,11.088433505993,10.2277486282723,12.0394742307783,4.63235970624896,4.85957856477777,4.03433842170025,5.96990441101601,4.24190779574066,3.90427050247289,3.59184823717434,4.41013980892713,3.41789851896647,5.78146733901074,5.1588143680063,6.49034348241526,5.460720466122,5.73004025074424,6.02161258983314,4.97541230116922,5.58362707263105,6.03115205186272,3.43067555986523,5.10573143498534,3.92304103373478,2.23938451789681,3.09985807700635,2.00346092265567,5.89992594107371,5.14470292132578,4.16172480869445,4.42033357695255,4.1641741116102,2.49762294891055,6.00056343380064,4.05334486470425,5.25764917118141,6.94226882942414,6.14724360350856,7.30128079018085,4.78769033266257,6.45488771078899,9.0838891462313,5.42058836026859,8.11601222382428,3.76938100033061,12.0257342720113,9.0458045518641,12.2699999090874,11.2931539153935,8.50504752666353,11.1395317632087,9.97616860726422,11.0989793998046,9.49561985319841,11.7388959398895,10.6258843683074,13.4725488132207,11.5802918651819,8.89502346055227,8.59281049533913,9.28300445610592,10.3816642832976,9.59292195799528,9.44703269933332,10.1647401305548,9.92608795321007,9.78504561317862,10.41375051284,9.55444128034171,11.9361539714295
40.6239258564935,33.9790108760458,58.2031265012096,52.5041570670339,62.8680414290978,44.3779695656036,41.3777591137079,37.0391766611604,48.9786374193466,54.5024305925759,49.3734338306378,47.1725276810409,51.3654940721891,83.6487269480048,57.5249634903935,58.1939392392063,40.6801457760424,67.6351178001827,70.5987414978414,81.218444157452,87.0428554601899,67.8783664344763,55.8914144370271,64.5474001642821,44.9930256575032,38.2157258334124,38.7407018302997,62.2524369606548,45.7277660380844,45.4997677788187,41.3062547275049,39.6249403884806,37.6802470871425,51.9168006684321,41.5201349941152,44.8965044563404,53.8767898218024,46.8077313989367,49.6880161444941,55.0111624242484,50.9901038330835,60.2797776130911,45.270001409526,44.2496724365396,29.1130939871897,36.981835752696,47.1791586445472,36.7155990825811,30.159489843515,38.9770870330907,40.1264809912928,43.0765840734396,29.4548462390043,38.0777954842679,32.8571392348111,52.8076619697385,181.002304554937,102.957376707561,110.835862040846,77.3408867207301,109.827511752012,90.5680636534413,42.7089304213939,59.4838249008421,48.5233922318005,161.516307996467,60.6597763436783,54.0523894943355,62.1324343222482,60.0419349835087,35.5665623842293,43.7043673191582,39.2235705482396,41.7650484081535,48.7033405373725,25.9762731102285,26.4150505775529,26.9808338301901,26.5320611088345,25.6788460082912,28.4191488577558,30.2370326305769,31.0390575000633,25.7958078093089,20.7395322515597,31.4003793955509,32.5228043075224,30.8916316052416,31.9489821558974,42.5022679376636,29.2381019300154
9.00371971489565,9.25211621444138,8.00292989391633,6.86306753677262,7.10190968647062,10.5724961101027,9.16752746830653,8.73898720565208,7.03301494607702,10.9716888188143,5.02717756782726,5.99260123635374,5.77562774331334,5.86095972396883,4.70277073790078,5.73897516366545,6.05488800766407,5.24049338887614,6.67403169255812,6.07636902787375,4.61154201113589,5.91178913441062,5.24694911041479,5.66821961959999,5.0758835079111,5.59823450662399,6.9081137357881,5.03485914182073,6.61737616135544,6.23181637894711,7.72247370992482,4.14486824147286,4.91843933217126,6.13068348700468,4.71324257864059,4.10856605767572,3.89554581022716,3.54927623063956,5.16693209321166,4.09923906574319,3.89800380542167,3.49171960897315,3.31880570465223,3.75293079836529,4.37728789027249,7.35797770166096,5.10965617088959,5.13931280159498,2.67825585482951,3.64558418928383,5.77672249565051,3.94363093630081,4.54620843377628,3.19871009246439,4.41122501079398,4.73841723620356,25.2063041294061,12.2764414893207,18.6802014675583,19.3822660151708,25.8969326812619,12.9763206557098,7.17920271234409,8.77279431990837,6.95041472359419,40.4958277380651,7.70102226251826,6.03696234928504,5.69043474044632,6.35239907740883,6.57208217969454,12.0746019477116,5.76935051986364,12.948809299772,5.63610984835002,5.1952546220457,5.5000176131732,4.6457064873175,6.08331787854492,5.7958523905861,5.95209312360077,5.88596297035701,7.59203340445235,5.55914912053437,6.63489273302015,5.98852906916404,4.34552237582929,5.86294055335083,4.19583151730931,6.42032747022065,3.75970599100074
86.0794906695161,79.6308354521963,87.0202219710398,78.2751447086875,68.0282244444721,84.8129615066965,71.9077935795294,91.185484269737,82.8640640969788,77.6533412975495,85.6664444750842,93.3521274341507,78.8547481053933,66.6127550828852,82.2534196936922,84.2843438447236,75.8960270512761,82.2757462053554,66.102807856615,73.3555519799296,68.937127722939,91.9234200749996,91.4999486389682,83.5803149737854,76.1658496552143,74.4502986775362,64.9837969389104,79.685996372005,81.726292355858,53.4915091688805,71.0772888413243,91.9016765972329,74.9044964938278,81.8636374306811,84.2388622619583,74.115554458689,83.3271161471197,91.5950654886824,95.9340008344125,86.1096797396445,94.5248364239056,83.6841392939274,94.5867083816234,80.1159084117541,81.1169259303779,69.4951396559658,99.3177495685599,80.9585492795661,92.6789090147519,97.3807085806286,80.0150604002378,97.9199227823121,93.41885279927,99.7484878875166,99.1500666323197,94.9304785186594,49.6200949646268,57.953824856886,60.8108124455183,64.3634246482035,52.9492244801642,57.5057295273754,67.5980541103624,58.6250895869259,69.5943731165153,46.6345815919664,73.1938539571563,72.8287363442642,62.7000551876077,49.4442511300715,103.456171300474,101.326644506261,106.683704748454,101.624310751166,83.0658446138726,82.7342315639166,78.0751819995708,80.6816272032055,81.0422539499214,77.9654843663647,78.5282280516978,62.4766380340398,70.5193967923794,73.9651569937245,80.4065513836792,83.3331398726469,80.3944510698818,80.0974721362399,75.6589306069997,63.9839081580122,68.4105881562519
11.9692305733732,11.2581060131477,13.2048343249619,11.4609847042656,11.0563821255281,13.6879024873744,12.481464762593,14.0477852946596,14.2463636087201,14.0463508771841,12.9799786646447,13.9827362181587,12.5423395372544,14.392297547024,13.128568309973,12.4283538576194,14.9015507254487,15.2301839114213,13.3480633851162,13.6365025858097,13.800717636267,14.3353228751511,14.6002062202846,12.1273536047256,12.0737034896914,12.5975827050447,14.2030818407803,13.7739360808381,11.0713793468831,11.4124830072284,12.6313329673964,13.2304194267814,11.5458279238257,9.7392503496087,12.9802426033707,15.8983643101365,14.2256985391331,13.0228187516914,13.791435286392,11.8596305795166,13.4498689862748,12.2845044424783,11.0751156660867,9.51324318655388,9.16752746830653,10.1092215379342,11.0709217035941,11.3239095628364,11.3728835574645,12.3677295393461,10.9944073304316,10.5741313017296,11.2318090716826,8.89504313383933,9.2116757578345,8.84885146519942,13.0668045577891,12.1195540581472,11.8175458929518,12.1938916289618,11.7061659232684,10.5141469928315,12.0141759675962,12.6242649969413,10.7062288910022,11.8418606647555,14.1122181362404,13.605779797271,11.4519999151482,12.6577433468369,12.5818471675436,13.3755691609331,11.2582465005672,11.3867307175773,11.5785300145452,11.9371881010363,12.2347330578751,12.1145730707741,11.8001708246474,11.5917047811722,13.9161613875736,11.4355851995508,11.6175766979759,13.5927975447212,12.566750474462,12.095252791009,12.3504320155148,10.8767655782853,9.70601989546249,11.2253973786974,11.6076359722159
37.2668246485109,37.3355640106566,32.7137947890861,34.5097349170476,37.4133444494422,34.0682944403069,41.5673039383904,33.3709430798765,39.2406167247784,42.300553301776,45.6141915083896,47.5102645404642,45.3940417905965,44.1240098603715,42.3263362752552,43.7532886761105,40.5256917466254,43.1281688209946,45.9649600417728,43.6276230655954,42.840886199481,46.8069733595934,42.9987479598492,46.0940498259611,58.596393458705,57.8095466065964,59.9204258951272,63.4751884665256,60.3220498093301,53.3083087837644,57.5294359320756,62.7460102077941,55.4237253863966,60.7659378585984,63.6535287999461,62.998012884361,62.6417678948135,61.5789565881767,59.1267967562738,59.4233205026437,57.7375133031171,61.8208956768697,55.6235565094888,56.3018169469178,50.1571119955185,48.3080028200701,53.0722954283066,45.2211617692208,51.2812247125589,52.6786915351514,66.1254591394592,57.5466760474049,58.7675757101628,41.550367742183,51.8545987114437,56.2478670619508,47.6299201165943,50.8311354816124,45.4162066970766,44.5227586329069,42.8019515740034,51.3176882054551,48.9511739226066,55.4133909834667,48.6990952623907,43.5657050253255,46.0934634464412,40.4948045573818,44.2061422811572,43.1760801589483,35.9190649738674,40.8625670627776,39.9731854664802,35.6774637440162,50.5399772031717,50.6807002988615,53.4661576137721,53.6757780303914,46.4673869687721,50.5096461147098,46.8194998394337,47.2847994371778,45.6203521684378,47.6263152276415,52.3036063890764,41.6029418149636,46.9897344317701,46.4486411080121,51.8159916294222,50.1381088568676,49.7489407009205
14.6285435034513,14.7468907202039,15.3849051819729,14.4219081272732,14.3038917367051,16.2939067793411,16.3178891798198,14.9692477384251,15.3615473119647,15.8137960877901,19.4957864831393,19.2156600054731,18.2738811279709,17.8849440192187,20.8416721737896,19.1908405154418,17.8274756489127,19.7703071942632,18.5159190712236,18.6109998114777,17.2715811675895,22.3055173454809,19.4768271833412,17.7683306184019,20.6820076757294,17.8416511258677,17.2829952687441,16.8588662035909,21.7711675708594,19.7090578249833,23.4338165406982,19.974949029306,17.9727275901604,15.7861219610948,18.9989980438503,19.2989470283084,18.2273284093709,18.0704632998471,18.0547369999939,16.4917707238064,17.3699965970786,17.7211118736495,19.1092357679667,19.0853986588961,17.0846372260711,17.0321188189752,17.3544362188094,15.9854404878763,19.4973144701364,19.9076153439116,20.8781931746027,18.9840326149003,22.0724149974671,16.3791483912766,17.627709239825,18.4678384546927,19.7324212496648,22.8734030279298,20.9719044816422,20.6987546854828,18.7732703621134,23.7792739646736,18.2036743060243,22.9847211181599,20.0202163233963,20.9234002872334,17.8071913794388,15.6611052249568,15.0999242359456,18.8981519812514,21.3733250138034,25.5725433371384,24.7012338611912,23.1676807405032,25.0616975854512,18.0905904457433,18.3352627982009,22.8608069000144,20.1321175286593,19.8628691302378,21.7595111431242,21.6653888420313,19.325785869408,20.3261474307148,20.9526397333818,19.8437002385911,15.6987713619433,18.1075908138421,17.1594343401864,17.1962805034886,19.6150796930492
1.3219747200442,0.98252561569289,0.982177759707913,1.28471214974069,1.53336686412434,0.695995041730901,0.960112674045617,1.1744129185246,1.08200229939646,2.00662155388344,1.83912504240198,1.99753374545125,2.32392122216158,2.98250021456402,2.07145853931344,2.41256280765554,1.95786797852611,3.05695447684442,2.85036770203003,2.01368043365584,2.98393894838205,2.66489976525246,2.05315399972753,2.10910497473488,3.15394703404185,3.73215633774933,2.70798058442894,3.27265844218347,2.92691637906106,3.67902412733022,4.84899512018535,4.34382191706356,3.62630696524491,3.33695430305318,4.28514419277942,3.92993275082025,3.58251087904819,4.91146307206649,3.84606223479665,4.63120138725185,3.05519217181699,5.61849427989316,4.58666406373286,4.45115048178209,5.9465043037664,7.0380656276757,4.18991806012947,3.83270785203694,6.21044835902496,5.21284468187314,5.90095308695482,5.41707546195166,4.01136038274378,3.72452545012977,3.73007997236256,3.76789804324621,22.5769640880143,7.84437155867135,9.59181976064697,10.7637438453182,16.9410581001906,7.85233762755774,2.1977151160237,3.63750008386445,1.76998138923827,20.2145565150473,8.08038296510537,4.37461039803264,6.82852168853558,9.22274236423801,4.49853753476418,5.20386885288582,5.36870117820645,4.97398706435686,5.08475127622882,0.991460805733912,1.12245257411698,2.03696361366998,2.30872907438753,1.77095489712353,1.46706520652132,2.01804444697955,1.23591241467829,1.2880955279287,1.97728591381395,1.81231800777333,1.69246660953351,1.41519254736054,1.16270029997728,1.71380112651869,1.75209599580617
4.21602748554638,3.35737190595725,4.2197266713377,3.38048336454135,3.66030811170312,3.84454404003736,2.9732521518832,3.43289930030267,3.56339423934569,4.36925660926232,5.02222607732848,4.5949422403057,3.45170652115176,3.91886656099691,4.53901354256317,3.7142501043315,4.53210180214376,4.14872393286028,3.71938224533187,3.53277269062427,3.39083971407051,4.68379107016958,3.26983785141791,4.74592559002322,3.54769760907301,3.26563679553066,3.86854369204134,3.88403419511885,4.19439842842837,4.95542025313867,3.95103306089177,4.90752399790387,3.9193292407124,3.06534174350234,4.20193750942448,3.27494395901688,3.0955676527698,4.76337501883297,3.4575710999687,3.25560940763299,3.96858927973607,4.31703515291226,4.52438984433096,2.44376889195879,3.84045069618247,3.5830152286349,3.51850923927457,3.09229838062071,2.52299464585389,3.71406665863393,3.29211066956427,3.85695772890958,3.20908830619502,3.41779982482496,2.7245801537257,4.85430864571553,6.44319751370271,2.86986333473991,4.82240661999378,4.55389162686538,5.31538850888901,4.19234975030625,3.58960135617205,2.92426477330279,4.27385750084363,7.07342691256731,5.84215481984144,5.37558057385367,3.20086954150105,5.83479618961997,4.28766858782211,3.00848668057461,3.3257901850964,4.56291375325299,3.6144617505723,3.42371245436034,3.52038542328889,2.46579805865313,3.18824491224945,3.05892209503155,3.85628568571317,3.66611407867951,2.75431909556876,3.01685531541194,3.99851151460154,3.82162710334811,4.5284917390221,3.43689618644704,3.53865308688737,2.48501163345211,3.10266999257342
0.393019511364493,0.0818771346410742,0.582031265012096,0.338082144668602,0.0807035191644388,0.497139315522072,0.309713765821167,0.180678910542246,0.252467203192508,0.582567547901643,0.282942314215689,0.276581595524019,0.102525936271834,0.20808141031842,0.251934146673256,0.109661945802524,0.0725136288343002,0.109176945601586,0.451887562516956,0.105983180718728,0.101725191422115,0.061262063569022,0.114064111095974,0.175758747894573,0.64064549128975,1.01079234147378,0.718443828521963,0.647339032519808,0.805962481190726,0.750821250475555,0.658505510148628,0.862132594226355,0.958678852880838,1.04764844398181,1.12329022529169,0.595444356184886,0.939104793536904,0.818577178677748,1.01007695055266,0.907465136691241,0.913045936405077,1.68237399341434,0.522059324327318,0.436387302135499,0.165180675104622,0.511859318376415,0.37470811919857,0.391981484867414,0.38815302243906,0.272567042189445,1.86345886956468,0.736722262825426,0.496644618815896,0.219089732360575,0.064870956041088,0.513804278624483,6.90710773468931,3.37307977022868,3.39158267779783,3.34955665116544,6.73433365473417,2.39562842874643,0.732571705341234,1.28382355901098,0.604383889008191,5.97096636335557,1.17601817802003,0.889751267396469,1.10252173096147,3.01150771077159,0.105434473471035,0.243931352479023,0.160259736662879,0.246643986662324,0.122524127138044,0.118975296688069,0.261905600627295,0.214417222491577,0.0366464932442465,0.120746924803877,0.125748446273256,0.302706667046932,0.423741399318271,0.169486253674828,0.219698434868217,0.0393982175602898,0.0914846815964061,0.0404340727817298,0.353865308688737,0.0428450281629673,0.0365019999126285
9.51750340338851,9.72700359535961,11.5744192438468,8.9436250550632,9.44110118945187,9.49469807405088,8.3520511228994,10.7933064185174,8.90992826809675,9.4835523825633,6.73296604465509,8.58355616064596,8.67916225853169,7.90674678974942,8.73707620662853,8.19796152837739,9.01852001812192,7.17783828857629,8.72316798566386,9.98114268282075,8.48693272034707,8.92404480009943,9.02741396583902,6.9877284194185,10.9259624518347,10.4333207954353,11.9869589543395,9.24939587632052,11.803532632428,16.0112631663912,18.7733934529645,9.68108585424333,11.3194963511674,7.90625359058275,8.19960261121259,7.59906087363152,7.62379184056867,8.12214601516208,8.83623086166159,8.71573325940039,9.79206649643045,9.01942917903301,11.0788446612604,9.89246375210963,13.7269270528819,15.4415159871205,11.292340137666,11.0434250336646,8.13064136103099,11.1456070639292,14.1424105140829,9.3633065944742,11.2898782886518,9.594815738999,9.8383291931914,12.3672689864913,15.5585179002882,11.9289358292715,10.8506798623827,13.2002640430311,16.1723970478807,15.3772727031868,13.9950498588389,13.4830003108575,10.744650438232,20.0974722025592,7.91232617385928,8.57460710983872,6.84701560144203,9.82269116599329,12.7530024628115,13.3401991148236,12.0936003779225,12.5833651262006,14.661849673974,7.8206428356291,9.22244449980315,7.79406603756882,10.1290907327097,13.2064936555494,9.80251054848785,8.98130681128247,9.9889972532627,9.61631106100241,12.3220064180188,8.90045132904506,9.49610994970696,11.1699126059529,10.3702756320582,11.5990060242785,9.20434429796841
4.73195491682849,3.93829017623567,4.61732677924909,4.2909385801339,4.61583777861008,4.43978551382245,5.58104206009742,5.57710627116278,5.16223297042053,4.79744375697003,4.41672952490691,4.22124977346436,3.98689190849074,3.60778485257087,6.35293939861061,6.50185676663167,5.00851634358512,4.81852449412601,4.06038355212351,3.17419626252591,3.39117879804191,7.93956343854525,7.52442919529773,7.52818656919432,3.90350225885085,2.59307112216542,2.50626366334392,1.99704091532361,4.56132345275994,5.28427996084696,3.52958953439665,3.31158393020716,4.05646199836362,2.76889603564971,3.67399110353739,2.71403537549071,2.29837202803402,4.26887998680446,3.98786149900885,4.60773246130294,3.43796912207912,4.12753000686163,4.46398012251594,3.81402502066426,4.62712366136823,4.77692708874789,3.08589168347259,3.49211949518547,3.61098756775058,4.45885610141659,5.10836191443331,3.62250670291631,4.19817516628298,3.18950832370525,3.84425285499487,3.98198315933974,4.20843888805006,5.67344172980905,4.72940306375105,5.44735763696276,4.05743602697734,5.14328114605032,5.05767505367588,3.77444126349228,4.62914888702488,3.26301636683487,5.57925785294857,5.34925876552652,5.74840604436461,6.20511752842891,6.56927059373531,9.72391681432211,8.40081539586811,8.35917578129725,8.14846707531561,3.40983200308007,3.06654043248759,3.46498231546388,2.71037464034447,4.14805935676252,3.79005817067592,5.46553704390294,4.49377753977026,3.32667618712953,3.46903828656914,3.19834730154432,3.01807964586544,3.88773609796332,4.12101428061512,1.99100845873309,3.76007101099986
47.2337994567145,47.6524923611052,62.6774918509901,62.0718817611554,61.7785439203779,55.7127459595068,55.6865350946458,50.6804344071,56.408386541869,58.3214845177089,72.9991170676478,61.063070034025,73.3402197464523,80.8743081437592,61.7518586179115,57.3531976547203,59.896257417132,79.9175241803611,90.9684423928365,97.7871480764799,107.998244893146,62.824246190032,60.3018933994048,58.5276630488929,60.2206761812365,68.6561259631804,60.736135965049,79.3709580428453,65.7919899119377,54.8099512847156,52.9797614983214,73.1154757795813,63.4812127364138,75.1978772013612,75.3436517778984,79.5513659863008,82.0151519688897,81.746093707046,73.0363333476535,77.9794179529163,70.2343028003905,80.8174374949604,46.8361793825079,45.2097245012377,53.353358058793,45.8114089946891,47.8263817595266,50.7398255411708,50.7704153350291,49.7775560798475,47.1455093999864,46.4568391616974,45.9587289565787,64.3685633675368,50.8263940581924,47.2129042691608,58.7361885349139,63.5394096252379,53.1789565182831,65.8997044515808,57.4785899827897,50.7740136425979,54.5765920479219,42.651471571587,60.3088780674602,57.0077179607523,74.9616748312122,62.1713698093283,62.5592169277817,54.4894676417735,26.1126045963264,28.4180025638062,27.4044149693523,22.4857101173818,21.0128878041745,63.0172488124474,59.5274015140038,69.113818049785,64.4245351233854,71.0796897345489,60.3173380624049,61.2812830399456,60.5243965359597,63.2522698714459,63.6246667378356,73.7534632728624,67.7444067221387,64.8966868146764,59.853789355352,69.537480708496,71.3979118291014
2.75113657955145,3.27508538564297,5.42016615542515,3.78652002028834,4.23693475613304,3.41368996658489,2.91130939871897,3.83942684902273,2.70500574849116,2.71864855687433,3.39530777058827,3.59556074181224,3.24665464860809,3.1212211547763,3.69503415120776,3.28985837407573,3.55316781288071,2.23812738483252,2.15515606738856,2.79089042559317,1.66151145989455,3.49193762343425,2.73753866630337,2.28486372262945,5.1744443527249,3.92653948034044,2.98430513386046,3.12880532384574,4.4964222634851,2.92820287685467,5.08845166933031,4.60909348451782,4.83507595365988,5.16063863146597,4.28514419277942,2.67949960283199,3.13034931178968,6.4369932686932,6.60434929207505,4.944120399904,4.38964392502441,4.85666454702629,5.10872338806018,4.62570540263629,4.04692654006324,5.0546107689671,4.66681930274583,3.91981484867414,2.94996297053686,7.2230266180203,5.03133894782463,5.67709508412534,4.43159813712646,2.84816652068747,3.56790258225984,6.90781307928471,5.05146685074293,5.45183823327659,8.69093061185693,4.77970443480911,6.18190784711925,4.79125685749286,5.6408021311275,4.13676480125761,5.87115777893671,5.60403546951807,2.27616421552264,1.85364847374264,2.13391302766737,2.16452116711708,2.98731008167934,2.8865210043351,2.16350644494887,2.83640584661672,2.87931698774403,3.29164987503659,3.18028229333144,5.574847784781,5.86343891907944,6.96307266369024,5.4910154872655,4.23789333865705,5.12020857509577,4.3388480940756,2.98789871420775,4.68838788967448,5.9465043037664,5.05425909771623,4.09472714339824,4.15596773180783,3.86921199073862
15.5421352221413,13.3459729464951,13.0957034627722,14.5713404352168,13.235377142968,14.5496106342793,12.4504933860109,13.4605788353973,12.8397606195047,13.9492562858671,14.8544714963237,14.8432122931223,14.0802285813319,14.7044196625017,13.0725829440456,16.1568600149053,14.3576985091914,12.39158332578,15.1556136351841,14.7316621199032,15.631771081865,14.2127987480131,13.4975864796902,14.2364585794604,11.8765818000638,14.9675019795155,13.3188432825995,13.5581564033315,12.8105615431368,11.2623187571333,12.2122840063927,13.130942588986,13.1714138047976,12.4553759451171,12.9386392616932,14.2311201128188,13.7387553128547,12.6507382159288,11.5381867043899,11.9535062833122,13.0284631694724,12.0623041037254,14.1701816603129,16.0154139883728,16.1464109914768,15.2278147216983,17.2365734831342,15.8970268862896,15.3708596885868,14.5482658768616,15.5909392086912,16.467909404333,15.3577797510762,16.8699093917642,14.2716103290394,14.3865198014855,16.9842686461204,15.5318556861693,15.7125666244852,16.1456157679772,17.3619539536115,15.8377657233792,13.9188624014834,16.9036768603113,14.8937458362733,20.5147727009144,13.3914328013249,14.7550418509914,13.7637390284545,12.4695241149136,16.904660579856,16.6279871939867,16.867337283768,17.5528303841354,17.8885225621544,14.2770356025683,14.2177326054817,14.2587452956899,14.6219508044544,14.7713738010076,14.2095744288779,15.4380400193935,17.4087091553256,17.9316456387968,13.0061473441984,16.586649592882,13.6312175578645,14.8797387836766,14.9128951518825,13.6675639839866,15.330839963304
25.5105391922043,20.2236522563453,34.5184554801643,31.914954456716,25.6637190942915,26.811386138526,20.558799775209,26.5489591150776,23.6237168701561,18.3508777589018,14.2518043670443,14.5644795074109,12.7473914097981,14.2882568418648,17.2714853885999,16.5589538161812,17.5482981779007,14.6842991834134,15.0860924717199,12.1527380557475,11.6305802192618,15.2772271025249,19.6950698492381,14.8955538840651,43.0218087612271,45.4059582778576,41.1723578652971,41.2498816833455,34.17959625496,21.8488983888387,31.4849443643245,46.0909348451782,43.3489568259162,36.0856686260402,37.4729619157309,32.7494395901687,30.2948250063201,46.2049609310013,47.3928105199306,38.9546620470411,40.1336364777132,41.6774826817589,26.8114752993815,11.6079022368043,13.2557491771459,11.4483734796365,10.4236985886148,8.14450418557849,15.0215219683916,12.3677295393461,9.81421671304065,11.9609026199893,18.872495515004,19.1046246618421,15.4392875377789,13.6443580656946,5.15455801096217,10.9821201821399,16.0835209798694,12.4197044369056,10.9169861981042,11.5489253835817,13.1804301224995,7.56029429195355,15.5672021697395,6.60475608907487,16.9194873353849,22.4224733977805,17.4269563926168,14.7752097059731,10.2974335756711,9.18808094337652,10.6172075539157,12.5788433197785,8.14785445467992,13.6373450907088,15.9358333455968,20.5090073313193,18.6897115545657,23.6261482866253,17.6001717018924,17.4853461108543,17.3380855887726,17.0489612296583,25.7925962535286,22.0630018337623,18.2969363192812,21.2683222831899,16.2778041996819,12.9391985052161,16.8274219597217
7.25299643699927,9.12930051247977,10.0764162755219,8.62109468904936,11.0160303659459,10.0422141735458,10.2515256486806,8.40156934021444,9.30521977480959,9.8738726396574,7.85164921948537,7.83647853984719,7.34769209948147,9.95322746023108,10.1613439158213,10.0888990138322,9.28174449079043,8.84333259372849,9.52439939458815,7.59546128484218,7.56157256237723,10.4145508067337,9.65742807279245,11.1167408043318,12.0737034896914,11.3519755273209,14.4794063902119,12.2275150587075,15.3981252985386,21.3984056385533,17.1810074011506,11.307200562738,12.8796419800078,15.6371230712841,11.5241256446592,10.5393651044725,11.7909824077411,9.56246976909915,11.4604884774244,10.4202031213167,11.9749486274666,9.20544260547467,7.45799034753311,13.0479803338514,16.724543354343,13.8841840109603,9.64021797574503,11.802998044341,8.65581240039104,9.84648439909371,20.0632404956464,9.75073583151299,9.8564855118847,11.2173942968614,11.2875463511493,13.0163750584869,10.0513881213762,15.3749682549958,11.1816241408647,10.9895566532619,11.0222101614594,21.0282939856631,14.0653767425517,17.9735298261537,12.2171886135227,14.0434460277804,9.78750612674735,13.0496852551482,11.9143477378095,7.15233081308254,10.9651852409877,13.2129482592804,13.5419477480133,13.5654192664278,17.0308536721881,8.96280568383457,10.2143184244645,10.8638059395732,10.5175435610987,11.9539455555838,12.6167607760833,11.9400963112957,12.8888008959307,10.1352779697547,11.5121979870946,10.204138348115,10.0175726348065,12.9793373629353,14.6095820301493,16.5381808709054,10.3665679751865
43.9009940003436,45.8278604156288,41.1870786990404,43.9516930533523,49.4216245835149,44.2785417024992,50.9308802204618,42.0534681259841,47.8111569382978,47.9278321658682,49.8063355713878,48.4392713885409,46.3499252697709,46.3619254283461,47.8350163556808,45.8222440535848,45.9152672097347,48.3954105615432,46.4651648128974,48.2859371354525,52.0259928169552,46.3398501248796,42.2801440599446,45.8427148164718,43.4500556319431,44.9654860767461,50.6779223657415,47.9264645381957,47.3422361451433,56.7042732996654,46.5150333127805,45.6296939072671,43.5990469614503,44.272847206787,48.5094963959302,46.6072160916596,49.331870437674,42.8889791962849,40.2286455025685,43.3333377910827,40.7790897204488,43.3373192122426,30.2566939404244,38.5399809753987,33.2219632804171,31.0941739430713,34.91870898437,30.4242962504591,33.0838347145708,30.466521849528,33.7292266920772,30.6099432883225,32.2563039234481,31.312742728438,30.7326154244654,30.610175345875,55.4589205515442,54.4042467265872,51.9789191786154,49.4906404076692,51.8575258603537,56.7531029293442,46.8113319713049,53.4634056443912,48.5553382373623,57.2135328348412,43.2391535201758,47.6817704197768,46.1579613971303,48.8946509728557,27.5440532978182,33.7060277332972,33.3893148350275,34.0196050803343,38.9718617394333,44.5578349469712,44.2889853677917,50.2965626039242,46.0858969740995,44.4867895054924,45.769500313052,51.1715530420604,46.9618468151129,45.5307871872059,44.7499348014373,42.5697740738931,43.4186298856544,46.6807326857793,42.9263895532915,48.5477014114583,49.8474961006846
6.71706073968406,5.52670658827251,7.16625995046144,7.16734146697437,7.18261320563505,8.65022409008405,7.80509661245922,7.67885369804545,7.61008283908846,5.92277007033337,5.5527429164829,5.90040737117906,5.33134868613539,5.47947713838506,7.97791464465311,5.6658671997971,5.18472446165247,4.749197133669,4.62315737036578,5.22885685939298,5.83224430820127,7.99469929575737,8.25063736927543,7.55762615946666,4.92804224069039,5.28722147847822,6.30019972703875,5.46641849683393,7.80511034416282,6.60722700418489,8.9197564556496,7.9581470236279,7.04420548421138,6.20828707544778,6.94775806013751,5.89489912623038,4.97377723984361,8.0741476260487,7.84752092352447,6.82163447581692,6.63714161463691,6.60252435151287,8.68855875487607,9.64415937719453,9.99343084382964,11.9007291522516,7.90293487764257,10.6706070880574,12.809049740489,14.4801241163143,10.3111390782579,9.57738941673053,9.43624775750202,11.3926660827499,11.2551108731288,5.65184706486931,13.2987596682824,8.39347756777834,9.4593360622955,9.86049261354321,10.680232280555,6.52143294492083,5.71405930166163,6.20514720188641,6.00066861229561,13.1427974701793,7.54927798148342,6.33947778019984,7.85991298524147,5.22308368586949,9.55939226137388,9.06611526713701,9.81590887060134,8.55032487096055,8.51542683609405,5.71081424102733,6.13607407183949,6.39678047099871,7.25600566236081,7.44606036290575,8.46706204906588,7.7022029726386,8.40420441981237,8.20313467786169,4.56972744525891,6.5401041150081,6.90709346052866,7.56117161018348,7.43117148246347,5.14140337955608,6.57035998427313
36.4793564639225,28.656997124376,38.4504404448616,36.4790634097422,44.3465837808591,27.1438066275051,26.4495556011276,23.894785919212,28.3484602441874,33.6918231869783,23.5903154477331,26.121595132824,30.3818524485536,30.5186068467016,23.597831738395,22.7365767630567,23.1681044125589,33.244379935683,37.8890340879602,36.7761637093987,36.5532521176801,24.5048254276088,24.5618052559997,37.4366133015441,44.1552584765859,55.5935787810577,80.1893842450283,47.4355657718681,70.5429266431673,145.058665591877,122.661617299504,27.1571767181302,52.4355650836563,54.4001154986112,51.5465403383855,41.5024716260866,37.1468118332376,28.76182541445,30.7684978783732,25.3464400248243,27.9181353631552,27.6480707219601,35.4627441025199,47.7407708536236,93.0793104214546,105.826914074324,45.4759399209174,53.5272494335613,27.4424186864415,32.9806121049229,95.0985176434508,37.2694791782274,43.2462852691996,57.2262380925821,43.9176372398166,89.4590338449516,47.8342983417289,60.2055517128026,38.6057496996206,56.9424630698125,41.5634655253124,127.700304299011,85.7108895249244,112.334561413461,55.7328286221125,52.7713340046285,27.1242902349781,48.9363197068058,52.6720865662562,48.4664522202304,39.7487964985804,49.2334779753494,30.6496746367756,53.3573157812827,141.515366844441,37.8738027790354,41.5681603281322,32.4484730037253,39.5782127037862,56.3888138834106,33.2395059648972,24.1828992896382,27.3313202560285,25.3890408004893,61.0322252063906,31.4003793955509,32.7972583523116,72.8217650798954,79.923007576699,106.598430069463,40.0061919042409
178.466587205967,202.932478207902,193.016118259636,231.586269097993,224.436486796304,194.878611684652,202.088232198311,183.479433655651,221.702271146335,196.55181768926,374.615624021572,312.3220839234,343.188484013921,409.330814331385,311.250641873326,294.80786429912,289.184351791189,459.034467781869,408.263032443204,378.196741067553,332.81091793602,338.717949473122,293.182786887018,269.526039896328,162.280430985934,144.154538545568,143.025586785757,162.913656517485,140.746500662675,144.082597966259,150.678033549463,138.73702977858,136.465850623125,149.309304164519,180.683312905253,204.416047478272,171.647487263134,167.138576664566,162.738936379426,164.877027766419,155.761422692538,191.282748760657,169.706570358116,205.582058036034,246.449567256096,210.822056756286,199.310655039167,187.105828776712,276.520213185586,234.543939804018,251.877523869493,304.959680206031,248.85715745898,213.3933993192,187.412192002703,247.025679289793,174.687970991508,192.030215756275,167.008950141873,184.790147833959,118.403264765463,227.584700730911,290.757709849936,185.940445463424,223.449357821885,120.353333178698,446.661946750977,231.668986248356,232.738780884254,357.334211806242,361.710533654632,362.197403205936,369.478822876267,287.66910311049,292.036257033528,292.044694936981,291.875084356219,290.049324105106,204.414139316407,232.45191738869,196.209492335037,158.584659458476,152.758774454237,158.23236643082,252.653200098449,222.284743475155,236.853840653096,209.852837737178,189.36849233543,215.956079952621,254.491943390846
137.630788103802,133.029055736739,139.225152516759,148.982320608968,142.801245503112,140.091539130647,144.337764568233,142.119772546149,128.01565938336,129.291805094913,144.104642697407,143.204116150052,141.400353774905,148.596830748343,148.103687024318,141.755610861091,131.02342566812,149.237242251176,150.123652778662,154.764765862675,154.6378888243,142.967277751027,136.799749933327,138.181966991583,133.381405678078,140.989203451614,135.444899096652,135.185967957887,115.329413341377,112.623187571333,111.549037495059,154.4954872432,132.907901628259,133.245361356798,148.454452207967,144.212454957486,136.796960558389,147.196548269833,120.512669461572,130.890893802269,122.598540767764,145.730409600103,163.912830556635,172.154790692454,159.481941813513,153.621777927721,170.151550490623,172.50843828025,153.913153528693,160.725970603061,133.318059058222,148.533608970493,134.034067691712,161.998015363662,160.631190865481,137.734942077222,130.809280467391,152.624015231289,161.216762849946,150.58929265216,157.258791593829,133.186958853182,136.990908898811,116.114708559438,147.301304834632,127.224614526114,156.727942584729,151.182086599671,163.885231829196,165.344948667595,148.551198500526,145.687593715842,138.796951430303,128.656491689357,120.012382531714,140.610954390795,134.100157331472,166.674726369565,149.580357939973,144.182695439061,135.197603687716,141.562118207462,140.980529142352,144.424660316439,141.033213279303,149.437439206179,142.30442222321,127.084290752977,119.581198243315,127.757875678026,156.468012745477
25.2754420663154,23.6522572694403,24.9938775977819,27.8684492671775,27.3588965143406,24.3415980190124,25.9862238074592,27.9284425970677,23.9739249477275,24.5076457943089,22.8896795421565,22.3348857772162,19.4946232758475,20.3496683244404,24.4572071053804,25.2343103486189,23.3192953286784,25.0031581969473,22.1271959073687,21.894712027413,20.0530869850416,23.9133402038499,25.2773674462751,24.8123018371467,23.1066044581491,23.4048966668253,26.177329865846,26.1521372810044,22.5215610599259,26.1323336228017,25.4033466574155,22.9154843545365,25.7959638465606,28.5325113628736,25.5831428977267,22.2428239252864,20.7065650643083,26.4694372336165,26.9403062357786,25.3799223591781,22.4398597447248,25.087053103306,23.7425122713717,26.6475542176021,26.6283636819284,25.5532968216466,23.2066957532016,23.8372651647538,23.7701029411456,25.3310180658761,23.3137339171237,24.1649235867109,25.9397484407542,21.9225567994638,23.5802681661553,24.9663207920065,22.0006845023887,26.1044996729465,25.0264355859908,20.8628453259219,23.4759923443667,26.8543292339061,27.2831680220236,25.5288314709334,24.8505387049054,22.604277354549,22.2441941568976,21.3840595227899,22.9292511344572,27.3515482350032,25.877485720486,24.6403190184144,27.3210799062876,26.5541026773769,23.4192616611657,21.5833085721827,22.980345700755,24.042245795943,24.0679509030913,25.4417795459262,29.0411845053208,27.4013438418295,29.373047565077,24.0348456336274,29.626333941979,26.8892834848978,28.8734803586417,25.0646773766665,26.0030339261875,28.0660641484334,26.271219377117
35.4639369627426,33.53892127735,34.5188192497049,34.879596783315,37.6074364130327,37.0053935164113,34.0053326321008,31.4697492436957,29.8737228189032,33.0370819928644,35.0073915042289,32.6741204436719,27.2913789761996,32.9885331871812,33.1517344339042,33.5810465834684,31.4647512556354,32.2601497710847,29.3879862195643,29.5071306211702,29.7922568117949,34.224358123152,33.769820731074,33.5396024638517,37.360473835122,38.2145595345568,36.1062235760195,36.3520426367415,33.3019455320212,36.6363229169547,34.0417416678198,33.9521079184711,36.7265700369724,30.7566302076527,37.8203498187378,33.4907678136189,34.6658360953491,38.1609518283493,38.3650535287988,36.5467502446828,37.399766241208,35.2244674153212,36.3315999780075,31.6974280779141,33.6625827312587,36.2537158723055,31.3984965263718,34.7421900737653,37.092290977299,37.7001104404331,33.9565686741641,38.9765079977976,34.459877893702,36.3991299549211,32.5331088093858,37.8319799287636,25.9624777896143,31.3947438521145,31.1466525150357,30.6601103532409,30.4249828843455,39.2250882590162,32.7144546454235,31.3873463118868,34.8107851957603,23.0952976052115,33.2942127018548,36.1902620716566,33.0504006246835,29.396550189849,33.1658194232938,30.6914427689106,33.8580745647664,35.106893988204,29.3273750717622,32.7090851498063,29.9620007117626,30.9557717731464,30.7185564970572,35.9781562043125,37.6474081682624,31.491919935857,34.753150865088,34.1667338783086,27.4513194367837,31.7352642448134,31.5978941765827,34.9394866314206,29.3010586031665,28.1894578295427,32.0224744833507
334.888352729035,336.433146240174,391.452402674698,347.548444719323,365.62729357449,335.966749429816,353.476320931698,336.604810340204,352.372082170115,322.32167830847,345.401830078802,334.049104816231,360.925470988948,361.021246902458,349.376676069879,330.119010847533,341.2128804798,349.475402870678,345.972069979328,350.097773640865,332.709192744598,304.870659351238,312.079407958584,344.047749003627,347.229856279045,352.261131003611,298.596308115705,350.713902507398,321.960801696716,268.944171920344,280.643075597888,397.907351181395,339.997539258652,376.105791389471,321.427417800134,312.251020383354,322.391197455317,380.601180031577,351.817571700186,377.036118344578,368.062863825447,371.614195111352,398.927903689546,358.012142671963,377.974679808152,286.705200705589,380.87377097811,326.825451382786,368.628925410375,365.307978294404,330.391257573818,353.323329930335,340.086953592239,329.730047202665,337.264100457617,332.374278905749,126.544399169121,302.910407738094,247.824006136274,250.652216817549,203.529451119837,198.770614351822,274.421360820826,173.17353340437,270.030087553302,113.882006505564,309.406589030044,296.843266585147,291.385823927979,244.59089188423,324.000136976492,302.474877073988,334.502135349594,266.581042250861,266.1836662074,377.429299526786,356.416107367945,406.856679677767,367.124569320861,351.333302204347,342.790264540895,329.243951524713,348.986354121872,321.549320471884,393.304138101082,375.2286240442,394.024523635721,313.68753664066,300.128333955004,323.779877827544,399.477887043807
22.3381571545631,21.7027626936363,21.8403594500383,21.2288540280309,18.6719697114804,22.9270709532469,21.3575515772618,21.3183046548796,23.6731283084952,20.7714459204331,24.1084535606406,24.2217868844579,23.569687489532,23.4611790134018,23.0626116401291,25.5695103629553,22.7787062257187,22.4702530589905,23.6215533160306,24.1309571405781,22.8115350924379,24.1050904628209,23.6690634798219,24.2986468964248,24.226748459458,25.0567646125646,27.58990096254,28.611306338988,27.957141709388,23.1147830171405,27.2651213270175,23.8426084827892,23.8827743097245,25.1792603062473,28.6476450456892,28.2913476954125,29.8273595090929,21.1974281223961,25.600400311757,22.270133211441,25.8743171516639,23.8757438280477,26.1342897758255,23.3763950007944,20.2338067969407,22.2492449215268,24.4248377843417,21.3168242170563,24.414048805372,21.8019562871283,24.5647359715581,25.4515873504337,22.9728698948125,23.92416059431,25.1546862692725,22.6713283474838,23.9913748062223,25.6985534447853,24.6157361211012,22.9320433560464,22.7523145363911,27.2309752590924,25.9191195066782,27.8803682898551,27.9933349277479,22.5489041469335,21.7445761115904,23.0938648749701,25.6211824188595,21.3887629676754,28.8240278057566,29.6555476253831,32.6493155009867,29.1607185430865,31.1260292581487,29.0541640355489,30.2478519673044,28.5210642117546,27.3225259681129,25.7613564069072,26.2453773831788,26.8568081818861,27.8578189446814,30.7285357362611,26.663920246216,27.6343037789628,23.6707465162541,24.9979611565767,25.7993086127567,26.8312704367767,24.6654964009605
25.8006590496843,27.2429790091246,27.7970856778965,26.5877941031729,30.4986669274331,26.6831241951213,26.3098746927423,26.888635466897,25.8493956000147,26.5922666698837,27.2738707009286,29.70332679486,29.8859686701188,26.1648501381392,28.9895024040323,27.6940277929695,28.0210790222945,25.2722793678552,27.655866431855,27.0200586469707,27.7513103878958,27.9269242985744,30.1410611434074,28.2567338990106,28.1356715647736,29.5275768921601,25.225115468505,27.8729802091195,27.7115352480146,23.7860172150656,26.9777734680436,28.7265896290815,24.5421786337495,27.8845213993737,30.1050101046509,31.7437340725725,35.2731238618363,27.7609287732485,29.8916733870665,31.1232379173957,33.624321294173,31.634344799186,34.0487091326277,30.0954502917747,32.3816065958224,32.2087476088359,34.635293388758,35.017883718122,33.6757680737904,37.2561668704671,31.2116937592953,35.0337437935707,32.849603225772,33.9089560569109,33.4322202601153,30.5970447920879,15.4386744265333,26.3763071474545,22.4899026973534,22.8921497599763,20.1832714710734,21.5812848812987,28.3160941265547,23.4112358338758,29.0272630807298,12.545033686764,24.1584482621521,22.5722481944589,22.3502493996167,18.5692388734655,41.8328845908578,34.168277646245,41.2059834907594,31.5930393248881,31.5223948094403,27.5590411405021,27.250529443554,30.5801842717487,25.2366075726504,26.6210745115108,31.8290275591989,29.299987325696,27.4273683065406,29.294682030172,25.7978690159655,25.9969138571572,31.5059520715783,29.7546254786193,31.2518674977806,28.8475574621259,26.9154796755749
40.7972117319587,41.3880727897166,37.5090048737046,39.2574224746288,46.0776742669363,38.9415854372646,42.4756944135439,39.0984645440657,38.5506599251966,37.7714142654785,17.6159884830688,19.179704398055,17.0220394460918,23.6380482121725,30.4882306499086,35.0296808875197,35.990326831184,21.2725819657411,27.1452334862109,34.3735250025051,27.7967476400644,28.8207378060464,32.7094047115851,30.6536438234228,33.5757373942717,30.8909802542942,34.4361179992554,27.1483201254932,40.2294051532453,42.1300820066844,39.5624124083567,30.1945361654815,41.2306933779421,32.4786538352051,30.3051221781196,33.1305239781271,36.0424941593562,42.3662060435384,43.2344014127323,45.9568507931583,45.1764594187812,46.9702947508515,34.7068767807975,38.0922476034077,36.7650887614113,37.9441312712436,24.1325654513668,29.1237887906657,38.5847393485772,35.3747728617544,32.1061540166864,44.8468843344054,43.3960427234887,29.9259047225956,23.3700862685822,40.9833128376604,26.5903029553495,37.4600119412791,34.4412571256402,33.7255192210771,31.8126239010925,37.1901349992643,38.885638691218,34.5983316800354,36.9567797045173,31.4739977792207,31.0047708617416,27.1933938394993,30.2948076016224,26.5440877300526,36.9431851595161,33.3157375693308,41.8518302295108,40.3472565581562,38.1809684987573,21.4671093657507,24.0242265946838,16.5233485272384,19.6897943552012,41.6423944468624,39.9574071263021,38.0956340478564,38.6307377866829,33.7664073471287,24.9142419109255,24.9713782540628,36.809319063722,35.5508498118803,34.5170332532385,28.7134525239758,27.9532315330909
0.382658087883065,0.450324240525908,0.400146494695816,0.0510504038449589,0.443869355404413,1.03968402186183,0.261088704587243,0.090339455271123,0.34155205917615,1.84479723502187,0.353677892769611,0.302703190656842,0.519122990656388,0.149125010728201,0.159838219722699,0.324233819756131,0.181284072085751,0.272942364003966,0.195702075151574,0.314770046734623,0.1586912986185,0.341842314715143,0.304170962922597,0.729838200632216,0.0492804224069039,0.272136399627555,0.165794729658915,0.143853118337735,0.424190779574066,0.150164250095111,0.778233784721106,0.0331589459317829,0.330952612690168,0.258419949515514,0.0832066833549403,0.0595444356184886,0.0347816590198854,0.0744161071525226,0.12859056562805,0.156459506326076,0.16013421038489,0.0317429055361196,0.66338824141307,0.456897505335867,0.578132362866178,1.32763510703883,0.7528226758444,1.30660494955805,0.97038255609765,0.672899885405193,1.11807532173881,0.937370737936115,0.955085805415185,0.189293528759536,0.616274082390336,0.47041636176286,22.3658849374654,6.62182625125242,11.6935411512948,10.0844236480874,18.1558687571267,6.25525200839345,1.17211472854597,3.15321330799308,1.70652108089241,29.3167776969961,0.644154472992907,0.303256890304296,0.426782605533474,2.16452116711708,2.37684448028204,3.21176280764047,1.68272723496023,4.1818487938597,1.71533777993262,0.283557790439899,0.56122628705849,0.46457064873175,0.793396578737937,0.804979498692513,1.1988018544717,0.626602800787149,0.60277214053024,0.283719988651663,0.60988285519417,0.373101120295944,0.418084994895576,0.808681455634596,0.571745234467088,0.319195459814107,0.538769518710397
60.5964628431072,65.0513834723334,44.7072765437417,51.0504038449589,52.2151768993919,56.1436000329593,57.080247040841,56.4169898168163,72.2056201130573,71.752902983219,72.4332324392164,78.5184418404297,77.236205324782,77.6143660487706,77.035863516089,70.5857391148916,70.519504041357,76.3146849755088,77.2727731903995,75.3540414910157,83.923282923245,74.8622416813448,74.9401209900548,68.1065148091472,63.3746232152784,64.8850929969128,74.6076283465115,66.2803242741114,69.8642213958487,73.5054004215569,75.2492205688023,70.3301243213115,66.3572492950563,57.4654572421135,69.72720065144,76.157333156047,79.1978375882789,60.6491273293059,58.3125193376744,64.4300247050781,65.0018472417614,68.8186192023072,71.0373580602529,68.9928324676224,65.824499029192,60.2074523240258,63.5641227658665,67.551475892151,62.6867131239082,60.918733929341,63.8545239304163,68.2118142168953,70.447129007424,60.1182225597417,65.9088913377454,65.7098582996421,57.3444578719542,59.0681178367952,62.0818610475024,58.1091625775218,54.3481770729718,72.0684885647884,79.9235730527286,91.722060938229,74.9004319592294,45.0991425880264,69.1953921518882,60.8367429082336,59.3583473862806,69.1705677317851,58.4809879519343,67.8535712145815,64.9853232167974,66.8405203854897,70.6964213586513,83.7982673006303,80.3301892209719,78.6911206544087,77.3241007453601,69.34898381236,69.1616454502906,68.4789749008393,65.8211640274381,77.0484509205769,68.5898513658573,68.4347039022233,65.9147130902106,73.6708806083117,72.6434926551021,73.5649133558149,72.6024778262181
13.3290780826943,14.4148789392343,9.93163599835016,13.3880529288766,11.4167233385973,13.3816646690128,11.8050498980396,10.5918494332628,11.3491221183695,8.40515512166981,6.07052735149761,5.66008869595708,5.05350339883872,7.94558865300886,7.50875727818158,6.65099701292311,5.88411841175929,4.62855660877925,6.94273098934705,5.94283022016815,8.80024630992718,8.41893908597284,6.67313071281812,6.283375237231,21.1915672434168,16.3690044375974,14.1069208975782,12.7356761992355,18.9647213731974,13.1633981633374,16.0477792823221,21.0605729191126,18.9876767235364,10.0756619055095,8.91351595439798,11.330115209486,13.6987564049818,17.139517799369,15.8888989233281,17.0772421964786,14.2968946780475,21.6591367344605,4.63588680002658,4.37172799279343,1.61051158227007,2.30336693269387,2.88831831153152,2.92374634212772,2.62313812564317,3.08375537357084,1.24230591304312,1.57485217829859,2.48322309407948,2.27853321654998,2.56629502098544,1.42780500093315,5.46176966841552,13.0899028199549,9.26458502571882,11.2755862099906,11.8450615548973,8.60163696388231,11.5211552099016,7.2785663442817,11.3326296216814,6.0797113373474,4.91803214833925,5.64584252132534,4.26853735967729,5.46494539889083,56.3533202772888,40.3970647317968,38.0224238219513,38.8480721925604,34.3000167716597,6.13396971291457,5.17600297011143,6.53901056191812,7.79251032345658,6.86164524685498,8.86778043118999,6.35515830427976,6.98961438175488,7.96890467528308,6.05576765870753,5.88412379262927,6.28088081500126,5.86617527917336,5.97324641066588,4.62940529300862,8.55059347953323
12.5766243636638,10.2755803974548,17.6064457666159,17.7155043806348,15.6161309583189,11.6330599832165,12.8221499049963,11.2020924536193,14.5348975552258,15.2114859729873,6.33083428057604,6.17698896670308,5.50222524658845,7.56029124156926,6.57828049646836,5.44654330819205,5.69231986349257,7.75156313771263,6.46546820216568,6.60628493146739,7.42593897381441,7.74965104148128,6.42561159173985,5.31670212381084,7.88486758510462,10.846579356584,10.1687434190801,8.4154074227575,9.62913069633131,10.6616617567529,8.38097922007345,7.85867018583255,8.83651812220599,9.62284496694406,11.0664888862071,15.7792754388995,9.2519212992895,13.0600268052677,9.94537305159537,10.1698679111949,10.429793965858,12.9193625532007,5.59349276064983,3.66565333793819,0.0412951687761556,0.127964829594104,3.64488806856791,0.0871069966372031,0.077630604487812,2.79381218244181,2.73307300869486,2.86021584391048,0.114610296649822,4.38179464721149,0.064870956041088,8.96303019378264,7.98956491699137,7.92281527425806,7.39259036801245,8.01635468200269,6.47127374634611,8.71742567127172,12.7467476729375,5.27794129815626,10.6198883354296,4.03623983221242,9.93925040778219,5.30143463490396,7.61095646534695,16.4221279853014,0.0351448244903451,0.0813104508263409,0.120194802497159,0.0411073311103873,0.061262063569022,7.25749309797224,7.48301716077987,10.0418732533555,4.91063009472903,5.75560341565147,5.78442852856976,5.2132814880305,5.19083214164882,5.55914912053437,5.84397836749457,7.24927203109331,6.54115473414304,5.98424277169601,5.20687525641998,5.52700863302279,5.76731598619531
0.285832371901449,0.450324240525908,0.145507816253024,0.270465715734882,0.363165836239975,0.198855726208829,0.27874238923905,0.225848638177807,0.39673417644537,0.776756730535524,0.282942314215689,0.307312883915576,0.512629681359172,0.52020352579605,0.307919512600647,0.292431855473399,0.1450272576686,0.818827092011897,0.556169307713177,0.459260449781155,0.372992368547756,0.30631031784511,0.380213703653246,0.483336556710077,0.591365068882846,0.272136399627555,0.386854369204134,0.251742957091036,0.466609857531473,0.225246375142667,0.239456549144956,0.762655756431007,0.29177182478982,0.465621530658584,0.457636758452172,0.297722178092443,0.313034931178968,0.186040267881306,0.116547340448383,0.375502815182583,0.280937211201562,0.317429055361196,0.484769372589652,0.654580953203248,0.289066181433089,1.21566588114399,0.715351863924543,0.696855973097625,1.00919785834156,0.476992323831529,0.62115295652156,0.303356225869293,0.496644618815896,0.613451250609609,0.291919302184896,0.456714914332873,28.2985234801823,3.02008305008847,4.21298160757699,10.1615763574682,26.3322968296441,2.7948998335375,0.366285852670617,1.06985296584248,0.604383889008191,47.3007279510513,0.531104983621949,0.370729694748529,0.71130434255579,3.48205579057966,0.913765436748974,0.691138832023898,0.240389604994318,1.19211260220123,0.367572381414132,0.277609025605495,0.486396115450691,0.393098241234558,0.293171945953972,0.241493849607754,0.419161487577519,0.269072592930606,0.317806049488703,0.305075256614691,0.0439396869736433,0.236389305361738,0.182969363192812,0.283038509472109,0.404417495644271,0.171380112651869,0.292015999301028
48.2159909446608,44.6697083461308,51.5072205667861,46.7469562254723,49.7089291117403,51.1519898789074,47.6324286144663,54.4683677666182,47.8544370302737,44.9357005101178,38.6000515389826,41.7607477952876,38.2811340851776,35.8343932756361,40.9768090295755,41.7651175987108,41.9165031476672,31.0723046029395,34.0135768306513,34.4215707110976,32.5167965220505,44.6851617878803,39.7779576762026,40.3322386731072,39.7279053275496,35.7906017464457,32.1404136425783,36.0801602430832,41.2279502483627,34.369593561769,41.1152881295618,46.9633467126434,37.918666349685,37.5775976138588,32.8641437247008,33.8819747556324,34.9934793233165,41.6845545020213,44.3831696984185,40.9629762702426,42.4288934932299,40.6610748464924,36.5180497366959,36.9899332782134,37.8812971734308,39.6563006912127,38.1548245592668,33.7422017523702,35.1585126195076,38.3157712469785,33.5876038179903,36.750306665954,36.0869620718073,31.4297366455186,35.7503838742436,35.1299403168417,41.4171313459816,46.4845692009526,45.0044473626002,47.4997241509652,47.8077185707197,36.2877816244365,39.4042994585996,40.8220229999964,41.2824415387045,49.4386007679645,39.5016918782876,39.9338905292273,36.4024223389776,35.1108860710381,59.5332239971753,56.788845066133,56.7772201542664,51.3447008501181,45.6622917018062,40.5241758049233,38.7515526688146,45.3824772264547,39.990485752784,42.0010128135299,44.4177045156145,44.8106769451808,37.9195584714938,39.0699711971214,39.32733803202,38.1898742277157,45.3965287017687,39.1037917872109,38.4292670017273,34.8287233936761,39.8601839045904
9.87550844919507,10.2997341521739,13.6067996673609,12.4752311382714,11.0095740844127,14.9605791351109,12.3142193290496,11.7369020288243,11.8742539010099,10.354814515314,12.8385075075369,10.5952262987573,14.083646112541,13.1451962945156,12.3422538455228,14.5627408627559,14.2126712515228,14.7388876562141,14.5771975551624,16.1779792594448,18.6136755264186,14.5062440325087,14.5667474143632,12.3031123526201,11.7119851892248,10.0601051616604,9.66251684452154,11.9844032887167,10.5224764781143,9.16827828955701,11.4609890834504,10.5050856606481,10.715945490745,10.4795885833559,11.8307422728222,13.7154653003627,15.3115819337339,11.9188558020838,12.8361355858501,10.8952141825226,11.6771551835929,10.7062471792224,12.5972914960182,11.4560394556611,11.4936843254674,13.4273495693093,14.0144243017712,14.0242264585897,12.0723353038996,13.8327773911144,13.7274803391265,15.5145041230295,14.8229317000437,12.7072044769133,13.3076279222688,13.3589112442365,22.1496512289055,12.0850388232891,13.5816988202001,14.404599018731,17.1215171973448,11.4224894387312,10.6369411615547,10.1400664102551,9.76727534915023,21.213275693365,10.1509336798258,12.337884241231,10.6339999212091,9.47589723117475,10.9852177909472,10.8638893349074,13.6092568374117,11.4722339662869,12.3675853933142,9.77738988182555,8.12767908918105,8.88616442412592,9.29574947633557,11.3099619566298,12.5128087271641,7.93764149145289,9.64717919114596,10.6776339815142,8.372267955958,9.64389569440772,10.1488531528973,11.3215403788844,10.7736820839634,10.4460463164131,9.58433011705887
0.569163710548761,0.327508538564297,0.725356464021325,0.741076061113576,0.524572874568852,1.17656304673557,0.247771012656933,0.135509182906684,0.613134636324663,0.936639157570753,0.924160333806994,0.755375068664486,0.882064805058682,0.721348889103856,1.03320992818999,0.87400570804612,0.956817332468591,0.424698318390171,0.387232880495299,0.546166657970512,0.619506415760681,0.893813507472031,0.899965836547233,0.813323605882138,2.14961202538915,0.948978502129803,0.788077614978707,0.967412220821268,1.12834747366702,1.26288134329988,1.30024906185711,0.928450486089921,1.06580079426796,1.107403207083,1.15823703230077,0.76157333156047,1.12518666929329,1.25763221087763,1.43003586730166,0.907778055703894,1.25052176136095,1.05005531513484,0.22411260994337,0.785497143843898,0.3716565189854,0.54321070162697,0.319864476297689,0.653302474779023,0.533322252831268,0.885842887115697,1.0603080967823,0.548641402786464,0.85040840114168,0.17527178588846,0.4829642677259,0.456714914332873,5.28161786593239,1.69399203809508,3.02884231171148,2.82868177417522,3.01598184966903,1.65764178222426,0.512800193738864,0.812375018729726,0.772747972374758,6.67647440014311,0.599769270790215,0.738493551939069,0.497913039789053,1.59986347134741,0.251988391595775,0.203276127065852,0.429095444914858,0.312826789750047,0.183786190707066,0.356925890064208,0.486396115450691,0.393098241234558,0.362433818185598,0.885879938311111,0.586826082608526,0.504511111744887,0.667745821759042,0.675233234640516,0.175758747894573,0.315185740482318,0.686135111973046,0.313768404786223,0.303313121733203,0.257070168977804,0.328517999213657
3.28635769593691,4.03326765241931,3.86104990427399,4.03534847876444,2.85730809601696,3.63342554404565,3.72121089634132,3.3543039742168,3.31381237561824,5.04632955937912,5.28713081901292,4.30268768770198,3.9735635367754,4.13735204183125,4.27756188368225,4.00741303944358,3.16848301191475,3.77915997199891,3.93003137062824,3.71259082057705,5.42907346619829,3.44568476543964,3.91734178873939,3.39170443749553,4.55400383462199,3.74887328801216,5.13466277753658,3.59704722403507,4.20669996103602,3.70305040734544,4.12284313490327,4.91216625033432,4.91343752946057,4.10872199011978,2.94426849051456,4.23003670633743,3.26947594786922,3.05292079593224,3.61646397411333,2.99964165528353,4.07955947816068,4.03103157403182,2.93136310609789,2.46296993325276,1.96854069555934,2.94319108066439,3.31276041746009,3.77173295439089,1.55377654882356,2.17849208469914,1.30442120869528,1.95274736252433,1.48764165051469,2.54888994628292,2.3012971655576,1.84284467933314,14.7871382939477,4.86233371064243,8.32236096304312,9.67796059378869,14.0460838083801,5.76614453752439,3.41744700541686,3.59613243585187,4.57604944534773,22.0005092474164,4.23556224438504,5.07973827744434,2.871891283069,4.41468208475923,3.4115081132778,2.99872942647545,1.89226684064694,4.86381941698102,1.01817549651715,1.51019309929389,1.25901763730121,1.39549875638268,1.86860469052413,1.35196306805408,1.65317290700573,2.3389135140493,1.38528125793798,1.88299227832734,0.573852311875782,1.49476837423739,1.27072222737408,1.77020370638413,1.56913988309977,0.999574507042028,2.25947379459171
27.5470948420022,31.1542497309287,25.4638678442792,27.3170372892231,24.9777391813938,25.0170446357017,32.7986878004616,24.0302951021187,27.9877928110552,31.3939178591441,32.2907916098655,29.7478871630278,31.4754624354532,31.9404964838774,29.1683756481703,31.1439926079169,32.7761602331037,34.0086185548941,36.1857655830886,31.6536433079935,32.2129772836698,26.6489976525246,27.0712157001111,31.3729364991813,35.8268670898191,41.9867587996799,41.0065631356382,36.2509858211092,27.5299815943569,38.0666373991107,25.7415790330827,36.3422047412341,37.0550217483072,32.6835273086948,30.3704394245532,33.7616949956831,31.5817463900559,32.7430871471099,34.2649180918247,31.6674040803978,29.4632900247638,32.2507920246975,35.3508742473069,38.2711663972833,36.7939953795546,29.0480163178615,38.0158419114186,34.4508171700138,28.490431847027,27.8018383033234,23.2932358695585,23.5751124104136,26.0165373395096,41.2326876302601,33.4734133172014,30.5428098960109,25.0511519332762,33.9661288490469,34.4192648317139,30.1836453284796,29.72576964785,26.7511841210018,30.4017257716612,27.6735300497923,38.5510580631653,25.01801548892,26.8587377431671,22.0213438680626,26.0693041546697,27.3858982448292,22.5903902859041,26.6657623484985,20.2500196753797,19.6661582765204,22.3961851995631,34.8994203618337,34.2722185963718,29.8754663338264,32.6520254806236,29.140257852669,27.4131612875697,28.3535244800626,31.4627988993816,29.6939916438299,31.9002127428651,38.0192799456796,34.1237862354595,26.1814664668979,27.4776412196804,33.6333471079294,36.5750039124538
2.25092992872391,1.55566555818041,1.05529543737506,0.980438219538946,1.33160806621324,1.59084580967063,1.76536846518065,1.71644965015134,1.55086996246826,2.20081073651732,3.21846882420346,5.03993129621545,5.19464743777295,4.09226773626226,2.8832463452606,2.30290086185301,1.99412479294326,2.83860058564124,1.66850792313953,3.1441676946556,3.3230229197891,2.29732738383832,2.39534633301545,3.25153683604961,3.69603168051779,2.68248736775733,2.21059639545219,3.16476860343017,2.16337297582774,1.50239332220159,2.39456549144956,3.41537143097364,2.54258304459701,1.12525203242491,2.32978713393833,2.6199551672135,2.67818774453117,2.3068993217282,1.82590833369134,2.22172498983028,2.28261484101269,2.03154595431165,0.261029662163659,0.349109841708399,0.289066181433089,0.127964829594104,0.647223114979348,0.435534983186016,0.19407651121953,0.102212640821042,0.062115295652156,0.0866732073912265,0.191017161083037,0.306725625304804,0.421661214267072,0.399625550041264,0.412364640876974,1.33354316497413,1.22043982921381,0.752709359812459,0.894403688519382,0.665452341318452,1.39188624014834,0.713235310561656,1.38144888916158,0.233501477896586,1.441570669831,2.96583755798823,2.59626085032863,3.38794617461804,0.913765436748974,0.85375973367658,0.520844144154357,1.31543459553239,0.551358572121198,2.69677339159624,3.51701806556654,3.716565189854,5.203802040683,3.1394200449008,2.22155588416085,1.91714222463057,2.93087801195137,1.55927353380842,3.99851151460154,4.45199858431274,3.29344853747062,1.85996734795957,1.76932654344368,2.14225140814837,5.07377798785536
3.75154988120652,4.13479529937424,3.23754891162979,3.38082144668602,3.30884428574199,3.21483424037606,4.0882217088394,3.38772957266711,3.0296064383101,2.55682423801277,3.28920440275739,2.67362209006551,3.45170652115176,2.98250021456402,3.63904878528037,1.93736104251127,3.00931559662346,2.78401211284045,2.91988886549418,3.17949542156184,2.64485497697499,3.95140310020192,3.11775236995662,3.60305433183875,2.21761900831067,2.33259771109333,1.54741747681654,1.58238430171509,1.86643943012589,2.77803862675956,2.4544296287358,2.7190335664062,2.29249290906287,2.21170227062827,1.9553570588411,1.72678863293617,2.50427944943175,2.08365100027063,2.60289060334723,2.62851970627808,1.75585757000976,1.68237399341434,2.12552724904694,3.27290476601624,3.26231833331629,3.51903281383785,1.90760497046545,2.43899590584169,2.05721101892702,4.054434752568,3.22999537391211,3.77028452151835,3.70573292501092,1.53362812652402,2.49753180758189,2.22648520737276,2.24223273476854,1.60809616952763,1.43082394219596,2.06995073948426,1.99925530374921,2.32908319461458,3.00354399189906,1.21250002795482,2.50387611160536,0.967363265571572,2.38997242629877,2.96583755798823,2.56069563320084,3.62322021452208,5.16628920008074,4.22814344296973,5.24850637570929,4.27516243548027,4.83970302195274,4.12447695185307,4.71430081129132,4.14539963483715,3.48141685820342,4.26639134307032,3.14371115683139,6.59227852679985,4.30803755973575,5.28797111465464,5.62427993262635,4.01861819114955,4.25403769423289,4.73078651546239,3.7408618347095,4.24165778813377,4.81826398846697
48.1984837118819,46.7927824473739,60.8222671937641,56.6284211498462,47.1712069516145,51.7356314353303,45.1872384333082,58.5851367433233,55.8313186488575,44.8900660521988,45.2000346959563,50.3378503853714,55.8082846439686,42.6566891152761,50.0509171390869,46.6794349299412,46.1911815674492,46.937352453034,40.8784441169185,43.3117931870536,44.8608094171528,49.2546991094937,49.7319524378446,45.6093950786418,50.9066763463317,41.3647327433884,36.1985159755297,41.3218082425144,47.3396910004658,39.3430335249191,50.7647884187306,56.4365259758945,46.0174185720653,46.8725674196307,36.1117005760441,47.7546373660279,47.3726195850839,53.6168052033925,54.621853556809,47.6575656269228,50.3931122592802,48.058758981685,44.9716817956246,42.3295683071434,44.8878484596811,42.8042354992277,53.5832610453955,42.5517678572737,44.9093046961992,49.9138396009422,49.6301212260726,53.3040225456043,53.6376188321168,39.6114236107919,51.4751036186033,41.047252925667,42.4993308003831,38.9865266465966,43.401659579944,46.745885727113,37.6701788811692,38.5296905623384,38.8263003830854,46.0036775312268,38.9827608410283,42.5973410391344,61.3046895380764,62.5791724735516,46.625999654532,55.8070022652361,53.3849884008343,53.6242423199718,58.2544142769565,63.3463972411068,47.416837202423,57.5443851647963,56.122628705849,65.9332959161599,63.9847772044544,56.9925485074299,55.9580585915987,66.6627348985577,48.5537020052185,56.303333470778,59.010999605603,65.8738197608045,53.5642810746958,54.3838278914266,52.7764831815773,44.8587444866268,46.4670458887761
8.80435163549439,7.60106379440412,9.78540064301587,10.0937805112258,10.2896986934659,8.46396255986845,9.60855987083588,6.63498129238763,6.13495303757795,7.37918894008748,2.64091282531069,2.57343808990903,3.79345964205788,4.33502938163375,5.42610166568267,5.93782882538736,6.27351659859948,3.9849585144579,3.57616864859573,5.27831567706172,3.36032215664387,5.26026708835407,5.90928138217875,5.6923864474355,4.62940288090455,6.33689044847021,5.47122607874418,3.79700305852452,4.83068459778947,7.28296612961289,6.32344882154542,5.81110527454495,8.29465616188203,7.52754807898043,5.6077144247062,4.02758562523457,4.6409167630233,8.29739594750627,8.0355506327812,8.60026614373175,5.94041733085703,8.99530457082556,4.57249388207255,5.84758984861569,8.1764434176788,8.12576667922558,3.8073751348022,3.70161182209795,5.3700970654444,6.23497109008356,5.11084652625939,6.688138048344,6.77346853200449,4.6885202725163,3.87441784955398,5.35840773241044,4.61100986870621,7.08778192183749,5.45832837208087,6.73561970628179,6.55729433638901,6.25525200839345,6.80559114262007,5.34926482921242,4.45128734254533,8.50612526623279,8.49767973795118,8.83671300402593,7.98865907124407,5.27202068616952,2.5655721877952,1.82948514359267,2.00324670828599,1.9320445621882,1.6099670305939,3.92697795935088,2.80875049129872,3.07331352237927,2.17203765458649,7.28506446316725,8.04370894661258,8.64395704789573,7.66301008883816,6.72826529838333,4.13033057552247,3.70776625459887,6.63263941573945,6.83497566302361,6.25836074509509,5.01286829506718,4.79964796851153
2.85403623343597,2.99711251353652,2.29647711001335,2.17217777949577,1.99700858172404,3.18600016007578,2.23799167182375,2.36147336078715,2.77930323971638,2.90733571266692,4.61266707750127,3.12383546500183,3.64787281255187,4.63570701954386,5.39251044612623,4.77358450078389,4.37438465942916,2.67374339778285,3.5069950909489,4.37675208641441,3.18399849151221,4.33888565227598,4.13064167648886,3.28317341067063,3.32938533781042,3.10896398260223,2.83619517536516,2.0229344766244,2.85947004510878,1.4926326459454,2.96926120939745,2.8344266982488,3.7046685410456,3.5953742525687,4.90420191694018,2.75035748121799,2.33106678751272,3.78666361245611,3.86548679153805,3.18958349596339,3.20408889375382,3.4250595073473,2.67592693669488,2.52144583173891,3.65957785694291,3.57725681130317,2.13890207313438,2.35232444418767,2.27224779335826,3.65750899737962,2.42435998930365,3.7026794197532,3.03297048367646,2.04410720292416,1.57506681267762,4.92852481929462,4.18730520020512,2.65531977261025,4.15256904112871,4.2230758632278,4.84477433278278,4.695431720343,5.07012877266668,4.81647805222286,4.05153057024419,4.44720243331041,8.30192961541624,12.0805978330756,10.8779773107057,12.713738568334,3.49901872625876,2.7210542369035,3.40351615737789,2.32749708747013,2.53502419048613,10.2834314770721,7.77036501975381,6.75950293904696,7.74450341730661,6.40683183009371,5.99149430343305,8.45325184765616,7.32260449805248,7.84212895753431,14.6385067152693,7.15668621982663,7.57584648299839,7.44593450275555,5.93634331418834,5.88904912099986,5.12743592772693
193.437057684306,191.825844893841,211.168218337201,192.301123887501,180.53377237085,200.579142502639,169.87800055291,213.60764198857,214.34465551044,191.567628668324,208.457749998409,201.84310215575,227.402526650929,190.394490441354,193.40144659617,181.453966321244,188.970516742186,182.925972355458,171.786794919907,167.559408716309,187.59549450918,188.962835078648,184.174757622225,166.79505175195,208.899710582865,194.499772476666,182.926851723669,188.879144377446,189.528440313693,153.618027847299,186.297195234776,235.992218196499,190.985500169565,181.281982603075,195.20287915069,211.323202010016,205.350914853403,213.239355045553,217.360789936235,189.284710753287,208.63099646856,198.424902506283,189.209215116915,165.259871318713,163.157211834591,162.963210488091,205.953208061323,165.895275095553,204.867165243336,200.984122734442,199.638560226029,199.998426055255,207.788467826128,195.296587426216,202.170334502051,167.671462924456,146.569857041709,151.121818077803,164.385772914513,168.042364578131,153.442844562752,149.260960157729,176.916066839908,160.977209593766,172.896530831351,137.799229312971,191.463346595713,192.74236829976,161.323824891653,177.773064551486,190.063210843787,168.434598886765,171.037203953458,206.687660823027,163.140875284306,200.592350216085,200.170709050861,216.811548142733,205.843352552933,190.699643240256,178.395129112992,152.160551302258,150.534132107816,171.892958477011,195.267968910871,213.065560566047,180.453534448911,189.554933200749,174.910566866147,163.239557300906,161.448345613556
1.32376117236859,1.37799217600928,1.57221195461393,1.37261350735452,0.937371375094957,4.01091999763208,0.971572083381,0.848287484995845,1.2248266029168,9.81399764167862,0.667036505763487,1.02304459055495,0.817473465207427,0.933245125278113,0.761400976612508,1.21468881967263,0.893367907238579,0.736398498082699,1.54371743472139,1.84693356265837,0.576781835363393,1.02644587509896,1.03798341097336,1.52251015363674,0.662821681372857,0.834292448001048,0.589676588486873,0.960579197700226,1.02145139721435,1.74490858610519,2.27902770648712,0.985815462551906,0.937421191360437,0.757411023204629,0.454724524534749,1.13908505338169,0.80102160722796,0.700255568305237,1.11535804809103,1.01448343901828,0.908480706723052,1.44049305322911,0.982217328770111,0.6650542484545,0.324580026580583,1.78318990039384,0.657101783576402,0.738231796500296,0.359817851801009,0.335598170695755,0.985148589043194,1.07734796787295,0.565792831127955,0.535017126424523,0.341869938336534,0.385353208968362,71.8122712971228,18.9449417513472,32.7454657867413,41.1483625728677,63.4576786405417,21.4268999381128,2.30906601523557,8.55026490301313,5.8258289872611,101.29060609676,6.41574820215314,4.35792756176895,2.29217824388603,10.27206458221,1.70206385006742,2.2144901282554,1.16508828553913,8.12979687370129,1.11190645377775,1.12471313802455,1.01694203214998,0.749030830570575,0.800725877386786,1.35518298604885,1.03868216621709,1.64504256502949,1.34714453199934,1.17894638056211,1.27512971597513,0.824998675712467,1.26706284011023,1.08727221710071,0.796702466419213,0.793061471296525,1.4206578365995
30.5533368134757,31.6618879657034,38.2609165141921,30.6948159966071,34.733584095587,32.1579537638607,29.2775519968407,40.9721048463888,36.8529983174436,38.5203372131698,35.2135857157136,37.7828898258844,35.4883275811328,32.3889119231136,32.609796091727,31.7171590446448,34.2688532826578,34.0970518808314,33.3712012802426,37.6957444407682,33.0125372882476,35.3623009539466,32.3645508823716,32.4046403493225,37.4067974321844,28.7861995863176,26.0225881181644,30.2159878740454,30.9235078309494,22.6350082380866,29.5327748474202,36.5123101338641,32.7388828258806,32.5407367059595,29.5184029869986,36.9092138624764,40.3884624538909,32.3021717122312,38.556579658269,36.4691463295451,38.3718089919654,35.2708120574039,37.9387968979009,33.5202178389341,39.8023484248975,34.2440282235301,44.3657819568554,36.6724811192457,45.0684474353993,45.7697984332544,37.8673476884238,42.1292459166535,44.2093937953802,36.295719601247,42.0049171009451,28.8483975638359,25.3630026929394,26.6606656164563,28.5184409071391,29.2992118307,26.2725822304401,26.2886947437855,29.7394809500327,30.7925080628784,31.4966029701061,26.4190243562995,41.8867326154528,43.7064359029883,34.8211927854761,30.7291423518655,31.9150151196824,29.2067139368217,35.6149219279332,31.0479561143644,27.1783018817609,37.6592506606746,36.67277050155,36.8247285147784,32.5889935122435,33.8280559633048,29.4725016760381,29.6729892076461,23.8855964439054,25.4870038551133,32.4815348015264,34.2134121293556,32.4610521474448,29.3874840977612,33.2279524858724,30.0377923444931,29.2439422500015
19.9010788936384,21.0833621700766,17.3154301341099,17.4788468793667,18.763568205732,18.0627284639686,20.8437364397645,18.2937396924024,19.9809757955214,18.9010804430311,17.8253657955884,20.4363067803858,18.7964216498363,17.5828791719065,23.0099853961574,22.9559006546618,23.1681044125589,17.6320767146562,18.6664323901235,21.0906529630269,17.0898321589153,23.3408462197974,22.3945871451762,26.4516915581333,18.3815975577751,20.4102299720666,19.7295728294108,17.9456765126324,20.4035764975126,25.9784152664542,22.1497307959084,22.1170169364992,21.7995234807251,25.4151752151143,21.1761009138323,14.1715756772003,17.1473578968035,22.8085368422482,23.3871663166422,24.5328505919287,21.1405251429176,24.9181808458539,16.7804782819495,21.7320876463478,25.479119134888,22.9696869121416,16.8959297384083,17.2471853341662,21.3872315363922,20.7832369669452,18.8209345826033,24.0518150510654,18.9489023794373,15.6868248370171,19.3964158562853,20.2096349592296,14.7678087014066,22.1603496532465,18.4947242898663,16.7101477878366,16.6516922009638,18.5661203227848,19.6329217031451,20.5411769441757,19.2107736149032,12.3088636205486,26.8208016729084,26.210589418721,28.8433910906373,23.1980203345374,18.4510328574312,21.0594067640223,21.1542852395,18.786050317447,23.0345359019523,15.903031323972,14.9660343215597,16.5815985393486,17.7002562369711,19.2792589936857,21.3772358664535,28.387158554179,24.8241836433954,19.8298916799549,18.4107288419566,14.5773404973072,23.3743361478818,20.2979045364284,22.445171008257,21.6367392222985,18.9810399545668
2.10801374277319,2.08786693334739,1.67333988690978,1.92706822461103,1.97723621952875,1.78970153587946,1.64148295885218,2.03263774360027,1.98367088222685,2.42736478292351,1.7330216745711,2.45850307132461,1.74294091662119,2.21953504339648,1.56759024596693,1.97391502444544,1.92161116410896,2.23812738483252,3.37177642801113,4.45129359018658,4.6793588054173,1.19461023959593,1.48283344424766,2.02122560078759,1.72481478424164,2.52698085368444,2.15533148556589,2.22972333423489,1.23015326076479,1.05114975066578,0.778233784721106,0.79581470236279,1.37549574543772,1.47446818041885,1.37291027535651,2.50086629597652,3.44338424296865,1.45111408947419,1.3985680853806,1.90880597717813,1.33445175320742,1.87283142663105,1.64075787645728,2.05102032003685,1.15626472573236,1.21566588114399,2.28231308966402,1.61147943778826,0.931567253853744,1.32876433067355,1.42865179999959,1.25676150717278,0.993289237631792,3.15489214599227,1.78395129112992,1.48432347158184,1.39173066295979,2.31408960980805,1.98725547527216,1.43014778364367,1.39421751445668,1.53054038503244,1.90468643388721,1.35514709006715,2.67655722275056,1.56779563730565,1.63125102112456,1.74242956531808,1.42260868511158,1.27047981548177,1.33550333063312,1.62620901652682,1.40227269580019,1.64429324441549,1.65407571636359,2.69677339159624,1.79592411858717,1.42944814994385,0.916162331106163,0.965975398431016,1.42514905776356,1.74897185404894,1.90683629693222,1.79655428895318,2.76820027933953,3.27005205750405,1.92117831352453,2.18343993021341,2.12319185213242,2.01371632365946,2.08061399501983
104.470660058585,100.87222049213,106.329836726897,104.433574488131,103.825077405051,99.3281038150996,94.3985878259308,102.173472214364,111.121636148017,111.107930033077,114.273327153861,115.917805187188,117.494722967522,107.991477536456,107.418281824395,103.374660909846,103.294939138172,104.154260219185,107.510308027496,120.81693996939,113.488692558169,98.5700476619207,96.1933065968639,103.740722151032,99.7908841570841,106.519240775932,109.866640853974,99.2518186299161,104.435769931135,123.809673382169,115.178001497351,119.835104239626,114.374138500717,104.215799009946,106.12970858581,107.47651540266,112.892569763793,108.610308389107,109.684256060513,114.652587478711,107.562781224256,114.337945741103,124.210964740577,112.41031431899,120.042577922158,136.025974034384,113.906158580194,127.392240441977,108.837331185868,106.57337278727,105.782348495622,113.54146831647,116.520468260653,117.823828986729,116.798858932858,117.147375526382,141.337465204782,99.4274095061593,106.781595903894,113.415235499102,144.393057594386,107.004736484007,93.5494067720756,94.5750021804756,87.247131406111,160.181680263518,93.3606689066869,101.097617028229,96.0961497227733,102.672649917959,96.5772748029787,84.0737864976741,82.8142189205427,92.284314049575,90.9741643999976,95.8528443610655,92.9368282317377,86.8743539507997,100.154133106661,86.0112544557964,88.9867263282445,84.8913940473828,87.2550633584545,87.6582904006212,88.3187708170231,91.7584486979148,93.0838338307113,88.7115470016596,85.8376134504964,88.2179129875497,96.5109227489907
11.8620434339101,9.20503686202276,11.1448074163598,9.87199862432318,9.81314441279994,10.210910114613,10.1967063121303,9.36413623612825,9.94179779428784,11.5218915029436,12.0296461667728,9.84630480065506,12.6790407856169,11.2381301689473,11.1556440146918,12.3552458937511,11.2396124693165,12.4461717985808,12.1050249823773,11.1123364983586,12.9309672496079,10.6289680292253,11.850880929168,10.5015851867008,8.07952525361189,9.96913385092771,10.1134785091938,9.49142874792376,9.10355832043904,8.04354805634463,10.1954612212194,8.21181296000603,9.67015190731976,9.43232815731626,9.23594185239837,9.28893195648423,9.88216496072983,10.4554630549294,10.6446570942857,8.65221069983201,10.3595596630576,9.17369969993855,9.7248465136658,8.46591366142868,7.45584272253489,9.14948531597841,8.53857610530124,9.41713740644803,8.88870421385447,8.48364918814649,8.38556491304106,11.65754639412,9.97109580853453,7.93630646502945,8.14195369271695,10.2760855724897,13.690248349215,9.52149819791528,11.4063164932688,11.4897320228573,11.7677219418312,12.3674317634034,10.2538061596613,11.7148899759752,12.4865711469092,12.4736489492356,11.1979692189662,11.8262772624781,13.2565790322122,11.2013970398309,11.3869231348718,10.4077377057716,9.22815628639023,11.9897752649667,11.210957633131,11.5441730376434,9.80275248062162,10.1848180683499,12.2032822503341,9.41504021670763,9.47304961925192,14.3260975291078,11.7941356143585,11.9318322587079,10.0182486299907,11.2678902222429,9.60589156762264,11.6045788883565,10.3677480227104,10.2828067591122,11.8368685316672
60.7751080755456,58.8565594653898,66.8557487946957,64.3333132268437,55.5062664109177,57.292654704236,59.7694916694662,63.275561261,60.087194359817,59.3733425903091,67.5471723506042,69.5710272252277,73.7803977661793,72.7754328518158,70.429590336657,70.6051127253167,71.673921012399,73.022454180893,72.8884210165331,73.1637224228287,75.2715553927941,66.7630905672023,67.9822102132003,72.1318295328027,64.5080729306372,67.748745453565,63.1042373536772,74.6518564957759,65.4950563662359,65.3815144914114,61.4206048556811,71.880968222541,66.4268577161133,73.5189235653948,71.0169042434415,70.6703134138032,79.5108725194579,74.7137715811327,77.4146284371645,75.3424494332967,74.1979756789306,76.7464098599531,64.7353562165874,70.4329105646695,73.5054004215569,71.4043749135099,69.7638389198792,64.4591775115303,73.1330754168106,67.2886257053084,67.3950957825893,73.3255334529776,69.3377013358537,71.4219382111532,67.5631007167931,63.7688199137274,49.7657112284365,58.048349534168,57.7819701338068,53.5462384383387,54.1087925563387,55.4987252659589,63.7337383646874,63.6163102902364,65.6926434101896,46.7983662000338,60.1286713600564,61.7116649878401,58.2277291337882,56.55752645253,77.4574359354962,74.3149061894967,81.2492825920297,69.5918340567079,65.4891459552845,71.8214207673646,62.2486007045214,74.9352456404313,71.0209039073497,66.9742942912171,63.7544622605406,66.9523242766993,65.7102850279498,66.099638933183,64.9802060809725,75.4826510415835,69.3838122163463,66.4618897720571,64.7573514900388,68.5439045053968,69.8206604128767
7.42771147432403,8.09109844523095,9.61915796294679,8.44495389167701,8.88142228404649,9.62561142713835,8.83179774615639,8.39614897289817,7.04780231083543,7.032561249086,6.98089424748659,7.43574253922128,4.66766412533572,4.92875500574231,7.86482420547978,7.99179707026864,7.78868887309218,5.50197217359194,5.50746656962973,4.76677019145933,4.85771697437741,7.59312646906243,7.16132510830889,7.46008005438517,7.39107775258744,6.53127359106132,5.41596116885787,6.79705984145798,8.65349190331096,6.60722700418489,8.9197564556496,8.05762386142325,9.6814059634188,6.44109784077707,8.11265162710668,5.01066425729582,5.32159383004246,9.09364829403826,9.09069255497389,8.0107267238951,8.67393639584823,8.44361287260781,11.9048170922497,9.22391840523804,9.26126750142841,10.8802096362387,9.61773548859312,11.0595398280425,14.0585143197203,11.9214010077609,11.1906916646924,9.72646733344344,13.9622083722035,9.59656845685789,10.9336752859452,7.4787067222008,5.77310497227763,7.6090404119112,7.81653820273718,7.7152709380777,6.97108757228342,7.25343052037113,7.61874573554883,6.91838251244806,6.76564593466883,8.04279161937799,6.32128738720895,5.90943133429155,6.3309643009178,5.79385850667666,8.80307563834165,6.56500579971877,8.03221800154349,5.99344887589446,6.59792424638367,7.41612682688966,5.98641372862389,8.75536991840606,6.09138010705865,10.9002273917953,9.71700160502204,9.35027260433857,9.25168721844891,8.85599572701713,8.56823895986045,6.50070589744781,9.00758174998215,7.37962262339351,6.73304578060755,6.76951444974884,8.86998597876873
202.119215980812,200.230532764747,182.430424627229,177.087427377414,147.283922475101,210.787069781358,192.239334445198,223.816000434207,196.022749907326,169.656615894467,230.987031767833,226.243745138647,231.503564101802,221.29457987364,211.176800278116,217.678962418011,227.910335426206,234.566667625008,207.937799921264,215.110529132112,223.727604334372,213.253243283765,225.238598044183,203.528630061916,269.514630143357,253.592247824363,218.020069501473,229.94920966287,234.365405714672,191.159090371076,225.089156196258,297.303109224365,248.798003167205,209.025265471482,227.487072292407,246.097152411214,236.237028063061,246.838227424917,226.917671853002,226.08398664118,241.641118784744,229.247263781856,171.72022775195,142.785925258735,126.156740611155,132.123686555912,193.58784012777,142.811920986695,143.88832541816,149.468951760637,133.9826927217,142.707435969654,133.062554410444,156.517704798394,135.774910993997,147.518917329518,90.0501284515091,165.516239887965,184.920746158992,167.176748814347,136.08089060914,151.590043352343,210.394593774002,167.253680326708,220.556949210203,70.1838727849168,232.206686053568,186.143379733236,161.430520543036,219.840062886326,300.171945972038,246.289355552987,265.109669374568,270.527346037459,223.974104408344,173.78325002904,180.00397780256,162.885616686101,172.275164741203,180.919142331142,184.263389939077,173.888163181404,181.714436740985,200.807313353937,177.911792556282,206.840642191521,175.6505886651,172.613056705205,151.757665240513,142.202648472889,173.932029583675
0.6163260519125,0.827368445548054,0.703166522042739,0.812073311493983,1.24162364234489,1.13115765591789,0.426166141769925,0.784146471753347,0.633332012580064,0.905245239711608,0.327152050811891,0.20282650338428,0.699226885373911,0.539277655075238,0.391057781002821,0.489092278279259,0.469525746702094,0.367380421949338,0.957306420901306,0.528149517248329,0.710041836126364,0.358383071878778,0.312155450699315,0.965794319680681,0.101024865934153,0.578484232351146,0.599624272266407,0.214341146323225,0.142528101936886,0.22299391139124,0.611811483065362,0.541153997606697,0.204240277352874,0.272776613377487,0.224658045058339,0.608544132020954,0.298078817800417,0.500448320600714,0.267281900761626,0.430576561409361,0.239850144063334,0.187918000773828,0.306523403283611,0.21906642567202,0.307649007382359,0.643023268710371,0.442836868143765,0.346685846616068,0.077630604487812,0.122995877787987,0.243491958956451,0.194147984556347,0.0989468894410131,0.394361518249034,0.174827226530732,0.277454310457221,7.71379606340489,2.2293703969744,4.21589624894072,4.83201773531608,6.39156659410453,3.2600510201191,0.419031015455186,1.28097061776873,1.01536493353376,12.8842779767938,1.1798117850459,1.38282176141201,1.013608688142,1.74243953952925,0.748584761644352,1.08142899599033,0.974379198910304,1.47493104024069,0.267102597160936,0.247072032788891,0.301565591579429,0.417041497746117,0.167840939058649,0.209294669660053,0.479101580301104,0.737931586112188,0.509902150512986,0.420325909113574,0.245622850182666,0.144591458446263,0.322483502627332,0.55677718220442,0.570228668858421,0.885606732128535,0.497887278808253
0.178645232438406,0.409385673205371,0.582031265012096,0.135232857867441,0.0807035191644388,1.22627697828778,0.309713765821167,0.451697276355615,0.39673417644537,2.84810801196359,0.601252417708339,0.430238037481807,0.444279057177949,0.31212211547763,0.531860976310208,0.584863710946797,0.217540886502901,0.218353891203173,0.660451052909398,0.459260449781155,0.542534354251281,0.520727540336687,0.646363296210518,0.746974678551937,0.147841267220712,0.233259771109333,0.718443828521963,0.28770623667547,0.6362861693611,0.525574875332889,1.61633170672845,0.464225243044961,0.625225338835329,0.426819736437035,0.457636758452172,0.178633306855466,0.243471613139197,1.04182550013532,0.660434929207505,0.751005630365165,0.632108725203515,0.73008682733075,0.410189469114321,0.305471111494849,0.3716565189854,1.15168346634693,0.476901242616362,0.391981484867414,0.349337720195154,0.340708802736807,0.683268252173716,0.563375848042972,0.382034322166074,0.26290767883269,0.227048346143808,0.399625550041264,31.9067140878558,7.33448740735771,12.9569056987745,15.8068965560616,24.4908774709278,7.85233762755774,1.17211472854597,2.21102946274113,1.68364083366567,40.7626865699469,1.441570669831,0.852678297921616,0.604608691172421,1.41164423942419,1.12463438369104,1.0976910861556,0.480779209988637,2.42533253551285,0.367572381414132,0.158633728917426,0.0374150858038993,0.428834444983154,0.329818439198219,0.442738724280882,0.461077636335271,0.336340741163258,0.317806049488703,0.372869758084622,0.0439396869736433,0.275787522922028,0.548908089578437,0.404340727817298,0.353865308688737,0.257070168977804,0.182509999563143
4.53758890393551,4.54418097257962,5.16552747698236,6.288327890836,5.85100513942181,5.73367343902123,4.2740499683321,3.5232387555738,3.53454084469512,3.49540528740986,14.3239546571693,14.658824562773,14.6612088868723,14.0454951964933,11.756926844752,8.62673973646526,9.17297404753898,12.8828795809872,12.6528517504748,11.9760994212163,13.0886412963122,15.0704676379794,12.0147530354426,9.40309301235968,2.6118623875659,3.149006909976,2.76324549431524,2.15779677506603,3.98739332799623,3.60394200228267,2.57415790330827,3.34905353911007,3.20949007268802,3.29815250883163,2.70421720903556,1.84587750417315,1.25213972471587,1.89761073238933,2.56404148986443,2.03397358223899,1.72074041860957,2.44420372628121,3.13235594596391,1.35280063662005,1.19755989450851,2.30336693269387,2.89547183017077,1.21949795292084,1.2809049740489,1.60133137286299,1.67711298260821,1.47344452565085,1.83376474639715,0.438179464721149,1.39472555488339,1.54141283587345,7.29369958551147,24.1606644007077,17.3288677443733,18.2532019754521,17.1778120177399,15.4384943185881,18.3142926335309,12.4102944037728,17.1817705589471,7.7722634785578,2.38997242629877,2.18730519901632,1.31591303372821,2.11746635913628,28.2564388902375,28.0927607605008,25.0806487877406,17.2239717352523,17.2759019264642,2.4588227982201,1.90816937599887,3.39493935611663,6.04667138530067,3.94439954359332,5.11377014844573,4.47333185747133,3.84898437714096,4.30495084334064,3.11971777512868,3.62463601554666,4.11681067183828,3.76036876870087,1.56711779562155,2.74208180242991,4.81826398846697
38.5130537900013,38.8199964616993,37.0961264450866,34.4191289022764,33.7336674931396,33.2317746853884,35.1162759101013,35.6958289612788,37.4275415384231,37.0930467208108,33.9626270089875,32.7205246891431,32.6329802559622,30.3153806692906,33.639926824791,33.7831901035644,36.5142377995119,34.9333472841396,36.1517002129911,37.0792756062542,35.2094623389939,34.0742660674079,33.2721209929919,37.1070656492418,45.0324499954287,40.6070272535682,42.1621524013608,40.8388213976954,51.1200792280299,52.0529356529693,59.6570073712285,46.8695068956565,49.2935993475625,41.366592819593,39.7786191114963,44.2635471057159,49.6382968536392,44.4587869766673,50.2987242084436,49.579827121645,49.5113205876213,45.2171340780916,39.1719756018655,44.1868326650321,43.2484302592677,36.7028724241808,41.7244303602502,40.0104212303833,37.5169303838473,43.5415628633557,36.4834189012938,46.1088462340216,43.8128421689718,45.5325427175688,46.984411686659,45.3529327805402,32.9742230519261,29.89803775872,31.2128943642114,32.1628945901065,30.7890577975545,37.8236456281995,40.0423694139519,40.4005009314545,35.9060151431988,29.0622610860888,33.0764596585698,31.9735825235869,31.1764693342203,23.566930029107,45.2619651163808,43.2478091377683,49.248618375186,40.120755163738,42.8038038156756,34.2093636410429,35.4537870060589,32.2319116090088,36.7978432613452,38.0054970717696,32.1236980849659,32.9677831080814,38.2052307982008,34.9894201536463,32.0197286914334,27.0803648400652,31.6825175070594,35.3919439058481,37.9373942226499,34.9679697352058,33.7223726192819
20.4906081606851,21.4685940885628,22.8752837931379,20.5956261710666,23.5541291033331,24.6514815256878,27.1414561539721,26.2964603375948,24.0150410351045,21.8223330471201,23.9065034838691,24.1185297554623,19.9026765022094,21.643934696621,26.2022709613372,27.5222240778789,22.734835480274,22.3812738483252,23.0928448678857,20.5409535323658,19.2311474383509,26.106215769303,27.4784245767237,28.6939337843983,26.0693434532521,29.1963480171848,26.3060971058811,26.3970472149744,27.4875625163995,28.381043267976,26.6395410923763,28.3674782446403,30.927813427721,26.5404272475393,27.5414121904852,24.8895740885283,24.7993228811783,34.2615478135571,33.5267849356516,36.204729763854,32.4833650451806,31.9016200638002,27.2839389878978,27.4679623456169,34.9167170069906,29.102401370439,23.038417743307,26.4678964631974,22.9642972665621,27.767426714247,26.2822238963402,23.7302574516439,26.1903629560952,27.8090597285277,27.9379746382154,30.3715418031361,19.2636141985678,21.8453981351659,21.8219198902653,22.9689261146772,22.0396852445679,21.0888501487231,21.4555601060341,19.3279636809103,26.0303823968049,17.1790373023917,23.1079984766884,21.6198436086499,21.413817232642,16.2701409555233,37.4183431866256,46.3888318531899,45.8595255941078,33.5365939397872,40.5046385699303,18.6434289910205,17.4447837560681,22.0846165545949,22.3367705622331,25.6486592770902,22.2989719776364,20.5840533591914,23.4752735222322,20.2393704688333,21.7382813364706,24.7156838220966,27.5245387285027,21.3229082814452,20.7430788734642,19.7357053227076,24.7410555407796
3.00123990496522,2.8656997124376,2.83740241693397,2.43419144161394,2.5018090940976,2.45255395657555,2.19896773733028,1.67127992251578,3.53454084469512,3.43067555986523,3.96119239901965,4.30238037481807,3.62258308160482,3.57206421046621,4.42284390826383,3.43607430181243,3.87947914263506,3.166131422446,3.33701584627906,2.82621815249942,4.20464124544743,4.53339270410763,3.57400881434051,2.85607965328682,3.15394703404185,2.56585748220266,2.81851040420155,3.0928420442613,3.73287886025178,4.054434752568,3.29252755074314,3.31589459317829,2.75099149087545,2.9489363608377,2.7874238923905,2.20314411788408,3.0955676527698,1.6371543573555,2.25324858200208,1.90880597717813,2.28261484101269,2.28548919860061,2.05094734557161,2.70560127324009,1.28015023206082,1.5995603699263,3.64488806856791,2.22122841424868,2.71707115707342,2.31681985861029,2.60884241739055,2.34017659956312,2.36861279742966,2.40998705596632,1.94612868123264,3.02573630745529,2.29377831487817,2.58864261436154,2.25222287197512,2.97320197125921,2.07817327626562,2.92799030180119,4.76171608471802,4.27941186336994,3.23777083397245,1.53443828332042,2.04854779397037,2.26145113796602,1.88495650777284,2.72917886288676,3.93622034291866,4.51273002086192,4.40714275822917,3.08304983327904,2.81805492417501,2.69677339159624,3.14286720752754,2.71595148489331,2.96836595278397,2.33444054620829,2.72454966925387,3.19523704105095,3.46055476109921,4.13546458966581,3.69093370578604,1.81231800777333,2.37860172150656,2.83038509472109,2.12319185213242,3.29906716854848,2.73764999344714
43.7955933132049,40.1983980233818,49.9852088087795,50.4956110455578,44.7541365526395,47.4446562899541,45.0113210143218,45.024281112575,46.4528833851221,43.3210174565171,44.5177900408038,41.3486412179569,42.8978769954983,38.7888024998072,45.6910567674914,45.5733114366131,43.7347823906873,41.8153160501356,41.9243900212366,38.8527274969476,36.5227345602534,43.2115028487275,44.6188385511157,41.9312038820781,18.3328099395923,15.5117747787706,15.584704587938,14.4665888456343,23.1111862435339,16.2875653865662,22.7004808589418,18.6429541712263,20.7128818418293,15.1447283026126,16.6197029333158,14.7753562543718,15.7435701387609,25.6769056924421,24.3416890349145,24.2017822765428,24.2259180649387,22.4669936803547,39.9088250482018,29.9959539868878,44.9617668117904,37.1897786007864,27.2235667910103,26.1351477360432,46.1801176916647,45.5289173097195,37.1828371303371,44.2601067203668,43.2963317654033,29.5319813838113,27.1326017189653,31.5430155583999,33.1298907038572,38.2511168129711,36.734814911501,36.6204394189158,37.0251559858017,36.804838093641,33.8558013623451,35.8793022978041,39.2361703716339,34.8587684881017,45.241039947728,50.90563584531,47.2067796502288,31.8890433685923,49.6554196259189,44.5064949165601,48.5671138450271,46.0550094828335,39.3130914335128,43.1578922892749,38.2266190149859,46.5714207251705,44.3114737712131,47.4136949627384,45.2706981428348,39.8139988944595,41.2819464750842,41.7007368266621,41.7923544712414,44.6827004816514,40.5327456046957,39.9702939669234,38.7320746015909,35.0043880091443,43.3643758962027
47.2695285032022,46.6720136737783,54.5410585356617,50.136229725775,42.8188661630763,53.0281936556877,38.9412409179927,61.5098766077259,57.87666366215,41.2652013096997,46.4888369372088,52.6150388551858,59.7384455343889,43.3835868419884,46.2752640609437,46.7613158494738,44.6883366098584,44.598782278248,34.5520182416811,38.696225666753,38.6125090760351,45.504541888116,48.7042347968698,39.1502610935162,56.9351504193682,50.2247163826912,38.9374449094949,50.8682608082024,51.2269753044826,31.6351025675371,49.3849200542828,71.9118060422576,50.7174458525368,51.6564406292055,45.3193521561018,49.8404789457435,48.4856326737202,54.5477507038706,56.816439977452,46.3070071683161,53.4015986197349,48.19938005321,52.7406703406499,38.489360048351,42.5753190082164,43.8055602908015,84.4081135056488,52.0899839890475,49.6544753955168,54.9038607258255,45.5137405832043,52.1798710457401,55.7059526523239,50.4440963376281,62.5683614564096,41.0078612643058,30.3474602895398,40.8695680392556,47.2407721907732,44.9073931157711,37.4568372954665,39.4347057465315,50.9811301181072,39.8035229765143,39.3389156327653,27.7533185157086,39.8723272847152,44.295154658249,30.5715049908766,33.5500780903148,45.0978387860109,32.8571466266702,38.7031270534269,41.4953843160693,34.5518038529284,46.4209880931064,46.8062723406781,53.6257473451434,50.6088071703044,48.5000147962239,40.9562689511994,39.3323589531137,36.8718578616793,38.2022015783063,44.2160676047076,51.6845517064661,41.9457265119522,37.744802601017,39.2279915556247,34.147487445885,36.2829879131527
30.7230497842922,30.0468614849082,48.0477722353705,44.2194541119298,39.4967057966722,35.858658828607,39.4541269141926,41.8700790317837,30.6881098829156,30.4854361330552,34.2006522308214,32.2985840995271,32.3298452377185,31.212211547763,35.0437598754203,32.5330439214156,33.5324773818454,32.9637951854869,31.7270257643155,34.9723299735659,29.2568432209431,33.292868446585,34.4473615509841,44.5508880194467,37.0095972275848,35.9437756628075,44.1494785608723,45.2382093892592,40.8071529950252,38.517130149396,39.6857325311664,41.1807581315998,40.2144937938884,31.5027887105331,43.8873651355633,38.4657054095437,35.6831996216808,40.2196734327239,52.3686049748069,35.046929417041,38.2408220172426,39.5132513823063,30.5777604248857,24.917714951937,32.0037558015206,29.4811772660376,29.1195898741551,29.0501833785072,28.681403134067,31.1731519064041,38.3841469482498,30.6389788127986,32.0908830619502,29.749318398313,30.3553908150865,26.6002183980324,44.8405310489621,47.4945320391315,53.4683009154827,41.3602502576549,42.6670018410003,42.1876820825659,34.6506416626404,30.8830889473197,40.4056531968647,48.5999968887759,36.0772028160338,37.3966164983683,36.5596205986825,31.0533499788532,35.1799693148355,33.865802769171,41.3470120590228,38.7231059059848,34.1180684428597,31.6057875651857,33.9336120698465,49.2748645387518,39.0651617983668,45.6020886009309,48.786624700635,38.0367744181528,41.2074386123708,38.9804824551811,36.0744830053612,37.4657349889575,30.7324490886807,39.5797008238519,36.5456925157641,34.9097004969042,37.8872508093128
72.387048184042,71.724369945581,71.8081073208674,70.388702520003,59.9223629795958,75.7971743065985,65.1947477053556,81.2151702887396,83.6027110000334,74.536281267638,66.3853404728561,59.0348050001822,71.5972788298311,61.2452951037216,65.8947756965383,62.3610931797022,64.1383047039385,68.7268872561986,61.2829055936457,60.9756566401749,66.1891912186563,64.202642620335,74.027608101287,55.188246838896,53.9127821131528,47.0407205070488,44.1566629991576,50.4205179773761,55.2720585785009,30.9338355195929,48.9688643001434,67.0142297281332,54.2695594109066,48.7738553364866,50.0488200379966,68.8333675749729,65.1808290032651,64.1094763118982,65.9269455803021,65.1497384341781,69.7075455293876,65.2634137822618,73.2374652127751,53.6319994324528,53.353358058793,56.9443491693761,69.6275814219889,58.4923482418819,75.3016863531777,71.8554864971925,66.2149051651983,77.5291840114521,65.5570896836983,65.4201940828676,62.6329080576705,56.1759344629434,38.8138218225452,45.4581331825004,51.9601064934495,48.5873891758942,38.5645825696886,45.8496663168414,55.5289352648655,52.0661776710009,57.5891505669233,33.0571377993596,82.2833363911434,61.466983389306,47.5862605169823,71.1468696669789,41.6114721965687,37.6467387325958,38.8229212065824,49.9865146302309,35.2869486157566,58.297895377154,62.1838726060807,68.3276215673158,62.2623920219748,66.6925514666747,65.9341019959437,51.5946696944438,52.2261274659769,60.5404898126487,71.1383532103286,68.0013235090601,67.1497562917621,65.3010275424937,56.1634797075981,51.5854139082127,51.9423458756704
57.9539425648783,58.9867441094691,58.4239346123736,65.6322248266604,56.6752568860146,66.760838681459,66.7919415956953,57.9224968389096,59.7319369381818,55.8611075737376,61.4189955025852,64.5633637818234,56.7375113797123,62.7486832932722,56.0805410494668,47.565868991845,51.5796693261261,66.8692415267876,61.3857969155726,63.8163591607059,57.8151734607878,57.4874015222167,52.572529017838,61.9545192359674,62.5383344470332,69.2944802034496,86.5857449152692,57.4531373001122,64.9427599712304,97.1202303915141,70.8953018639742,58.6293270703633,60.7498116394885,64.5351441492797,64.9236788213593,70.3422235735454,55.4739636039955,47.6828648190504,59.0681345949148,50.2313245059867,47.9998783913569,52.0202735925927,61.4773331332676,60.1267516501355,68.1663480504877,75.8921014873751,54.6474321039195,58.0315522296711,47.7362231586229,51.0218246274423,74.4197145678916,52.1447683967467,56.6621845607056,57.2380689381296,54.2165502208997,76.2028834564399,98.6999922497047,84.8835524178047,73.9667086592167,75.3861005132972,86.8794806437805,83.2281243286988,70.1723110829315,68.418523636248,67.9327491245207,102.928118603895,62.4082498219023,60.8752987964874,68.4064942757615,78.7918643196205,54.390833277748,71.9560900110245,63.2232674121891,56.4473538608505,75.8491735254418,70.4666887224098,68.3446406345507,68.120351585574,75.7494009306549,65.9109163734443,65.5539225267109,85.6505151001883,76.5054502934155,70.0920571247473,70.3105295077451,80.8065321805055,58.2835183748464,58.4579650649137,58.2988040845998,82.2393177576893,72.145472787312
59.7711218692418,53.5578806970926,67.2839055440202,73.3256221107391,65.2943927327767,60.9151431833402,55.8670982201195,62.3721667082887,65.7673457642153,66.5997693733913,61.8642759695821,58.0031556488776,60.1577766137407,59.3680539802989,61.6144145445597,56.0796569241336,58.6704145216881,59.0914759221306,56.9812836043016,55.6948680222298,60.4298499643075,61.7834037299943,60.8733545959956,55.3020506281578,69.1157924256827,67.6367807634326,64.3686984918758,64.6738445750748,66.4757854486111,54.5253900307853,65.597325714142,70.5128301133957,64.625791923375,66.5113195289832,68.2635950912266,71.3759149758823,72.3489811106733,74.6337742659437,77.7697093343972,70.6934116623236,77.8210121888887,72.8023538470902,56.5561782024478,53.7153494071607,43.1695564869053,54.1009706557952,58.5263424251141,53.3713279095807,69.5783700373137,59.3712345473105,58.542423846244,62.287267125668,55.5283066925167,72.3644622397683,60.5281698889174,65.6493435734931,54.2942481689673,59.7054730259373,54.9362202932171,55.3094601136994,52.0419308561338,53.4271721274346,55.1677774141323,52.2259423805667,60.5588339758429,53.3187281835261,72.4764828685641,68.2613465049623,66.2444847265632,81.2810636618051,49.9439586349846,46.4729881697952,46.597922330782,51.407595066717,41.9302067891814,50.0398200340351,46.8844698700082,49.8595088320788,50.047749358735,48.4895500627409,45.8881230140364,48.0802452900289,41.109271854862,44.5060732974879,52.9358984846271,48.1107393915722,51.5269172155438,52.1842143321005,43.9677646045755,37.1667765805293,45.9472574100203
9.96840397006304,8.51522200267171,8.94873069956098,9.46630005072086,8.87738710808827,10.4067830049287,8.82684232590325,10.5697162667214,8.36748444866599,8.51195917211845,8.91268289779421,8.4818355960699,8.44130208638104,10.7508728664517,8.11787805947159,7.38390435070331,8.23029687269307,6.98732451850152,8.4120607791618,7.87808310009213,9.46044280225671,9.00552334464623,7.83240229525686,7.33792772459844,11.7287405328431,7.85307896068088,7.35023301487854,8.59522382067967,8.3141392796517,8.70952650551644,10.6558164369505,9.98084272546665,9.21165332550718,7.29473731365114,8.98632180233355,10.3011873619985,10.1910260928264,9.26480534048906,10.0619203920438,8.98077566311677,9.20069366685116,8.57058449475228,6.30200184366548,6.32761588096474,5.36837194090022,5.69443491693761,4.76901242616362,4.74733131672757,3.53219250419545,4.83806499886265,8.01287313912812,6.97719319499374,7.52607614667165,4.33797670073938,4.83288622506106,7.42161735790919,6.8813349446345,7.21682183397764,7.63106102504511,6.51093596237777,8.65467098596696,7.05379481797559,6.81291685967348,6.91838251244806,6.8209038902353,7.37197523073508,4.74200878233883,4.44875633698234,4.054434752568,3.48205579057966,12.8630057634663,10.6110138328375,10.0562984755957,11.5922673731292,7.5352338189897,7.69373585249516,8.11907361944616,9.2556767708864,10.7740690138085,10.3842355331334,8.59281049533913,9.31663853022224,8.47482798636541,8.50820993447638,9.84248988209611,7.84024529449766,7.68471325409812,8.4102871385998,8.44221522157415,7.58356998484522,8.0669419806909
101.43940775457,119.950411634847,88.1235349877784,74.6711890465202,52.3810226312748,122.974369644802,107.104595068744,126.766130425545,97.1075423662339,107.378850429231,96.9314390376891,125.589863582662,102.181790879082,76.2420691477206,81.8833564249121,86.1924617016875,95.81044493804,102.761708278037,104.041549576452,100.814027717807,103.802758914926,107.891070633947,103.928374183986,91.6234746743108,192.747066530555,226.866898315797,173.142752077398,199.27145327896,168.023240361626,123.044586527934,145.405798978664,232.802327597861,169.384381529697,172.670312393545,186.482818735092,229.965373913453,239.158339604142,187.61528478919,155.598080830153,212.405670760129,204.763895756371,187.5640673771,152.882089933116,105.603981567582,51.8295663309528,44.6334927382754,185.696146493704,104.178661373145,35.1794728827193,136.214357207767,102.185251724405,156.917074955409,97.6594337753135,95.9503482873136,72.9279287813911,143.87604499407,28.9559873544805,50.691897886446,54.9076038143732,55.9981891779278,52.0963842571701,42.3533797155542,76.6291980938091,78.8695606419079,111.71302293594,16.9895675317556,64.4761450117046,41.6985638762303,36.9952945084979,42.7798786757499,137.363546520514,166.895392052623,172.101328604899,155.074529100758,119.672378078906,99.6326895368454,82.4216925174098,51.1971149383888,71.2253913396526,50.329733196752,75.3493073299099,50.9717666418094,66.1954689301692,59.7822083137075,50.9001727871382,93.304040772805,66.5111932142192,46.8800726645932,55.971381397167,63.3318068293718,68.477386816092
27.7979127483457,27.7563486433241,30.3747566428188,30.3259683767736,29.6988950525135,30.4912113520204,24.5603016296185,27.1470063089725,28.3123935008741,26.9599315223371,24.4037746011032,24.8308810203786,26.6225681185864,23.0623563102915,25.8652390584543,24.3083979862263,25.1984860199193,26.4754093083847,22.212011726795,22.8923670352453,23.6002444099307,25.0255529679455,27.7936217370523,25.7495353602945,29.1247296424802,31.6455756138329,33.3247406614418,29.1302564633914,34.1897768336698,34.6128596469231,36.3973954700333,30.0751639601271,31.3446303202778,31.6234622905621,33.7819134421058,33.88078386692,29.1470302586639,32.4082146649236,33.1382938008236,29.3518033867719,29.1479380051901,29.457416337519,30.1712999509452,25.7494691498073,26.7047597441643,33.8466974276404,32.8039926171112,28.2226669104538,30.7844162096419,31.4474224926073,36.648024434772,33.0224920160573,31.2886109854014,31.4612855669785,29.5535857984187,31.0566141746354,40.824872630522,30.2792742164714,33.9961118991792,33.6461083836169,38.7224185147215,40.5925928204256,32.8243404012247,38.2358317638998,29.4852997280425,47.2006558890957,25.4930392138536,31.1783673283513,26.2471302403086,33.1265848184875,37.67525185365,36.6303580972666,33.4141550942103,38.0653886082186,32.1625833737365,28.7523633662835,27.9116540097089,25.837275310235,29.0973156359317,27.0875601310031,26.7844190562034,27.2436000342239,27.6491263055172,28.9821493783956,29.9229268290511,28.6425041663306,26.1646189365722,25.9182406530888,29.2697162472541,25.7927069541063,23.7993039430338
11.2903786901072,8.67897627195386,9.74902368895262,12.1371489936028,11.7827137980081,9.64450272112819,9.94181188285945,9.89217035218797,10.20688835764,9.61236454037711,11.2823247793506,10.4486380531296,10.2867689392741,10.7855531015048,11.2810512343691,11.2586264357258,8.70163546011603,7.86074008331421,8.20349728876936,8.2666880960608,8.81618325658332,12.1911506502354,9.23919299877388,8.9197564556496,6.16005280086298,7.50318930401688,6.46599445669767,7.40843559439336,8.82316821514058,9.460347755992,7.30342474892115,9.1187101312403,8.25297447262635,6.55750322344172,6.90615471846004,5.53763251251944,6.81720516789753,9.67409392982793,6.83744397297182,8.29235383528203,7.65553900524257,9.61810037744423,8.05462957533576,10.0369079491165,10.7367438818004,8.89355565679021,9.19738110760127,11.4110165594736,10.5189469080985,7.49559366020975,8.94460257391046,9.36070639825247,9.24523059641899,4.6885202725163,10.8658851368822,7.87833227224207,3.76282734800239,8.70725243012519,6.94214579361742,7.94108374602144,5.20858618608346,6.58797817905268,8.35131744089007,6.49044132611107,10.3608666687118,3.16894862859653,10.8497160939912,10.1209206666348,11.4519999151482,5.88185099760077,9.17279919198008,10.5703586074243,11.1380516980701,6.90603162654506,8.20911651824894,19.1550227667792,15.1905248363831,14.0443280731983,15.464820149072,14.2078881519229,21.628732759,20.6176874333077,14.1600250938855,17.762159385122,14.0167601445922,13.8287743636617,16.9246660953351,16.2544972582554,13.6490904779941,15.8955054484609,15.2213339635661
0.643122836778261,0.614078509808056,1.4914551165935,1.08186286293953,1.2509045470488,0.497139315522072,0.588456155060217,0.180678910542246,0.865601839517171,1.71533777993262,0.884194731924028,0.52243190265648,1.29866185944324,0.762965171167539,1.00773658669302,0.511755747078447,0.471338587422951,0.600473200808724,1.7032685048716,1.83704179912462,1.28851909134679,1.31713436673397,1.02657699986376,1.84546685289302,0.443523801662135,0.54427279925511,0.165794729658915,0.395596075428771,0.339352623659253,1.27639612580844,1.25714688301102,0.265271567454263,0.666907028091018,1.20285562086801,1.12329022529169,0.833622098658841,0.382598249218739,0.59532885722018,0.6992840426903,0.344210913917367,0.280937211201562,0.666601016258511,0.261029662163659,1.35280063662005,0.949788881851578,1.8554900291145,0.442836868143765,0.696855973097625,1.00919785834156,1.26062257012618,1.05596002608665,1.34343471456401,1.14610296649822,0.744905090025954,1.16767720873958,1.54141283587345,13.8915338395431,3.68685463257553,5.2993479340591,5.38187192265908,7.70765531576997,5.52325443294315,1.61165775175072,3.99411773914527,2.02900305595607,11.5750018328736,1.28982638879616,1.74242956531808,1.38704346798379,6.82294715721689,1.58151710206553,2.27669262313755,1.56253243246307,3.32969381994137,2.38922047919186,1.46736199248619,2.69388617788075,1.32223953869806,1.53915271625835,1.08672232323489,0.880239123912789,1.71533777993262,1.62434203072004,1.05081477278394,2.19698434868217,1.89111444289391,1.73820895033172,1.69823105683265,2.07263966517689,1.71380112651869,1.277569996942
74.7808942987167,66.1976633573085,78.0285664656842,74.5471128994268,62.4645238332756,75.6990721483355,65.3805759648483,82.028677083456,79.2747018024476,64.0177005416361,91.2135285452828,90.2270627176132,96.1693282229807,73.6608192527206,88.8487757267684,83.7817265931287,75.2328899155865,73.1485535530628,67.574570887151,71.0087310815479,74.3611149295662,91.7399401946104,91.5554598397016,79.9702302920309,83.3331942900744,77.0534777231163,63.7204410989095,74.7676582560378,81.0204388986467,55.7109367852862,75.0696281569436,99.8429125584356,86.6562319625766,71.3564995734279,69.6023906264076,73.6564668600705,79.7543441325971,85.5041071182484,79.5233583170105,81.9534894135987,86.5988953528815,81.3253239835383,92.5536602128859,68.5564451654869,66.6504024047151,64.3669491099821,100.830548438888,81.7499163440151,86.1699709814713,82.1108214595704,67.4572110782414,80.4760730627538,79.8451733327094,74.0961474843463,80.5372919250107,70.9620798144702,26.9583383973322,63.225634762891,62.3998219235459,56.8295566658406,42.2737272779602,53.1030968372125,74.8688282858741,59.3411778387298,72.9145991810596,23.1833610197325,73.1407434587941,64.4698939167691,55.6951300221183,51.2426858910979,83.0120754461952,75.4967535922575,76.2435697173647,72.8832980587166,65.6116700824225,74.7958031845663,75.8403789245039,90.2696506689539,87.5118258672607,82.148157841571,80.8143348049456,71.6742119418903,73.51913278172,81.7601687727372,80.5414462226883,84.9425570599847,85.9041160190254,78.563403414901,64.9090080509054,61.5254604420211,77.0557218155588
8.75361638948188,8.14677489678688,9.93090845926889,10.649587557061,9.52301526140378,7.22509138558744,6.6898173417372,8.17572070203663,8.65601839517171,9.06216185624778,11.3884281471815,10.5101006299127,9.19315895237449,9.95322746023108,9.93740245211177,7.12802647716409,7.28761969784717,9.82592510414276,8.65538485128631,10.9515953409352,9.76561837652306,9.25057159892232,8.93502203585128,8.78793739472867,7.29350251622177,7.8919555891991,7.23970319510593,8.3075175840042,5.0902893548888,5.03050237818622,5.32790821847526,9.15186907717208,7.75279420155808,8.3811875518545,7.98784160207427,8.33622098658841,8.10412655163329,8.44622816181131,8.74105053362874,7.66651580997773,7.76089045944315,8.63407030582452,9.9564171139567,7.72405524779833,10.9845148944574,10.4931160267165,11.1049860780667,10.27862560319,8.3841052846837,8.38143654732544,7.14325899999794,10.7041411128165,7.94631390105434,7.40523295378742,8.30348237325926,9.81937065815678,5.67001381205839,10.2761267418595,8.29347951680249,9.33359606167449,7.28675946234908,7.12034005210744,6.44663100700286,4.63602951865076,6.17334972344081,7.00504433689759,6.37325980346339,7.37752092549572,5.79713039182968,12.375414498952,8.82135094707663,7.76514805391556,8.69409071396118,8.42700287762939,7.29018556471361,6.78159191121996,5.23811201254591,7.00429593472485,7.73241007453601,6.19834213993235,5.91017697484301,6.69318074914883,5.64988532424361,5.32186836538961,6.15155617631007,8.35242212278142,8.05065198048374,7.11639680958445,5.35853181728659,4.97002326690421,6.67986598401102
51.4498269422609,49.2900350539266,56.5097792895651,58.115982586388,48.5835185369922,53.989329665697,52.8991112022553,53.7519758863182,51.0344417881999,52.3016198560586,46.4732751099269,46.680827066776,43.983626660617,44.5641020431949,45.4881098160046,44.0109942487465,43.5806909294144,44.4896053326464,44.5630657805183,42.2872891067725,45.4711605656855,51.67455062047,48.7544230057521,42.3582976394619,44.3523801662135,49.0234285614782,49.6278890779017,41.0341020058389,46.7882429870195,38.9676228996813,48.3103587899948,47.2846568987224,48.8926214969228,42.7595772321466,49.6743899628993,52.1609256017961,46.2596064964475,50.7145770244441,53.029816886284,43.7460779687709,47.829560207066,47.9317873595406,38.2222005311072,37.8784178253613,38.364037696424,39.8610444185633,42.546403716274,39.023934493467,46.2701691928706,44.4624987571533,47.3318552869429,46.0239064907782,42.6732337859504,41.3641414696765,39.3458566128209,45.1576871546629,51.8033080101698,40.9476195362644,47.3761705304884,44.6733005048694,47.2718655373332,46.7147543605553,44.540359684747,42.9367656958117,42.6090641750775,51.1368236593524,45.8005969840439,42.832626012466,42.4054753379772,53.0213576327724,44.318326578815,43.9076434462241,41.4672068615199,43.9848442881144,41.4131549726589,48.4626041842736,49.0137624031081,44.4915736670022,42.2402139730483,42.9859052301802,41.2035742288701,40.8990341254522,42.3741399318271,42.3037689172371,43.2797128752992,46.1353127630993,40.6649409696025,46.4037592872244,42.4132848556929,41.1312270364486,42.743841897688
18.7577494060326,19.4048809099346,9.16699242394052,13.7261350735452,16.9073872649499,10.5062108680331,11.428437958801,10.3438676285436,13.6692957157087,22.4935803217579,22.3878106123164,23.4172417543669,30.8603068178222,46.7836370865914,12.9046268462635,17.4362493826014,19.4699093420096,41.2688854373996,45.7101649776767,44.1243309058972,52.2867483909672,12.7731402541411,13.9538429240741,20.5198338166914,23.4574810656862,25.4253150509173,28.9588127804237,42.4726331892163,11.4107319705424,9.91084050627733,9.87758265222942,12.8656710215318,17.8814446906904,24.9883554786773,24.5043682480299,42.15746041789,47.1291479719447,11.3484563407597,13.9079826268404,15.9275777439945,18.8930274533051,18.7600571718467,19.1670351931601,21.9502812974156,21.1844215821678,20.986232053433,21.9033927858801,23.9979775735495,22.5128753014655,18.568629749156,13.3547885652135,15.9912067636813,19.751174455986,35.7116263747737,24.5212213835313,24.5484266453919,11.1853908837879,13.3354316497413,17.302371004703,9.70995074158072,10.4960903446833,15.5050395527199,23.5155517414536,23.3941181864223,29.3126186168973,6.40461196516351,19.5750122534947,24.0232842197047,24.2199128640246,23.1039107185758,18.4861776819215,16.3434006160945,17.5083762304195,18.6216209930054,14.2740608115821,31.5284536223384,28.9218613264142,21.8348204903923,28.3643857710468,11.5112068313029,19.2814284285659,17.3215481699078,19.3155454522578,26.1008830659236,24.7380437661612,45.9777198928581,23.5115631702764,22.1983059571697,23.5573191212788,27.549353108788,24.0913199423348
55.2728349164427,62.1856837598958,49.6909192504077,50.2390066977543,54.1924131189207,55.4476049912284,58.7836727528574,53.1647694270559,55.2181840125329,66.2185112781534,55.2798546398903,56.9758086779478,61.2763345784664,72.9325343166062,45.9919781093511,47.264298640888,48.4753608757297,70.0370106034176,76.8904067913467,83.2674523180141,88.7721837143659,47.6618854566991,43.7245759201233,56.0231008913953,53.0257345098286,66.1680217380141,67.9758391601549,72.6098614809718,46.4913094413177,45.950260529104,51.2437015170205,42.1450202792961,46.8085370341383,63.1693209926812,63.0290626413673,73.358744681978,84.032488192043,44.3892079164797,41.4131549726589,48.3772793560227,47.3379200874632,44.9162113336092,64.996385878751,65.2835403994707,74.33130379708,67.1175531221074,59.9192346972986,83.1436282902104,63.9676180979571,65.8590115690247,64.5377921825901,48.970362176043,58.7186753169255,91.9300516984971,68.7956488815738,58.4595090346078,101.493247235845,65.6966118038725,69.8189090312287,68.0825615950369,85.678612161989,70.7375838821515,54.5033348773878,67.4720603791327,68.4680605690708,110.679700522982,56.5626807557376,71.9957067201643,70.3479994787676,78.6285841359271,49.8002163028191,60.1697336114923,57.5332454619736,60.9621720367043,57.3412915006046,66.4675324164015,69.7791350242723,46.6000096881694,56.3989531028954,45.481341676127,43.1736332204844,50.9556222862336,51.6611389335525,61.5574073346977,53.2988402990294,67.8043324212586,50.7282559452072,51.5534427967055,57.5283887553975,70.0087760182886,56.2860838652732
11.3339681268222,11.9131230902763,9.5052980967288,11.9478229925884,11.9336293788456,10.7206436261283,10.2224125546934,9.58320941516073,12.8361539451734,12.309328638524,11.4570416583788,11.3484501772344,10.5205280739738,12.8035959792429,10.9675331851758,11.7952388905195,11.673969106034,12.3457290086274,11.4817677519212,10.9872763451105,13.5938764137087,13.7717118903161,12.7086430446097,11.9638979691836,14.425858051173,11.9351249550942,15.846660260799,11.6592952412734,13.9126091884702,14.4060073328745,14.6553394490442,8.66973800332396,11.2611419862094,10.1272682918242,13.0081168422946,14.0971451326772,14.9651566098959,9.4047076219358,10.912715977317,11.1289646849738,12.4788797500594,10.8424242439724,3.4183698757918,3.14067941346919,3.63397485230169,4.14286135810911,2.79055355679517,3.28306270325619,3.32724770834762,3.67795152554383,4.7220047754769,3.20690867347538,4.43847475492545,4.05622730492368,2.72036354158303,3.67998042223713,11.0152904694262,10.5726439867772,8.41297981271553,11.2040788208084,8.69728669112582,18.3278883845928,15.9363648779932,17.2681401040083,13.7009510610378,9.78404549740682,14.6205614777071,15.05941093038,17.1822676987777,22.1774015494338,10.4056796351014,9.34297735220071,8.05986280611784,12.0896660795649,12.8037712859256,16.0370768249072,17.5226071345402,11.5149195718727,15.2566680674447,10.2449740798596,13.2434072000117,11.9300060890608,13.7256901595843,14.169389779723,13.9794114106646,15.9539142188637,12.9912822100977,14.8332395999776,18.2998916779032,15.3500882399463,12.917327729081
0.142916185950725,0.204692836602685,0.400146494695816,0.270465715734882,0.201758797911097,0.265140968278438,0.0619427531642333,0.225848638177807,0.360667433132155,0.356013501495448,0.282942314215689,0.215119018740903,0.205051872543669,0.65892446600833,0.335912195564342,0.292431855473399,0.253797700920051,0.218353891203173,0.521408725981103,0.353277269062427,0.20345038284423,0.30631031784511,0.304170962922597,0.878793739472867,0.443523801662135,0.233259771109333,0.221059639545219,0.467522634597639,0.424190779574066,0.225246375142667,0.359184823717434,0.397907351181395,0.250090135534132,0.388017942215486,0.208016708387351,0.535899920566398,0.313034931178968,0.260456375033829,0.466189361793533,0.375502815182583,0.632108725203515,0.412657771969554,0.111869855212997,0.960052064698098,0.0412951687761556,0.255929659188207,0.204386246835584,0.0871069966372031,0.271707115707342,0.102212640821042,0.31057647826078,0.173346414782453,0.343830889949466,0.0438179464721149,0.097306434061632,0.171268092874827,4.38137430931785,0.862880871453848,1.56330764054744,2.03231527149364,2.31492719381487,1.26435944850506,0.0732571705341234,0.356617655280828,0.474873055649293,4.0028824782272,0.303488562069685,0.889751267396469,0.497913039789053,0.141164423942419,0.105434473471035,0.203276127065852,0.0400649341657197,0.0411073311103873,0.30631031784511,0.515559618981634,0.448981029646792,0.321625833737365,0.696283371640684,0.523236674150134,0.377245338819767,0.369974815279584,0.247182482935658,0.23728075514476,0.615155617631007,0.0393982175602898,0.686135111973046,0.363906655035568,0.252760934777669,0.428450281629673,0.438023998951542
2.39384611467464,3.07039254904028,2.51000983036467,2.09610929694533,1.81582918119987,1.98855726208829,2.13702498416605,1.94229828832914,1.6230034490947,2.07135128142806,3.11236545637258,4.02579877929405,3.52005714533298,3.67610491562542,2.63131219858734,3.65539819341748,3.80696551380076,2.89318905844204,3.64986108186772,3.25015087537433,2.84830535981923,2.90994801952854,3.49796607360986,3.16365746210232,3.59747083570398,5.24834484995999,3.75801387226873,3.84807091553441,5.00545119897398,4.35476325275822,3.59184823717434,4.14486824147286,4.12648723631317,5.78146733901074,4.61797092619919,5.53763251251944,4.5216156725851,3.86963757193117,4.62304450445254,4.44344997966056,5.05686980162812,5.11060779131525,1.86449758688328,1.745549208542,2.02346327003162,2.55929659188207,2.07792684282843,1.61147943778826,2.63944055258561,2.18053633751556,2.23615064347762,1.90681056260698,2.40681622964627,1.1830845547471,2.07587059331482,2.28357457166437,2.62882458559071,3.88296392154232,3.5240663761493,3.23665024719357,3.86698065330439,2.99453553593303,3.15005833296731,3.56617655280828,3.32411138954505,2.73530302678858,3.26250204224912,2.55803489376485,2.56069563320084,4.51726156615739,6.78295112663661,3.61831506177217,4.04655835073769,6.00167034211654,4.77844095838371,2.02258004369718,2.50681074886125,2.21564463241296,2.93171945953972,4.10539544333182,2.97604656180038,3.16160296693462,4.06085507680009,3.55921132717139,3.6469940188124,3.03366275214231,2.9732521518832,3.43689618644704,3.99362276948717,2.74208180242991,2.99316399283554
1.64353613843333,1.1053413176545,1.01855471377117,1.38613679314127,1.85618094078209,0.695995041730901,1.51759745252372,1.49060101197353,1.37053624590219,1.1974999595756,0.91956252120099,1.07559509370452,1.26448654735263,0.86700587632675,0.923758537801939,0.621417692880972,0.725136288343002,0.709650146410311,0.834253961569765,0.494588176687398,0.915526722799037,0.673882699259242,0.950534259133115,0.439396869736433,2.5133015427521,2.37147433961155,3.4264244129509,1.90605381797499,2.41788744357218,5.55607725351911,6.4653268269138,1.62478835065736,2.04240277352874,1.97889150529898,1.2481002503241,0.833622098658841,1.32170304275564,1.30228187516914,1.51511542582898,1.25167605060861,0.877928785004882,1.36494493805314,0.372899517376655,0.741858413630348,1.4866260759416,3.07115591025849,1.2263174810135,1.13239095628364,0.426968324682966,0.545134084378891,2.91941889565133,0.433366036956133,0.993289237631792,1.05163071533076,0.583838604369792,1.82685965733149,0.927820441973191,2.27486775201469,0.927385888460343,1.69359605957803,0.973321661035798,3.99271404791071,2.41748662762607,2.92426477330279,1.94266250038347,1.10079268151248,0.682849264656792,1.40877284004441,1.20921738234484,1.41164423942419,0.773186138787593,0.975725409916091,0.520844144154357,0.739931959986971,2.38922047919186,1.50702042471555,1.75850903278327,1.14355851995508,1.61244570274685,2.61618337075067,1.71856209906783,3.3970414857489,2.43651304608006,2.2711157992427,2.46062247052403,0.748566133645505,2.47008640310297,2.7090828763759,2.37595278691009,2.31962982474305,1.86160199554405
0.142916185950725,0.122815701961611,0.145507816253024,0.101424643400581,0.106528645297059,0.265140968278438,0.0619427531642333,0.180678910542246,0.0721334866264309,1.61824318861567,0.141471157107845,0.0307312883915576,0.273402496724892,0.03468023505307,0.195948780745866,0.255877873539224,0.10877044325145,0.0545884728007931,0.139042326928294,0.353983823600552,1.15288550278397,0.061262063569022,0.152085481461298,0.79091436552558,0.0492804224069039,0.116629885554667,0.0552649098863048,0.107889838753301,0.25451446774444,0.150164250095111,0.359184823717434,0.265271567454263,0.0833633785113772,0.232810765329292,0.208016708387351,0.416811049329421,0.139126636079541,0.0744161071525226,0.194245567413972,0.0938757037956457,0.140468605600781,0.253943244288957,0.0372899517376655,0.218193651067749,0.123885506328467,0.127964829594104,0.37470811919857,0.391981484867414,0.038815302243906,0.0340708802736807,0.124230591304312,0.173346414782453,0.0382034322166074,0.17527178588846,0.16217739010272,0.171268092874827,7.68029143633364,3.75627732086977,4.98218196020566,3.07632315355352,7.20784148983266,1.77010322790708,0.586057364272987,2.13970593168497,0.777065000153388,9.80706207165663,0.60697712413937,0.444875633698234,0.177826085638947,0.604654282553359,0.597462016335867,0.772449282850239,0.200324670828599,1.52097125108433,0.551358572121198,0.872485509045843,0.261905600627295,1.57239296493823,1.13604129057164,0.845228473627139,1.2155683139748,1.44626518700201,0.847482798636541,0.576253262494416,0.571215930657364,0.669769698524926,1.4637549055425,1.17258811067016,0.859387178244075,1.37104090121495,5.91332398584582
6.2525831353442,4.62605810722069,5.42016615542515,5.10504038449589,4.44151817721489,5.03635269244894,5.0173630063029,6.54961050715642,6.19987317554174,4.16827080523625,4.84538713094368,5.16285644978168,5.67583583200876,4.78587243732366,5.57054390977533,4.82512561531107,5.18472446165247,4.25790087846186,3.18372168084062,4.48662131709283,4.40809162829166,4.93220873794196,3.68579164321457,4.35002901039069,2.75970365478662,2.60317904558016,1.91050793476956,3.18239061042654,2.7283950942204,3.00328500190222,2.90700250661976,3.31589459317829,3.45958020822216,3.33695430305318,2.21329777724141,2.89326412670236,2.93626765445872,2.83450952143959,3.57411844041709,4.21408034338653,3.75191645559686,3.56345857548478,3.54254541507823,4.66934413284984,3.46879417719707,2.36734934749092,2.79327870675298,2.09056791929287,2.09602632117092,2.69159954162077,2.48461182608624,3.72564781971187,3.43830889949466,1.70232722044166,3.08137041195168,2.79737885028885,1.15977555246649,2.03953660525455,1.7752815579098,1.54305418761554,1.31529954194027,1.46399515090059,2.4907437981602,2.63897064907813,1.81315166702457,0.433645601807946,2.80726919914459,3.2253483443122,3.91217388405684,2.18240199414979,2.52585853612111,2.43931352479023,3.80616874574338,4.35737709770105,2.63426873346795,4.52106127414664,4.30273486744842,4.00245481984277,4.65410464201931,3.83492233177113,5.61676393353875,7.36586223147535,6.07715790188953,5.8276153463553,4.56972744525891,3.19125562238347,4.40452999545897,4.56905022433547,3.48810089993183,3.17053208405958,3.68670199117548
5.80489818285356,7.78446857600013,5.36923841973659,4.43529965590739,4.39027144254547,3.79814437058863,3.50038498131083,2.84117586827682,4.83222226910461,8.50548619936399,7.69214048984628,5.75627762862266,7.1088066679681,10.4748181954293,3.97328141986689,5.2893611858751,6.21550569553204,11.8500656755962,12.462363762583,14.062908249568,15.3347335229125,5.20053657637428,6.13512832214878,5.65899228533553,8.5935200593159,8.13882218028981,8.19081229424924,10.4297107122816,5.122952044916,2.79455669427002,5.12437015170205,6.56679765233028,7.73778879342603,8.67530515205384,10.7511355562918,14.5246741804179,14.6667299755053,6.69596132158398,5.87437444973335,5.3430921410355,8.94925486282576,6.90503424127209,4.88684817522107,6.43933103031142,6.92107028688367,4.40390961048108,7.58409233257906,9.23334164354353,5.2458880982639,2.75701563174624,1.5758650506952,3.34168551096874,3.81346660386175,10.8445035723837,9.66577245012211,7.51866927720493,3.24737154690617,3.83942765939169,6.54628450294321,3.80080591237301,3.27509585943126,5.97642747738102,8.43409804359363,6.975441337293,8.09442708493113,3.36875917896804,9.43052770561288,15.2755463424184,13.7406216373215,13.01771262789,5.1627747176317,3.88135437019538,4.85546937154357,5.26872662841833,4.90770391251435,7.65685351052186,8.11046814971126,4.87048720889617,11.0577128715189,3.67634137052871,4.14131549726588,5.48773553281972,6.60224411921142,9.74851033886877,8.20617593919763,14.2424556480447,9.03091034378923,10.4429079773374,7.57827834650408,7.7725165590439,5.79651758612541
12.3840448030952,12.2516850420171,14.1757352289102,14.1940407617666,14.6258987781712,13.1814832379626,14.99788910989,12.7608997543225,12.3203995157944,12.4420245799905,8.87660775273171,9.11643670135557,8.57800333474348,8.26048518729074,10.0569312083668,10.7505260868408,9.24838822152665,8.21338161760734,8.74506715215506,7.8134333598537,7.23266111011239,10.6602116816455,10.3775528275117,10.1755527093563,8.38309265563842,9.15272465204505,8.99989057498474,8.54091926850718,12.3774627571917,14.190521633988,11.7650989008645,10.4828691668738,11.2598915355317,11.8582163320475,8.35519910908633,8.85902113131874,8.18551563373982,11.194414998954,10.9224282556876,13.4404974314352,10.8266177766802,12.6451038493686,9.13976717090183,8.95248550330976,9.74565983117271,7.67788977564622,7.49450302771613,6.22989239949277,7.94626867537244,9.50679772276512,6.98734960791103,8.59841553924663,8.01011363285607,6.31066065091399,7.11374903946571,7.45187472098375,7.30272006203066,11.7602818407601,10.1360627934748,11.0260630572128,7.88101179539769,10.4695616859632,11.0523093184832,7.98395606642718,9.18102297681228,9.77570615891051,12.2298303300031,11.9886568687779,11.3339233942839,7.00363761986319,8.13391818004548,11.9823145860237,10.082741332145,8.94577739624247,10.993477307461,8.80694804517319,7.59413996561745,6.50684797854439,7.97464339488048,10.8611858861087,12.1217310592543,13.634244624535,12.234120433984,10.0796864785494,8.62272417170777,7.38716579255433,10.105397929139,8.45880802593788,10.0614017697599,9.20525430081353,10.4457773149969
23.7240868678203,24.9315874982071,21.4624028973211,22.6515036927964,23.2426135193584,27.1106640064703,21.0915074524214,25.2950474759144,24.5614521962997,24.0794586466012,26.8795198504905,26.3367141515649,29.3224177737447,29.5475602652156,24.6895463739791,23.9428581668845,24.147038401822,30.0236600404362,27.426098986606,28.4741478864316,30.4836490294938,24.5048254276088,23.9534633301545,23.7274309657674,34.5455761072396,27.291393219792,30.8378197165581,30.4968610875998,26.1725710997199,21.0229950133156,25.801443170369,26.5271567454263,26.3428276095952,23.9795088289171,27.6662222155176,34.5357726587234,32.7991044557519,23.2550334851633,26.0289060334723,22.4050013058941,24.6873574343373,21.3629754258085,27.6318542376102,21.9939200276291,17.7156274049707,24.633229696865,29.5678770422144,29.0066298801886,24.5700863203925,25.076167881429,24.0386194173844,25.9586256136723,23.3805005165637,27.6929421703766,26.2403017186201,25.9185713883906,23.7882852205904,18.8264917408112,26.6822168479876,24.5759605978768,25.674647058674,26.0857317796833,29.083096702047,26.1044123665566,31.4711325062122,24.6510845950825,21.1303911341018,19.6857467911469,16.8223477014444,21.8804857110749,24.2147840738478,22.8482366822018,20.0725320170256,28.3229511350568,22.360653202693,25.6590056523936,30.119144072139,25.4799132727491,32.5420860008909,25.5178501085527,28.1676519652093,28.2526222577137,29.3087801195137,31.3210596791083,32.6911271083906,35.1038118462182,24.6551216902315,28.6677576022464,26.2365850299221,23.564765489632,26.4274479367431
1.96509755682246,1.96505123138578,2.94653327912374,2.12991751141219,1.73512566203543,1.88912939898387,1.57954020568795,0.677545914533422,2.45253854529865,5.17837820357016,0.954930310477951,0.952669940138286,1.05943467480896,1.10976752169824,1.23167805040259,1.46215927736699,1.48652939110315,1.63765418402379,1.1818597788905,1.37778134934347,1.42415267990961,1.13334817602691,0.836470148037141,1.0106128003938,0.344962956848327,1.20517548406489,1.21582801749871,0.611375752935374,0.975638793020353,1.27639612580844,2.63402204059451,1.49215256693023,1.25045067767066,1.78488253419124,1.66413366709881,0.774077663040352,0.52172488529828,1.04182550013532,1.28202074493222,0.844881334160811,0.66722587660371,0.793572638402989,1.49159806950662,1.87646539918265,1.07367438818004,2.87920866586733,0.953802485232724,1.04528395964644,0.892751951609838,1.39690609122091,2.29826593912977,1.6467909404333,0.764068644332148,1.35835634063556,0.908193384575232,2.74028948599724,34.3809019331177,8.58958685674512,17.0639003476703,19.2317241432083,30.0940535195933,11.5788707389411,2.05120077495546,5.56323542238092,4.66239000092033,40.329040968139,4.02122344742333,1.8907214432175,2.91634780447874,4.09376829433014,6.32606840826213,5.3664897545385,4.72766223155493,7.85150024208397,3.98203413198643,3.72789262955951,3.21769737913534,3.82377380109979,4.06776075011136,2.89792619529305,2.43113662794961,3.53157778221421,3.67242546075835,3.49141682570146,5.18488306288991,3.78222888578782,2.88176747028679,4.48818207877201,4.04417495644271,3.34191219671145,2.22662199467034
26.2462002593857,22.5411845523609,32.1084822734736,33.135092916825,29.3401679098276,29.858518716466,28.152981313144,28.495322678894,27.2743926283198,20.8086655137712,13.7835348370173,14.4458567342195,14.0641661846493,14.4346074337888,17.3966126814476,19.7014996430622,17.215098053407,13.8414531633691,13.5336848915655,13.1889002859076,13.3104022136124,18.1773731918824,17.0928872614353,14.5102028293062,21.0402763466276,18.1892081848206,21.2587528859649,17.2893466602165,26.7320787379781,27.8321929338784,29.5603123505719,22.5172454138958,26.2248684290016,18.5352290816916,21.9757171408733,18.3813672754274,18.1730690212999,24.7779591180397,28.113549462959,23.4029000372418,23.2988252679736,22.7552192626227,23.1779424020634,21.0356135121396,19.8340695631875,23.4949825376254,20.8017509154363,20.1774647010417,22.7686681432528,24.4543743164343,26.6990175301662,24.2143273149239,24.6190557890261,17.3536595208164,19.5715674375962,22.5948285993331,17.7744623892009,21.3437505739889,18.5956768680101,22.4981064101145,19.2523024552881,27.4598908645059,28.1300209133981,23.7414637826658,20.2960743984508,17.1640264930984,23.4695292262539,24.6731733745988,20.3052494147688,22.3787961275916,24.07947649956,25.5079015287314,26.6215461557541,25.6620735922815,28.3012355069811,20.4621646930588,23.5696333021664,22.3948068031327,21.226015352,26.5578836208634,27.330586474517,21.9691045313017,25.3799911121678,25.3300595842104,22.9826532715641,21.3112838427119,21.3365148653218,24.4254146859874,24.9571091780775,22.5891841983613,18.738666675147
60.539296368727,53.7036219967537,61.9535904651313,59.9182984996164,53.4503442602036,61.8772734719805,53.5442449764608,68.6128162784179,64.8815465484427,50.4620009992403,46.8969812254649,45.6965038995944,50.2035334611083,33.6571681190044,50.8341524084111,49.493360459234,46.0599318992592,36.1375689941251,30.5260476654724,30.4885348746256,32.7195687369519,51.2763472072714,55.1906805811942,40.5123913896992,60.1221153364227,53.4911307107923,42.8800435807839,47.8674847596772,61.5076630382396,44.5124378344433,55.1947345779123,79.108955256751,60.1337562722894,53.5464760257371,49.3415632294796,52.2204700374145,48.0818176124993,68.8721071696596,66.8216406638109,61.6469230065499,63.2853208813199,58.3434603753878,64.25879063338,47.9153257744778,43.1175245742473,47.3834569262527,58.6476115982366,48.8683317184205,65.4204748609465,60.1327187214272,51.6824105944199,70.1619613831979,65.9387419715422,54.254943142308,52.2795034735128,42.5144495879614,32.0098052480751,44.9494256869206,43.627411801935,44.71093597286,37.8966734622914,40.3264118838982,47.2508749945096,37.2308832113184,48.5717429429211,27.553507965337,59.6499181533914,50.9923865938811,45.1649805349224,49.7369320357121,55.0828348719629,46.0534262435312,52.5675975214742,59.8259654048132,44.6410531021106,54.0147846963835,55.3911637783828,49.4120915611464,55.9225486907202,56.6303077330183,50.1199773926191,48.7357733945561,45.4787519174989,47.8673246803671,56.1109802653426,57.245610115101,50.6806839107771,47.5100355185325,45.3923252329825,36.8895692483149,45.9560178899993
39.3398239257262,44.0904276185452,49.727296204471,48.852869904613,38.6174409553756,43.7475969135216,41.4719120985175,43.4532779854102,35.707879217249,29.2905253625814,36.42882295527,34.0198435623382,33.4918058487993,33.4216893229941,38.657895172863,31.7639481415205,38.2038053513511,28.9133305036681,30.488853843019,31.9715928501497,27.3996803095467,30.3780194619709,32.1280579586993,34.4856239243942,38.3391830241231,40.0040507452506,45.0480859956237,34.8484179173163,40.2132859036215,53.4584730338596,48.035582399851,41.7421390862249,45.2663145316778,40.1210552250813,36.2810261766714,27.3904403845048,24.9384495172578,41.8225963807892,37.9167347592074,29.6947626246386,31.5840147978216,32.9269159126168,37.9000153480938,42.8095943394925,34.2159379928592,44.2131282730588,39.3545718281916,35.7940070581595,27.6411530339303,39.2104725629654,38.9034308199018,30.8864308199005,29.4934317055431,28.8251979072161,34.0815785300866,50.2985844091223,27.7047183973195,33.8092414178735,36.1873922699127,36.1676847389886,36.1741571821664,43.853309292886,34.9458680598929,38.5974420663546,29.1403692085299,28.9304995378472,30.375032095447,35.9978533600821,34.3204345283168,48.0434294964829,73.0530865303661,67.3657085096234,58.8453720559009,61.784318658912,58.5120095354086,39.0322255844549,40.6709465705546,43.7411133882817,46.174947952683,54.6295311890181,50.0038696605601,40.3608889395909,43.1294589761119,37.8679746860595,52.8155037423193,50.4368101563317,41.1223643775846,42.1323038385625,44.7897431644725,40.2743264731893,44.8609578926205
22.080550729387,19.9780208524221,23.0629888761043,23.5305172689347,26.3900507667715,21.4432758095187,23.2285324365875,24.7078410166521,20.1973762554007,23.1732424609765,22.0341327195468,21.7270208928312,20.4026613180951,17.0973558811635,20.9945122227714,20.5798918289404,20.4125865168555,21.889977593118,20.4392220584592,18.7590229872149,18.9547940016541,21.4723532809422,19.6570484788728,21.1789291212961,21.3384229021894,21.1488859139129,18.4584799020258,21.721820868998,21.3367962125755,19.8216810125547,21.2517687366148,21.4869969637953,20.4657094245431,19.4785006992174,21.0512908887999,21.197819080182,19.8603273003545,22.0643757707229,21.6389562099165,23.6879692577679,21.6672824139205,23.2675497579756,15.6244897780819,15.7972203373051,15.650868966163,16.2515333584512,15.9421272531755,16.5938828593872,14.9050760616599,15.2637543626089,16.3984380521692,15.7311871415076,16.8095101753072,14.0655608175489,17.0934969168267,15.927932637359,20.3605041433006,24.0037769695343,20.7204504221711,21.4145812866645,20.8343447443338,19.2981178982351,22.4166941834418,22.3242652205798,21.9305011154401,19.580766789328,25.7206556354058,20.7237899364427,21.3391302766737,17.8337722247255,23.0198600411761,22.7262710059623,24.8402591827462,20.060377581869,19.542598278518,18.8377553089443,17.2109394697937,20.0480103029624,18.3965396086117,18.2730346203201,18.8622669409883,15.8416489087894,18.1855683874091,19.4570219218703,15.2910110668279,17.8473925548113,19.8064335656219,18.7614097707226,17.99657855617,18.8518123917056,20.1856059516836
33.5495746519326,38.8097618198692,39.6872568830123,35.2619676889352,39.7061314289039,38.9757223369304,44.7536391611586,34.0128049095778,32.4961357252071,35.310066375594,36.3227195874391,39.5818994483262,36.1233048797763,41.7550030038963,36.9503415120776,41.3791075494859,36.2930712315673,43.015716567025,41.0522470255789,39.8496759502418,35.9089925720067,40.3104378284165,34.7135111435413,42.753315425355,33.5599676591015,33.8615434393715,29.8983162484909,36.2509858211092,32.0688229357994,38.8925407746338,27.8368238381011,33.0263101480558,30.3025880888856,46.5621530658584,40.6464648188883,34.7144059655789,33.668645931249,36.1290200225497,37.4893945108966,43.4957427586492,32.553599347981,38.5993731319214,33.4117967569483,42.8095943394925,49.7193832064913,41.0127278849102,45.7143905422256,43.5970518169202,51.3914601709315,47.3244527001425,40.4991727652057,44.1166625621343,42.2529960315678,36.0183520000785,47.1936205198915,40.6476273756257,24.1748770714126,46.2425703383676,33.8363365589674,33.7213793195981,25.674647058674,35.8678811970646,41.9031015455186,39.0852950187788,42.4795533417186,19.580766789328,26.47937704058,31.4749510841501,38.3748692808848,27.9035011326181,35.2151141393258,45.5338524627509,49.8007131679896,30.7482836705697,38.3500517942078,46.2417319794297,36.9286896884486,49.5303783955543,41.483830352487,40.8527095586451,39.4011798322868,52.8054963626315,41.5619689164671,35.4226270180391,35.7669051965457,36.5221476783886,49.6761821068485,39.0188802343693,39.7340189470496,54.4560307951315,39.4221599056388
0.336567617913956,0.212061778720382,0.34958252854789,0.425307337993102,0.167863319862033,0.0739080449076147,0.110877528163978,0.0451697276355615,0.341191391743018,0.0870614835475233,0.853778433145842,0.113398454164848,0.239568937755187,0.0860069829316135,0.267610049132926,0.234676564017402,0.448134226195975,0.0545884728007931,0.239848013951308,0.214086025051831,9.16679608301821,0.377986932220866,0.495418455860179,0.923612220185983,0.308988248491287,0.294296077882942,0.757129265442376,1.52700085115506,0.16585859481346,0.19596434637412,0.290939707211121,0.634330635675007,0.169227658378096,0.0388017942215486,0.229650446059635,0.481714484153573,0.173560478509228,0.352360267367194,0.0749787890217932,0.731917570593384,0.379616406636111,0.474873866820349,0.6533199544439,1.69972854181777,0.374547180799731,0.997485846686038,1.22427361854515,1.45076702899262,0.51624351984395,0.316177768939757,0.272686147912965,0.425132082253966,0.415653342516688,1.6843618623881,0.146932715433064,0.210659754236038,5.43470823885797,2.95222923610596,2.77341374128983,2.89604926187844,5.33880084073554,1.48662053050542,0.506207048390793,1.05059561245732,0.959675275189434,7.52575263260698,0.94271134592896,0.503450925468502,0.730153907633518,4.03447923627432,0.36761486416901,0.418748821755656,0.154249996538021,0.546316430457047,0.142740608115821,0.385876545591639,0.340851431673523,0.304472455938039,0.229773512641426,0.790892357465394,0.488323133027809,0.682099023079087,0.419503985325088,0.364734417908231,0.435881694778542,0.406983587397793,0.110239041323669,0.86650217971247,0.471651904295131,0.188518123917056,2.50221209401069
0.487701484556848,0.381956833100611,0.367771005579518,0.249504622765428,0.360744730665041,0.550498935388108,0.726588494616457,0.523065446019802,0.346240735806868,0.725943894412992,0.284710703679537,0.411491951562957,0.0782614646875003,0.905500937235657,0.294483024778073,0.558910383773533,0.336100669646981,0.686722987833978,0.419212615688807,0.287920974285878,5.57657499376035,0.163263399411444,0.305311604033556,0.520685290637674,0.0492804224069039,0.751485229257234,0.837263384777518,0.302451181305088,0.0861107282535355,0.526325696583364,0.423239450613709,0.36806429984279,0.0896156318997305,0.17189194840146,0.254196417649343,1.74227018619698,0.428510039124988,0.151064697519621,1.10214934950688,0.464058895763142,0.430185104652392,0.609146357238135,1.13697062848142,0.443805886271802,1.23555144978257,0.583519622949113,0.544008060327379,0.928125049169399,1.4687710369094,1.57066758061668,2.34361010495584,1.90941075882872,1.23397086059642,0.699334425694954,0.409660087399471,0.827224888585417,0.616742866011624,0.582052369653414,0.840211614945071,0.888573399258608,0.99594481315717,0.117785064413366,0.316470976707413,0.914367668140043,0.535311444550112,0.278533905776642,1.49847477521907,0.141989473088686,0.266739128458421,0.121871952670288,0.584809879519343,0.0886283914007116,0.0400649341657197,0.211291681907391,0.061262063569022,0.480660198619801,0.0740818698917207,0.448489357044882,0.0366464932442465,0.0402489749346257,0.272454966925387,0.153035037229282,0.0914575186861934,0.166774473616031,0.0768944522038758,0.461353127630993,0.0457423407982031,0.24988256979109,0.107170636345732,0.0428450281629673,0.156958599624303
4.69908419405983,4.07256867704703,4.96581799917508,4.12088326136559,3.90605032755884,6.55594186689474,3.33995325061546,4.31822596195968,4.3968966773141,8.22811931683526,0.141824835000614,0.381682601823146,0.274769509208516,0.225074725494424,0.403374561506847,0.636039285654642,0.556542101303254,0.111360484513618,0.563469029876912,0.536981448974889,0.432671147515397,0.381968966352852,0.238393992190585,0.55188246838896,2.66804206910978,2.78939809618244,2.87543326138444,1.89454556850797,3.85759094944656,4.10023484884701,4.43054480055454,3.44223017717838,5.04598530129366,2.14108300514505,3.46514232831649,2.79263403050712,2.5797556495049,4.50663944915677,5.17198247796442,5.11685169488799,3.77228440340898,4.20561755448048,2.67145214248636,3.18824562940196,2.31087764471366,6.31058557143322,1.47260290845038,2.01870464706718,3.10328341440028,2.95360461092538,3.52007380460768,4.11004349449196,3.95940371492919,1.21331893781286,1.86276950271984,3.54011147972268,62.9255555583235,17.5894343460088,30.9497817392854,35.3573931131505,44.2214228396653,20.2683474118774,4.54707257505304,7.70793400123982,5.39671642606528,84.5398772195388,0.658949540393804,0.589460214650161,0.638751299615099,1.03849961213639,0.333875832658279,0.661867069726415,0.435906483723031,0.536861744301658,0.39085196557036,0.335906920982649,0.199796558192822,0.325914178187197,0.407142539943579,0.390817546615215,0.557065616990522,0.52132814880305,0.455875122099906,0.557609774590185,0.484654747319286,0.483022147289152,0.726845795283447,0.41000149800674,0.370042008514508,0.613112353012063,0.286175679315008
1.75894095858854,2.33349833727061,3.52856454413583,3.00893108755056,2.02283370785666,4.46298534854681,2.16799636074817,2.12297719887139,2.70500574849116,6.08459438919494,2.44037746011032,2.79654724363174,2.51120193241813,2.65685280741569,3.35912195564342,2.83622345827262,3.40487744191457,2.15351525199129,4.11321963635626,5.08719267449895,3.6071752878282,3.85705952230562,2.81358140703402,3.6469940188124,3.20322745644875,3.17194412080175,3.91220297085152,4.53856588355554,3.43594531454994,3.96583784501188,4.12703362451331,3.74696089029147,3.79303372226766,3.90695266016773,3.61741055885603,5.62337649981007,5.17864121147073,2.52345019354204,2.91368351120958,4.4850682083433,4.14874026641907,3.39649089236479,2.01365739383394,4.84389905370404,3.05584248943551,7.48594253125507,3.27017994936934,3.48427986548812,2.94996297053686,2.35089073888397,3.29211066956427,4.68035319912623,3.40010546727806,3.01818015299928,4.02199927454746,4.85259596478678,29.0113988530984,9.83880302746354,14.2926063455541,17.5479133053078,23.6911753494281,10.1148755880405,4.30019591035304,10.5601620081759,6.04383889008191,42.8451861792446,6.71468443579178,5.45677037700359,4.76573909512379,8.3757558205835,2.70615148575658,4.50256621450863,1.76285710329167,7.86465458803929,2.32795841562283,4.32276911299986,3.81633875199773,3.16479820397568,3.40812387171492,3.34066491957393,3.65341152572565,4.77603852451826,4.04178671383077,3.56599077731839,3.38335589697054,3.9295782194633,3.55006306934854,4.79265064681844,2.88147465646543,3.68467242201519,3.08441899261711
3.60720453339629,3.43474579819306,2.34376715029559,2.3689415876929,1.71373922945686,2.86617386708992,2.78711417862468,2.45452299971641,2.9982283716276,2.33124113751974,18.6894008876246,13.5949073586573,16.9027676068955,18.5674510450631,18.1694906580752,18.9971044111906,18.9724658482063,15.2853182689501,14.6269051870392,15.7233114141614,15.2218185604339,17.7549712635739,19.4357641033466,14.575672962897,1.92637171188587,2.02469481322901,1.88950726901276,2.71342944464553,1.92370518536839,2.54678568161308,2.33051086455328,2.59137162456883,2.59051698724105,2.21674650387707,1.84386010314548,2.99270333418524,2.78879342021441,3.39709529151265,1.79094413155682,3.13231931664804,2.44415373745359,2.01535707248823,2.39476070059288,2.73920309550453,1.51429383902162,2.73908717746179,2.01388581881995,1.76957863668478,3.26591953080225,3.28068506155271,1.98955291973856,2.89575185894088,2.38465823896063,2.76841785810822,2.00029592952695,1.77433744218321,0.905913570426602,2.31997288847705,2.40616892945954,1.27922955700127,1.05092433401027,1.45933698451137,2.26364656950441,2.6767721205379,1.85934386425591,1.23455567099324,13.7487905831619,14.1440793140459,12.4446251251848,9.26085675870246,58.7069691734073,36.4514751054486,45.0974905462758,50.9891224360133,44.5405833178574,19.3489525003807,15.6548460512095,10.844508389549,16.2120421463222,17.4765074063638,16.1825675509053,15.1178436338061,13.6843753731508,17.5248786299772,16.7880362020199,14.3937448034763,15.9700234428766,15.9811629262509,13.9478539029013,10.3624985114953,14.0686008063253
14.1844314556094,14.7788228027139,15.7875980634531,14.9770390088191,15.5757791987367,15.1793204339406,15.3618027847299,14.1381247499307,13.7774959456483,14.3699995149072,10.5042334152575,11.739352165575,11.4487295503548,13.9067742562811,10.3852853795309,8.88261761000448,8.81040590336748,8.18827092011897,8.62062426955424,9.75045262612299,13.1564580905936,9.09741643999976,7.18603899904635,9.27127395143875,7.83558716269771,9.75803375807376,7.18443828521963,9.38641597153721,8.35655835760911,8.48428013037378,7.78233784721106,11.9703794813736,10.2120138676437,10.5152862340397,12.8970359200157,6.90715453174468,5.32159383004246,7.81369125101487,6.44895283814387,7.54134820491687,6.74249306883749,7.74526895081318,29.1980322105921,23.8703854268118,42.8230900208733,39.541132344578,23.4703540116195,33.0135517255,45.5303495321017,19.5566852770927,15.7772850956476,21.3649456219373,19.9803950492857,25.545862793243,30.0676881250443,3.82498740753781,1.64945856350789,2.11798032084126,2.27871961164541,3.34955665116544,3.55130876323872,2.0629022580872,2.71051530976257,2.21102946274113,3.36728166733135,3.83609570830106,22.154665031087,15.7560120268125,17.3913911754891,25.6919251575202,18.732191453354,19.4738529729087,14.7038308388191,16.1551811263822,14.9479435108414,1.78462945032104,1.83333920439107,2.43006185490454,2.63854751358575,2.13319567153516,2.47305277670736,2.38801926225913,2.43651304608006,2.30501304997766,4.08639088854883,1.26074296192927,1.4180125647443,1.09171996510671,1.56711779562155,1.8423362110076,5.54830398671954
11.3618367830826,9.37493191640299,12.7683108762029,13.4218611433435,9.7651258188971,11.3347763939032,9.69404087020252,11.9699778234238,14.8594982450448,11.360067184082,12.6263007718751,13.3066478735444,14.4561570143287,12.9704079098482,11.0291170876959,12.538015803422,14.2851848803571,14.7388876562141,12.1314430244937,11.4815112445289,12.647832133483,9.37309572606036,11.5204752206933,9.66673113420154,12.1722643345053,11.7407418125031,10.8319223377157,13.4862298441627,10.6471885673091,7.433130379708,9.03948473022208,11.8377436976465,10.1286504891323,11.3689257069137,8.7783050939462,17.4465196362172,13.4952836997155,11.7949529836748,10.8777517751824,12.5167605060861,14.2926806198795,12.8558767421284,19.0924552896848,13.4407289057734,10.365087362815,10.9409929302959,25.7547109637519,15.3743849064664,16.9622870805869,12.9469345039987,11.8640214695618,16.7712656302023,14.4408973778776,18.3597195718162,17.2556743069294,10.7898898511141,5.9277417126065,7.41293112294442,6.54469469856299,9.86049261354321,6.47127374634611,7.51961145689851,11.7211472854597,6.20514720188641,11.0084208355063,4.30309866409424,14.1501542064991,11.1589638119307,10.0649564471644,12.2813048829904,11.3517783103815,7.155319672718,8.7341556481269,12.1266626775642,8.20911651824894,16.5375662396417,15.3401851795987,16.0455554831197,11.5069988786934,10.2634886083295,11.7784378009283,12.6800459418548,10.5229114164037,12.1013185123827,15.5985888756434,14.3409511919455,13.9971562842501,12.2515240528641,11.4247942519506,10.53987692809,12.3011739705558
54.0387536507582,66.3159758168648,48.5112146301363,60.0947773791334,44.4983063968883,62.8844777252283,49.5706173609752,74.9835546641375,73.4831041612114,53.679392106846,66.7032968984559,68.6005331378223,96.6535923953047,77.9948082273028,67.8593021869305,77.263786074446,80.1087063184048,68.0166912250602,69.1964996307695,74.1892863349169,77.1002352505923,64.4829165611633,76.7689489046269,63.8083346293854,55.5784603905062,52.044142597344,41.6349251610455,60.7538471003715,54.2786037727384,38.2220573979591,42.5376600314828,65.2886381818433,49.1873110399605,56.5741800288445,47.2156324697609,78.8868500847985,79.1480998158805,65.2298108050794,62.018724763933,64.951034861144,80.6114210391482,60.3470725728276,48.466868971996,53.9571079725438,44.1127381417526,42.4037055825981,77.2297278730384,49.9362634971926,60.7253759015236,48.0723085221497,29.7668919824262,62.3800074575766,50.9014890167633,53.2799938333034,53.2331065273168,32.3502591694833,34.9865624994057,37.0666167076118,50.3173086338912,50.2862542009909,41.1291536165638,36.9086486588866,50.8075106239413,55.5638836339952,46.0393744479768,35.0672519505093,67.9594349828594,57.1746749835076,46.4503074819207,44.3110421274454,71.6820869269978,34.2243818573152,61.3041570656511,55.0192851780756,36.362097831393,67.8349551596697,62.4450299049919,60.5828714909201,45.9506714140283,57.1644116304008,61.3191340177152,41.3221507778355,49.0897348753561,62.090950061266,72.7575306753073,72.553393565976,60.0354500274176,48.1189726546254,52.8578722025757,37.6954842280603,47.8081293655661
0.107187139463043,0.25381911738733,0.036376954063256,0.101424643400581,0.161407038328878,0.0662852420696096,0.114903807119653,0.090339455271123,0.125872934163122,0.0970945913169405,0.0707355785539223,0.102949816111718,0.102525936271834,0.03468023505307,0.0279926829636951,0.0365539819341748,0.0362568144171501,0.0545884728007931,0.243324072124515,0.0353277269062427,0.0678167942814101,0.030631031784511,0.0380213703653246,0.0439396869736433,0.0985608448138077,0.116629885554667,0.0552649098863048,0.0719265591688675,0.0462367949735732,0.300328500190222,0.117333709081028,0.0683074286194728,0.0833633785113772,0.0388017942215486,0.208016708387351,0.0595444356184886,0.104344977059656,0.0796252346531992,0.121209234066319,0.0312919012652152,0.0351171514001953,0.0952287166083587,2.81017076295048,2.00650881521902,0.920882263708269,2.05383551498536,3.86426264017144,3.1519666733172,2.23304433809191,2.71170136098224,1.18267522921705,3.05393046242987,2.10271690920207,1.52793179348265,1.74632613662609,2.20364946165611,0.538909040046095,1.00643287097753,1.07735743499422,1.10723546828413,1.05276575336899,0.561641776072774,1.77209095522045,0.693977957176491,1.2027239391263,0.743868993870554,0.198785008155644,0.286574054040613,0.235086085214688,0.237626780303071,0.648773460091772,0.121965676239511,0.500010378388182,0.269253018773037,0.061262063569022,0.139597681447335,0.149660343215597,0.093271491783836,0.0758582410155903,0.263228296072452,0.126586769248411,0.0336340741163258,0.0353117832765226,0.0718621715581272,0.0439396869736433,0.0393982175602898,0.0457423407982031,0.0808681455634597,0.0505521869555338,0.0856900563259347,0.0365019999126285
1.1233212215727,2.41865055729733,1.43361575963292,1.56126334407961,2.34120909096037,1.37077880599953,3.06523714033209,0.858676522352024,2.57300146796479,2.06099452502092,1.8179043688358,2.4188597092995,2.54195971329968,3.08411330326951,2.46671522276082,2.76019117584954,2.41579154461471,1.89694942982756,1.90453227310031,2.92407595602971,3.21349879702462,1.12262731490233,3.38618324473581,2.76688208873032,2.66508524376536,3.6890032800941,3.95917814425488,4.72341714061953,2.51502713209464,3.49882702721609,0.391511457852003,3.46510984987131,2.70764253404953,6.11205862577834,2.70796150978653,3.0415297713924,1.700127492892,3.38593287543978,1.27852432471876,2.95552007449958,3.0214797064728,2.27564889788441,0.76593560869165,2.43940501893744,2.29477252889096,1.38521928035617,3.39655877866268,0.263063129844353,1.57784203621478,1.08652037192768,2.04110861512985,1.81363686466142,1.07886492579699,1.24749693606111,1.40997022955305,0.866616549946627,1.10591042125193,2.69297275609187,1.29039122194339,0.68571822678915,0.514282120898644,0.214275653904542,0.49888133133738,0.0791691194723438,1.39958040583182,0.0333573539852266,1.10963005506729,1.33314398231571,1.27999216442914,3.42559002100269,0.735932624827827,0.662273621980547,1.41829866946648,1.78076958370198,0.061262063569022,1.71007159772985,1.5025898458846,0.721513953684156,0.540535775352636,3.14263996289557,1.42975983412692,1.85861893566816,1.51628797389388,1.01488368700487,2.3336367751702,2.22599929215637,1.94359206051565,1.26841686316286,0.781536810332553,1.68123890511484,1.99629437522165
37.8270560974378,37.1840913115706,52.2802308406303,47.8518086742493,49.9074597688848,45.1090957856314,47.3744370475373,44.5003122720025,38.6484007995754,36.8435136211262,23.1411445239157,21.9860856539721,21.5154094797654,20.0410142324681,24.5660986421092,25.7080499544858,23.2177762483104,23.2830754189943,24.4071424631754,24.9085204097846,20.4637176744155,23.2054570593098,26.0069975435857,26.7148902831054,39.2173601514141,39.7128647976491,38.7119640771588,36.0970629844879,36.3455143754652,38.0110766265755,36.6338588123139,40.3673691878932,40.0606883605349,38.1829056037149,42.2918769822323,38.6032530558224,32.6036315320601,48.3700975686039,53.1409253508448,44.0264534041072,42.2403143902109,45.6789933536421,25.0767467445453,24.3809585703103,33.6563884559423,26.1246597857842,28.3327028238381,23.4853528983395,28.5253656190465,33.5867330649917,33.7994169761642,33.1520684611072,30.9512746789288,30.7917473448846,27.6411900143274,34.1183167815944,23.3998892744644,36.2731585244522,35.2920674364534,29.2088867075225,29.0531254621018,31.0114100101225,30.0112650527143,23.3028240666704,32.0504776341044,22.9985612786543,28.4816428288348,28.1198473466759,25.0041259016924,29.5325385849136,28.9357883476359,30.8544702228175,27.4128286055271,33.1666279597938,35.9743089690011,24.8828901336651,26.9676713948765,33.3386618391028,29.5418375989844,33.1172590659593,30.4734593083732,28.2408503317729,28.9305909206222,25.6900483870158,30.8676300989844,33.5991939175907,29.6140488561647,30.0679895426778,27.8572881437165,25.9259549916932,27.9473912131049
3.28600040547204,2.62129646553399,2.82066901806487,2.75705988977245,2.15195933851976,2.38063446893003,2.46346329334156,3.35249718511137,3.01698307815047,1.96228169051537,4.12105480655151,3.44374817715795,2.86935920312774,2.18103998248757,4.10512695662589,2.7265615124701,2.83020693340274,2.42154465344318,1.33897760831947,1.56572485648468,1.29733527460338,2.55462805082822,3.23295712216355,2.78665494786846,3.93602733763941,2.55652709135829,3.02796441267064,2.09486103579327,4.06035414208296,3.10614751321737,2.67772286081347,3.93464052426536,3.72717665324368,2.2074340732639,2.52740300690631,1.46479311621482,1.66082421819953,3.28844777506997,4.72172125269883,4.03728110123807,4.70710297368217,3.49203703802851,3.84683142125758,3.39596598521845,4.00728317803814,4.41542644514455,3.90956825821999,3.02609706317644,3.70608505824815,5.93616947008338,3.68281587921633,5.45044464679728,4.29406578114667,2.87840090375323,4.29640341860126,5.01472975937495,1.03374660909846,1.69987531676408,1.55217900988591,1.17385024662753,1.51154223359776,1.65830723456558,2.54495410435545,2.4628015273694,2.01562026984232,0.727857463957645,2.18815253252243,2.69223904326382,2.50485824231021,1.41164423942419,3.6652537460981,3.13939650640502,2.86464279284896,5.30161249330664,2.13498291538042,4.40724157364839,1.9785097373102,4.80401786992378,2.97312999690572,3.01706316109954,3.7234114941511,6.68578125284324,6.39602330487653,5.35407075358783,2.83235222232105,2.59910041245231,2.95266809852401,3.51574262837141,4.05226330635559,1.53727961048727,3.55675487148652
135.436310068529,125.672804574912,154.46491365202,143.029032123499,133.599430247983,129.842515001844,122.439762469613,142.169007549272,140.047524952649,135.692927851802,99.7237260011052,95.7030709961048,91.5091826663049,105.649174460971,105.436119943736,113.347683800947,108.903505760361,101.078199776861,98.6042993819211,104.767906913153,107.042028093778,94.4461918527719,98.1726991380827,90.3413146084199,130.594104986743,129.337877884703,121.350136479249,122.896596058294,121.6400995691,92.2661710071896,114.748176991636,124.710795649435,121.162418412898,118.047474596102,120.537777875551,126.724254216336,131.670144018858,142.269457815264,142.461253105946,134.283248818431,150.897697223611,127.442686862634,131.068213965616,135.834275535717,92.048170057114,83.9532459276557,130.173941253328,94.0276475200289,110.951988852116,103.520962623551,134.585832242483,132.100368849116,128.066691579478,110.205640813087,103.741632900908,136.377356994368,39.6720557313703,76.5504765110281,79.8344116592037,65.3761950918312,52.1158506903908,74.4514733990497,89.7012076039181,83.2424063309614,108.500722565862,34.6172612452486,108.367419579628,115.613908955802,109.329255711681,96.7056297179134,105.180024941725,110.397638400448,114.39019483523,115.723714248718,106.135912512695,110.41105824814,111.125423893587,121.721440950131,102.985441174711,108.883136952147,105.100970556675,103.283178455672,114.496691684961,112.589379343681,112.44737112486,118.059122812462,115.100537303702,110.409683478519,115.097724782229,108.304947541194,105.630582407162
177.178197789622,167.4723099662,177.388942563602,170.064785068358,157.877873435817,178.077954229689,165.812387948975,189.744023181427,171.701502221492,150.758771937813,124.371892026112,128.620890556722,118.764677564809,126.473268400938,146.112567485111,163.679592605751,166.435818877495,129.453833823441,132.846948446187,145.146792212451,147.06851733058,159.009668027529,171.604892579449,134.51915468546,161.645699145333,161.506732918391,175.931972079359,139.693245788204,188.941360274762,246.927840392649,230.710997328809,154.368488480281,181.373285810311,136.325059764162,163.608885447402,161.429133072216,156.28234157451,166.279070626954,194.545094078924,158.788249618233,189.483369667604,167.019106626957,151.949468240157,163.39344282748,139.183714553281,178.1404791021,150.671837948469,139.535826843169,172.155181124262,185.147977583235,205.164336927245,203.70370567123,207.547022134519,166.998957594524,159.854036812108,180.627323256794,180.511075176492,183.650465838724,227.388395665559,198.764573453557,185.595867985298,243.66469110653,249.656041750061,309.400051251025,206.830095982494,185.234720974123,197.737213895098,248.651742835091,211.90040886474,166.842703205624,178.632005230057,165.943246673446,184.797906242016,214.355411295048,170.157832045501,141.431090769298,159.43428608015,141.089748657795,148.10350426223,184.734745154945,177.47842293966,151.205679938095,169.55553040538,187.113840974533,157.185881607684,191.035653235035,145.955118442314,178.894894252574,191.748994819166,145.391175468777,135.520245035618
33.7996779773464,30.5401712211207,34.5912093882908,34.7163031074401,33.5726639724065,36.97556515748,33.6349149681787,32.657713080511,31.6666006290032,32.623782682492,31.6541714028802,31.7322064544706,30.6111687926816,28.7845950940481,35.6626780957476,35.9325642412938,34.1118612762315,31.3556187767756,27.6701182703652,25.8952238222759,27.2962596982676,33.6328728993931,33.3067204400243,35.3916602697908,30.8002640043149,33.1228874975253,35.4248072371214,32.6309220981401,36.6076642772419,32.5105601455915,34.9863977541966,30.9041376084217,31.052858495488,28.6357241355029,34.9884103507524,30.7249287791401,32.1382529343741,31.8303735928842,32.3010954052694,30.8810386016029,35.257620005796,33.5516162935677,24.8630753210885,30.0993777774939,23.5766507093705,26.2590228568581,34.2367402074286,26.1469071805893,30.1882131671755,31.5983564922197,35.6386508804245,30.3785258245879,28.1391200334643,29.9149502359776,29.1186260381632,28.1707468096945,36.6076709938533,30.2792742164714,34.2067609795581,33.2321182357201,38.0655579234765,33.7384337048455,33.0389839108897,31.0956330698671,30.3918755615547,41.1422932582988,28.6796691155852,33.0894789047799,29.0212171762762,25.1597352792573,35.3212515092867,31.8334480507666,34.3444628655383,32.3395484578528,31.5230074300759,30.1380289883772,31.4065971746511,34.0355178122005,29.9497130687929,32.5006447699609,30.2659743720223,33.7750008868732,32.5648796554419,33.8870815597452,33.3049645354124,24.6439790661368,29.3423393518233,34.7644070962757,33.7461124021666,30.9362525850706,29.072017830413
78.7110894123616,72.2975098880685,79.5200215822777,81.1059065059977,64.6435188507155,77.752588947652,67.3627440661037,75.3882754237521,78.9861678559419,76.6399974128384,75.8285402098047,70.374650416667,74.2629531728988,72.0308482052263,66.8745196002677,68.794594000117,69.5768268665111,68.071825582589,62.9166529350531,63.165975708362,67.3420767214403,78.5073344637017,73.6093730272684,60.6807077106015,81.509818661019,75.1485229257235,71.6233232126511,74.5518785785312,77.711750817969,54.8850334097631,69.6219916638959,84.5221531801146,78.1531673544162,68.0195452703747,74.0123448442194,92.6511418223683,81.3195187884919,82.6762950464526,84.7299165059746,74.1618059985601,83.1574145156624,80.9444091171049,67.1964930312733,51.9737276843379,42.4927286706641,46.9630924610361,64.3816677532089,55.9226918410844,68.547823762738,69.8453045610454,57.7051096608529,64.5282029027681,48.0981211607087,56.9633304137494,57.9621992227121,57.260632384484,35.6179958557486,55.5381506353931,58.822762068056,54.0821675025252,41.6686894886677,56.0310871390137,79.2642585179215,56.2029424722585,81.0306114048839,25.6851625686245,58.7629728307428,46.6748685688398,43.425130113031,50.8191926192707,86.4211234217587,76.4724790021736,78.3670112281478,81.7624815785603,65.4278838917155,84.1551931906945,86.204357692184,78.3337586169228,80.0725877386786,73.5751261804957,79.6406826397286,69.7234356431434,63.1374684984223,73.082472584586,76.5868743950603,88.9611752511343,77.6247523345506,75.0456390828906,66.9310955291268,58.4834634424504,70.9598878301499
3.07269799794058,2.16974406798847,3.3103028197563,4.39506788069183,2.38075381535094,3.91082928210697,2.57062425631568,2.9360322963115,3.60667433132155,3.33358096854829,2.40500967083336,2.21265276419215,2.01634341334608,2.73973856919253,2.35138536895039,2.52222475345806,2.28417930828046,2.07436196643014,1.87707141353197,2.33162997581202,1.79714504845737,2.60363770168343,3.07973099959129,1.53788904407752,3.05538618922804,3.77103296626755,3.26062968329199,2.8770623667547,3.13901176884809,2.47771012656933,2.87347858973947,3.18325880945116,2.87603655864251,2.44451303595756,3.07864728413279,3.63221057272781,2.95644101669026,4.05567783981248,3.22447641907194,2.472060199952,3.40636368581894,3.80914866433435,1.0814086003923,0.960052064698098,0.908493713075422,1.47159554033219,1.02193123417792,1.04528395964644,2.67825585482951,0.715488485747294,0.993844730434496,1.69012754412892,1.14610296649822,1.22690250121922,1.1028062526985,0.970519192957356,3.84014571816682,2.54942075656819,3.10011854142457,3.2742857151842,3.60392074491633,2.26253796048274,2.41748662762607,1.64044121429181,2.54704638939166,4.06959718619765,3.60392667457751,3.41071319168646,3.41426084426779,5.3642481098119,1.54637227757519,0.935070184502921,0.881428551645834,1.35654192664278,1.40902746208751,3.88652635847694,2.88096160690025,2.7516876886419,4.10440724335561,2.93817517022767,2.80838196676938,2.92616444812034,2.89556622867485,2.91516356320705,3.11971777512868,3.70343245066724,2.9732521518832,2.83038509472109,2.27484841299902,2.48501163345211,2.95666199292291
2.92978181198985,3.6435324915278,2.98291023318699,1.96087643907789,3.59130660281753,2.38626871450594,2.53965287973357,2.75535338576925,2.5607387752383,3.13939178591441,1.83912504240198,1.53656441957788,1.02525936271834,1.49125010728201,1.65156829485801,1.82769909670874,1.70407027760606,1.69224265682459,1.21662036062257,1.34245362243722,1.49196947419102,1.74596881171713,1.48283344424766,1.53788904407752,2.71042323237971,1.43843525517422,1.1605631076124,0.827155430441977,1.52708680646664,1.351478250856,1.79592411858717,1.39267572913488,1.20418400259684,1.47446818041885,0.998480200259283,1.36952201922524,1.21735806569599,0.855785232254009,1.78705922020854,1.4394274581999,1.08863169340605,1.23797331590866,0.894958841703973,1.4837168272607,1.32144540083698,1.53557795512924,1.12412435759571,1.21949795292084,0.931567253853744,1.09026816875778,0.993844730434496,1.21342490347717,1.75735788196394,0.438179464721149,0.908193384575232,1.2559660144154,3.46695571817316,1.84342731628777,2.52672909495938,2.22049261144675,2.36753917549248,2.92799030180119,1.2453718990801,1.64044121429181,1.25193805580268,3.23566333656698,3.45218239354267,2.15023222954147,3.12973910724547,3.8114394464453,1.12463438369104,2.11407172148486,1.44233762996591,1.15100527109084,1.71533777993262,1.38804512802748,0.972792230901383,1.10782231620648,1.42921323652561,0.965975398431016,1.00598757018605,3.02706667046932,1.83621273037917,1.96604054262801,1.05455248736744,2.08810553069536,1.00633149756047,1.45320057577537,1.36490904779941,1.28535084488902,1.75209599580617
37.6344765368692,39.6051981829072,41.1368785024331,42.9060049798923,39.4987233846513,44.2453990814644,35.8970643137365,43.381909815746,44.5947247696253,38.152996009354,39.841460942604,38.6190881830187,41.1812510691868,40.0830688719878,43.8953261553703,38.8565172562085,41.4266735848915,41.5532913806917,33.901647757474,32.7848371235314,37.6471370094392,40.4764580206885,46.8518336326712,37.2608545536496,38.6733042880419,37.7099408963903,42.5539806124547,34.6624877618648,43.8952618703244,39.5367454075418,46.747904806824,38.7545180577713,41.2657059969168,32.5508251724571,39.2789629779499,44.0843183545042,37.3464585560117,39.1439886038342,44.2689533047791,38.0747337834633,37.2814214409893,37.4867842928804,41.6838267509147,36.3706996964832,34.3047226057279,43.2111636573369,39.2544225672422,37.902431911763,50.2630993347012,47.6450596835178,50.1276647442464,46.767129244158,46.3266280088246,43.0432451784879,40.1272272783358,43.2531859618948,48.1868701096788,42.1242752700651,47.6758486561594,46.954762574461,45.2199982519064,52.3750919758101,50.0273217577529,50.0149129178256,45.5878133423321,51.2262213680328,47.9834384667301,40.2986885488598,35.3916588682059,39.9024771677236,41.1124156888058,38.378939342287,39.1843069127572,37.6954226282251,35.582844382795,41.7999875697417,45.0369129330117,40.1010236744497,43.4993874809206,40.8716265768643,40.1967483357089,38.632433870753,33.8262165540793,41.4254911506942,52.5356079362972,45.548279321451,41.5560017683515,41.1097261379125,35.2480178766155,35.347148234448,39.5426165053505
0.393019511364493,0.0818771346410742,0.254638678442792,0.0676164289337204,0.282462317075536,0.0994278631044144,0.154856882910583,0.135509182906684,0.180333716566077,0.226554046406194,0.0707355785539223,0.153656441957788,0.0341753120906115,0.10404070515921,0.195948780745866,0.0365539819341748,0.1450272576686,0.163765418402379,0.278084653856588,0.0706554538124854,0.13563358856282,0.214417222491577,0.228128222191947,0.351517495789147,0.64064549128975,1.47731188369244,2.98430513386046,1.00697182836415,3.47836439250735,5.85640575370933,5.32790821847526,0.431066297113178,1.04204223139222,1.2804592093111,1.08168688361422,0.119088871236977,0.173908295099427,0.372080535762613,0.310792907862355,0.0938757037956457,0.105351454200586,0.126971622144478,1.93907749035861,2.92379492430784,4.74894440925789,6.20629423531403,0.987866859705321,2.48254940416029,0.19407651121953,0.953984647663059,5.65249190434619,0.996741884999105,1.60454415309751,2.27853321654998,1.00549981863686,5.08095342195322,0.154636740328865,1.1766557338007,0.317960876043546,0.752709359812459,0.236753917549248,3.72653311138333,1.97794360442133,5.63455895343708,1.64047055587938,0.500360309778399,0.227616421552264,1.29755393161985,0.924695645322526,0.705822119712093,0.632606840826213,1.13834631156877,0.400649341657197,1.72650790663626,4.34960651340056,0.277609025605495,0.374150858038993,0.250153426240173,0.696283371640684,2.05269772166591,0.67065838012403,0.0336340741163258,0.317806049488703,0.135589002939863,0.571215930657364,0.0393982175602898,0.365938726385625,1.73866512961438,1.92098310431029,3.59898236568926,0.657035998427313
17.5115202645423,16.7848126014202,22.5173345651555,18.7649113576861,16.2214073520522,19.686716894674,16.601586989312,21.0490930781717,19.0313384440844,20.8753371331422,21.3267769340076,18.8997423608079,19.8086943939602,19.4902920998253,18.1392585604744,20.5203088383877,19.3973957131753,21.5804609523375,18.4992339919922,18.9671032986927,24.9226718984182,19.6651224056561,19.8095141740378,17.9713319722201,21.8805075486653,20.8767495142853,18.0716255328217,19.7078772122697,19.0037469249182,13.1408735258232,18.3782901468754,22.8465137469984,21.549433345191,18.8576719916726,21.7585476973169,24.7109407816728,22.0494849190661,22.6224965743669,23.1929207492283,20.402632543933,21.948219625122,22.2835196863559,17.8991768340795,18.328266689691,19.5326148311216,20.1544606610713,22.2099721561334,17.7698273139894,16.1231002460737,19.4885435165453,16.7711298260821,20.1948573221558,19.8275813204192,19.455168233619,20.2111950641614,20.2096349592296,26.8552472371129,14.1590906634018,18.653704727888,17.8768472955459,22.0728307930248,19.763934537158,13.8456052309493,15.4058827081318,15.6276405586404,24.5510125331268,20.2578615181515,17.2778574237552,16.5022607472943,20.6570607035739,25.7963011759133,22.1977530755911,23.3578566186146,25.901729332655,23.6471565376425,19.6309239535315,20.1293161624978,18.0110466892925,19.3127019397179,19.0812340370073,18.6946023459573,20.0795422474465,17.4087091553256,19.7959944292199,19.7728591381395,24.8208770629825,18.0691394621062,16.2544972582554,14.6656949576699,14.1817043219422,18.3970079559648
46.9122380383254,41.7573386669478,45.6894543034496,48.9542945480136,39.9482419863972,47.5265185639101,41.1299881010509,47.9702507489663,44.5784947351343,41.1681067183828,55.3152224291672,47.8793473140468,51.0579162633736,53.3382015116216,46.6638025004798,44.2668721222857,46.626263340455,52.5686993071638,49.6728712951331,45.5021122552406,51.1338628881832,48.8871267280795,47.2985847344638,45.3896966437736,55.7854381646152,55.2436891243937,53.1095784007389,55.131707602937,46.7034048311047,40.0938547753947,44.4790540036755,52.2253398425581,50.2681172423605,43.7296220876853,51.6297470217404,54.5427030265356,54.0159164578819,46.8821475060892,45.8419539096974,46.092970563662,49.6907692312763,44.598782278248,55.4874481856463,43.1587041812009,35.4312548099415,42.1004289364601,57.8753722289428,47.3862061706385,52.6335498427365,44.9735619612585,44.2882057999872,54.127418015821,48.3655451862249,52.9320793383148,47.939636514364,47.2699936334524,26.030517955359,43.4578184350393,49.9728510181773,38.8774384343135,37.0914470827155,40.858773756953,51.2067622033523,36.5176479007568,54.653571677455,23.5169345595848,43.0953758138953,42.8934256824048,38.4815649322682,36.890969456952,50.3976783191549,41.4683299214339,41.5473367298514,49.041046014692,40.1879137012784,53.4199082129432,51.9695541816162,56.0343674777988,56.4355995961396,49.1439983951779,49.9221331704825,48.1303600604622,52.6498688652951,55.0152379428493,53.342779986003,58.0335744663068,51.6431027611713,50.138250249345,40.6945104992047,45.4585748809083,54.3149758699912
8.75361638948188,8.96554624319762,8.03930684797958,6.49117717763716,6.94050264814174,8.45136836387522,7.8047868986934,10.5245465390858,9.16095280155673,8.155945670623,6.01252417708339,6.26918283187775,6.69836116975985,6.13840160439339,6.57828049646836,6.61627073008564,6.27242889416697,6.98732451850152,6.84783460121849,5.86440266643629,6.98512981098524,7.01450627865302,7.45218859160362,8.83187708170231,8.13126969713914,8.16409198882666,9.1739750411266,8.95485661652401,7.72027218824801,9.00985500570667,10.6558164369505,8.09078280735503,8.62810967592754,9.07961984784238,8.57028838555885,7.14533227421864,7.02589512201684,8.48343621538757,9.36263634935345,8.98077566311677,9.97327099765546,7.90398347849377,7.45799034753311,8.46591366142868,8.67198544299267,11.9647115670487,8.8567373628753,8.4058251754901,9.39330314302525,9.67612999772531,9.81421671304065,10.1407652647735,10.2767232662674,9.02649697325567,9.86038531824538,9.07720892236586,11.9585745854322,10.0800174528927,10.8636632648212,9.55940886961823,9.96997052790722,10.3810565245679,9.23040348729955,9.91397081680702,9.23843944626806,11.7417886027998,8.08038296510537,7.63703171181969,7.61095646534695,7.05822119712093,6.5369373552042,5.97631813573606,5.92961025652652,8.09814422874629,7.5352338189897,5.31422991873377,6.65988527309408,7.64754760219958,6.11996437178917,8.77427653574839,7.62873907391084,6.05413334093864,7.52140983789931,6.84724464846306,6.45913398512557,4.72778610723477,6.81560877893226,8.12724862912769,9.14994583895162,6.12683902730433,6.71636798392365
11.5922891329282,11.5045561884173,10.658447540534,12.6114782425729,10.119414268029,10.6046444525065,10.8957302815886,11.8493746506368,10.9837660086066,10.6920563958215,10.4900862995467,8.80236293399385,8.34595296564823,8.89513348876192,10.3458156965521,11.7513741121985,10.5931534682587,7.60253660696646,7.96225885154877,9.60207617311677,8.21227470350736,11.7246400361573,11.8109584902844,8.50540520748814,12.1091853938244,7.75316602538905,8.78491007552702,8.96816302997025,12.8109857339164,8.53984090290897,10.5869726790714,10.7527829867586,9.69641137155084,8.44637456614671,8.45130282836128,8.54522195560931,7.5232728460012,11.95606385566,12.2623341797092,9.6757687902172,10.7044100898075,10.2513713428898,13.8397926879172,11.6384493479538,10.301079851212,16.6155932986464,13.6679896133849,11.8365342380463,14.4090164989828,14.0160787269868,11.537916167388,15.7706234508706,14.9127097657527,15.8708602122,13.4441812847353,13.0723226354927,9.3745946545369,9.52855813231808,11.2044113369812,10.1374896579542,9.97181194726594,9.13266793225444,8.91393251059214,10.0123972896645,8.81105369618369,12.077697157431,11.4187571478719,9.12106267989805,8.35782602503053,8.59597232193367,12.9575453413454,12.934053412946,12.7911308817477,14.3637236365915,12.3050980884738,9.40618695615877,9.37210484301874,8.15643114357959,10.8601882729325,10.8784929453306,10.6295161634783,10.8954219692426,10.0624457624779,10.5986533873017,8.94172629913642,10.1643461483792,9.72070484302613,9.88734381731639,8.6171257884403,8.90705290479928,9.66609459686316
0.101113201560138,0.0409385673205371,0.327392586569304,0.101424643400581,0.0807035191644388,0.596567178626486,0.27874238923905,0.180678910542246,0.0721334866264309,0.938581049397091,0.100798199439339,0.0307312883915576,0.0341753120906115,0.125889253242644,0.251934146673256,0.146215927736699,0.0725136288343002,0.163765418402379,0.173802908660368,0.282621815249942,0.101725191422115,0.30631031784511,0.0760427407306492,0.0439396869736433,0.0492804224069039,0.0388766285182222,0.0552649098863048,0.0719265591688675,0.0848381559148133,0.600657000380444,0.658505510148628,0.0331589459317829,0.0416816892556886,0.194008971107743,0.0832066833549403,0.119088871236977,0.0347816590198854,0.0372080535762613,0.116547340448383,0.125167605060861,0.0351171514001953,0.0317429055361196,0.149159806950662,0.567303492776149,0.330361350209244,0.511859318376415,0.37300490047494,0.261320989911609,0.116445906731718,0.507315407275105,0.372691773912936,0.303356225869293,0.15281372886643,0.0438179464721149,0.097306434061632,0.326551163748004,4.19555249302266,1.47905625738748,2.59668048768896,3.66870541972592,5.8725493948549,1.59708561916429,0.262260670512162,0.843044137083877,0.0863405555725987,5.81618824086411,0.227616421552264,0.222437816849117,0.213391302766737,1.12931539153935,0.301191145882258,1.05703586074243,0.681103880817235,1.21883236742298,0.428834444983154,0.0396584322293565,0.149660343215597,0.107208611245788,0.293171945953972,0.603734624019385,0.169760402468895,0.403608889395909,0.317806049488703,0.101691752204897,0.307577808815503,0.315185740482318,0.457423407982031,0.404340727817298,0.229506928778124,0.257070168977804,0.182509999563143
8.75361638948188,8.06489776214581,10.9130862189768,12.4752311382714,10.2089951743015,9.47878961595417,7.95964378160398,9.44047307583235,6.38381356643914,5.987499797878,7.17966122322311,5.56236319887193,7.31351678739086,5.44479690333199,7.44605366834291,5.00789552498195,5.32975171932107,5.13131644327455,4.17126980784883,4.55727677090531,4.6793588054173,5.63610984835002,4.25839348091635,4.83336556710077,4.68164012865587,6.37576707698844,4.75278225022222,4.38752010930092,5.7689946022073,4.95542025313867,4.78913098289911,8.82027961785425,6.66907028091018,6.28589066389088,4.40995421781184,3.63221057272781,3.06078599374991,6.95790601876086,6.44895283814387,5.78900173406482,5.26757271002929,6.31683820168779,1.97636744209627,3.01107238473494,3.09713765821167,3.07115591025849,2.11199121730103,2.61320989911609,2.87233236604904,4.19071827366272,3.04364948695564,3.55360150304029,2.71244368737912,1.35835634063556,2.65970919768461,4.11043422899586,5.67001381205839,4.00062949492239,5.8822762068056,5.98403941050905,7.3919834257043,4.19234975030625,4.17565872044503,3.13823536647129,4.61921972313403,6.40461196516351,3.67979881509493,4.30046445908293,4.37452170671811,2.68212405490595,2.74129631024692,3.82159118883802,2.60422072077178,1.97315189329859,2.26669635205381,7.13851780128417,7.74492276140716,10.5064439020873,11.7268778381589,10.0622437336564,8.80239123912789,10.0229540866651,9.32231078500196,7.49129241242741,10.9849217434108,8.0766345998594,9.69737624921905,7.92507826521905,4.65080119990911,6.16968405546729,11.0966079734391
19.5795174752493,16.4163654955354,20.1164555969806,21.2653668996551,17.835477735341,17.3667334222377,15.6405451739689,13.5509182906684,16.8792358705848,15.794053520889,19.3108129452208,17.4246405180132,17.9762141596616,18.9700885740293,17.5514122182369,17.6921272561406,16.5693641886376,17.6320767146562,16.3027128323425,17.7345189069338,17.361099336041,18.6849293885517,15.4366763683218,15.5107095016961,20.7963382557134,17.7666192328275,17.9058308031628,18.3412725880612,14.9739345189645,14.7160965093209,13.1102460656863,22.1833348283628,22.2997037517934,13.2702136237696,14.7691862955019,19.5901193184828,17.3212661919029,20.6876777884013,22.4159384795724,20.2771520198595,18.3311530309019,23.0453494192228,22.746870559976,20.8593130420768,13.9990622151167,13.1163950333956,16.6574791171001,15.2872779098291,22.2023528835142,18.1597791858718,12.5472897217355,18.158036948462,21.1647014480005,21.6460655572248,17.5475936091143,17.2980773803576,7.19060842529223,17.5713922914238,19.1571427816237,17.462857147649,16.8621401276742,12.5105040167869,19.1201215094062,14.9066179907386,18.0451761146731,8.20590908036575,22.1167289608283,25.4320570597491,21.3746954938015,16.1397991374165,16.0611847920877,14.2293288946097,14.7038308388191,13.3187752797655,13.6001781123229,22.922573828568,21.8129950236733,22.5138083616156,26.1289496831478,17.7095489712353,19.6167576186279,19.3395926168873,17.232150238943,18.6773851549661,21.7940847389271,25.6088414141883,23.648790192671,19.7318275174842,17.3899523127036,15.3813651105053,20.5506259508099
2.42957516116232,1.92411266406524,2.43725592223815,2.53561608501452,2.34040205576873,2.48569657761036,1.98216810125547,1.7616193777869,1.73120367903434,1.6829729161603,2.82942314215689,2.39704049454149,2.3922718463428,2.32357574855569,2.54733414969626,2.70499466312894,1.77658390644036,2.3473043304341,2.25943781258478,2.47294088343699,2.50922138841217,2.57300666989892,3.07973099959129,2.41668278355038,2.66114280997281,3.26563679553066,2.92904022397416,2.91302564633913,3.43594531454994,2.77803862675956,3.35239168802938,3.4816893228372,2.95939993715389,1.66847715152659,3.49468070090749,2.32223298912106,2.99122267571014,3.05106039325343,3.03023085165796,2.37818449615636,3.19566077741777,3.14254764807584,1.23056840734296,0.567303492776149,0.412951687761555,0.767788977564622,0.715351863924543,1.08883745796504,0.621044835902496,1.0561972884841,0.869614139130184,0.390029433260519,0.573051483249111,1.13926660827499,0.64870956041088,1.02760855724897,2.26800552482336,2.74553004553497,2.27871961164541,1.88177339953115,2.81474101975217,2.72835459940565,2.56400096869432,1.06985296584248,3.28094111175875,1.80129711520224,2.23822814526393,1.37169987056956,1.56486955362274,2.82328847884837,2.74129631024692,2.72390010268242,2.40389604994318,1.68540057552588,0.918930953535329,2.41916436599075,2.20749006243006,1.8940187986756,2.82177997980698,1.81120387205815,2.13772358664535,2.89253037400402,2.15401877986788,2.1694240470378,1.45000967013023,3.34884849262463,2.47008640310297,2.38561029412206,1.97153529126582,2.39932157712617,2.26312399458297
307.484174072984,281.125141790128,244.56226216727,250.180787054766,253.731864252996,277.967162618908,267.688704936893,273.412361378054,311.255994793049,293.35512523225,307.381456606069,313.151828709972,373.091882093206,323.115749989453,332.357124827952,320.28598970724,317.682207923069,350.075876071486,328.939384930612,309.541543152499,358.716933351519,330.876405336288,339.264687769791,311.532380643131,315.049740447336,279.367452531945,295.22514861264,266.308085322732,285.09862295173,293.94651956118,327.037781994723,261.955672861085,246.005329987074,268.85763216111,299.668870102817,317.610019589018,302.043926928684,244.605744210342,284.414359807538,257.250720301334,266.328476219081,274.195218021001,258.232915783334,255.068378098199,266.147362762323,265.84693348175,281.882698760743,259.361082487272,303.031064618174,293.656917078854,316.788007825996,280.437229638831,301.692504214548,296.034046365608,294.416833992478,257.187586133699,253.861982039887,249.372571850162,244.273443020454,254.641576424555,212.289346069159,331.594901678985,368.630082127709,386.145597138081,330.166284509617,176.427045227864,312.555282861517,260.326391652417,264.711911082137,382.790862923858,237.930461799637,238.036344794113,246.920189263331,302.426634979119,295.895767038376,333.4084397522,374.562423982836,319.195771882461,316.149297218115,313.982253465015,301.167528824447,255.518061061727,238.884213865675,287.211405477364,353.055384833224,356.002293874778,287.948035324688,338.554491401424,349.821133732294,319.53822003941,267.523157359654
29.7179917065937,28.6676411518793,34.9200570530226,35.9195374603156,30.7101101476439,33.6129148272887,29.6783216098133,28.7826021466561,35.860802208897,31.2337117834711,27.9752139622907,29.1059105485281,29.8080489585522,26.6167336008807,29.4522214534222,28.0431183204409,26.5544908791207,28.220602783826,24.2677525304298,22.3751691133379,23.7874187621474,29.1729946715683,27.301625204525,20.477212320327,33.4367666030843,26.713297753726,26.7122941935454,26.8714028726931,32.9965281707279,27.6399826937566,30.921622832461,31.2615910455663,27.9767498284182,26.1679300230124,29.8736955249242,28.0948510578715,25.4410444900951,30.5839037980795,31.1869028305829,26.5061178857132,29.2578546890727,28.5895653001614,27.6326000366449,22.5572960346861,22.1131499279435,22.9869621641368,23.9251134108287,21.6164722854883,32.1829315494898,25.2618541789205,28.2618383687745,28.3742079036658,27.9530693185695,26.510733974559,24.5267354147948,24.3406213593705,17.4278183629636,26.0746910610236,26.0036353450313,30.0760078900264,24.3288325673607,27.0433176988406,26.174054460137,26.4061109029242,27.5702662054422,19.242189646378,34.9269811657897,31.5713408047847,27.1785832768854,31.3196801920246,24.8319271918983,23.1124956473874,24.0914455631889,27.358162073896,21.6359229906715,25.6931119041109,28.7220647682214,27.594781810591,28.2592103354358,26.3292694432347,25.4254975134771,20.6577119815061,21.7227497182184,22.6616680063539,24.7705591345217,27.690643230074,23.5147651341323,24.5091132166455,25.0536638551626,19.3196800992452,23.2488537843514
0.0714580929753623,0.163754269282148,0.254638678442792,0.236657501268022,0.0403517595822194,0.563424557591681,0.216799636074817,0.135509182906684,0.360667433132155,0.550202684129329,0.247574524938728,0.338044172307134,0.307577808815503,0.41616282063684,0.223941463709561,0.146215927736699,0.253797700920051,0.382119309605552,0.208563490392441,0.247294088343699,0.508625957110576,0.245048254276088,0.0760427407306492,0.219698434868217,0.197121689627615,0.388766285182222,0.386854369204134,0.323669516259904,0.25451446774444,0.300328500190222,0.53877723557615,0.397907351181395,0.333453514045509,0.0776035884430973,0.291223391742291,0.714533227421864,0.626069862357936,0.186040267881306,0.194245567413972,0.375502815182583,0.632108725203515,0.444400677505674,0.186449758688328,0.1745549208542,0.289066181433089,0.319912073985259,0.306579370253376,0.0871069966372031,0.116445906731718,0.238496161915765,0.248461182608624,0.303356225869293,0.0382034322166074,0.0876358929442298,0.129741912082176,0.114178728583218,4.69064778997558,1.33354316497413,1.98725547527216,2.74738916331547,3.63022673575514,1.19781421437321,0.366285852670617,1.21250002795482,1.16559750023008,6.30453990320783,1.40363459957229,0.889751267396469,0.64017390830021,0.470548079808062,0.421737893884142,0.243931352479023,0.160259736662879,0.986575946649294,0.122524127138044,0.67419334789906,0.486396115450691,0.393098241234558,0.513050905419451,0.362240774411631,0.586826082608526,0.672681482326516,0.706235665530451,0.372869758084622,0.26363812184186,0.472778610723477,0.320196385587422,0.202170363908649,0.505521869555338,0.814055535096379,0.474525998864171
18.4719170341312,15.8841641203684,20.1164555969806,18.1550111687039,19.2074375611364,21.1781348412403,18.5518545726879,17.6618152027809,19.8367088222685,17.5093913008216,18.5680893704046,17.9163411322781,19.0698241465612,17.825640817278,21.1064829546261,16.522399834247,19.6149365996782,18.6146692250705,17.032685048716,17.2046030033402,14.7840611533474,19.2669189924574,19.3528775159502,19.0258844595876,18.7265605146235,20.4491066005849,23.5428516115659,21.0385185568938,21.6337297582774,21.623652013696,23.5266059534919,21.8185864231131,20.1739375997533,21.3409868218517,21.1344975721548,20.721463595234,18.6777508936784,19.9063086632998,20.2792372380187,17.5547566097857,18.7174416963041,19.109229132744,15.3634601159182,15.2299168445289,15.8573448100437,18.2989706319568,17.2025091086616,14.2855474485013,18.98068279727,16.8310148551983,20.0632404956464,16.0345433673769,17.2297479296899,18.0529939465113,17.9043838673403,16.6700943731499,17.8089979278743,17.7282797225972,17.5673384014059,19.0811822712458,16.8353080170186,20.629022580872,17.5084637576555,18.9007357298839,20.2036900039881,16.1783166828349,17.829953021594,19.2779441269235,18.7428694263451,18.9160328082841,18.4510328574312,17.5224021530765,17.1077268887623,17.9639036952392,20.4615292320533,19.3929733601553,20.0919010766939,21.7633480828951,19.2760554464737,21.8149444145671,18.8622669409883,18.1287659486996,19.4567925853639,20.711220199064,22.057722860769,22.9711307485269,19.4862371800345,21.2707483275568,18.9570701083252,21.4653591096466,19.4920679533436
55.0191586863802,51.387727243431,57.7360464110374,48.2588595764303,52.3471271532258,50.7290900345033,40.906374762128,55.3085247006396,53.8851571796764,44.9858660489649,51.4764025810459,53.163899665859,63.5305381639631,50.4909542137646,50.7241411643638,54.8379181578297,54.2108263483787,47.2659750592947,42.6140399628009,43.0100943992743,41.1610642051305,47.2437718728405,49.255544667167,48.3191555743064,51.8853855353328,49.9261438756713,46.4098133752222,52.6995110046417,47.0007625675861,37.4111704474455,50.2613310241533,60.4719696957925,48.9668149037979,42.9632866518097,46.7588277781422,46.2136273722214,49.5708204351406,52.7398113806,55.3790227785886,47.7217140245165,55.0190946132279,48.2381063979641,70.4466852247282,69.5749731286711,71.5562684553223,63.6721000852862,90.3285017889862,77.8692996438277,73.0950364206116,63.8781305899129,54.5974814193755,73.0984496496126,69.5764727872075,77.4245586983682,76.7825609893526,71.7579055526952,36.1107716015966,36.8344233094751,43.141196628985,40.4600098633192,43.6590007555317,37.0503900075875,48.058901585501,44.403890729637,43.2004969807498,41.7930952345506,45.7304152540653,49.1847086022873,43.1804414191918,33.0334162986855,61.652808362188,47.3710620991721,50.7362293807592,53.2064518761075,47.4278643738654,47.9236460902767,44.0502771203628,47.1935880324336,45.3111901069162,46.7081304321344,42.5486634425064,36.4771624013788,43.5150636494915,45.0901229276513,47.8889860388344,47.3298667195273,46.2702074110143,42.0967218545146,44.2159758425272,40.2756118240342,35.7350928944642
26.2608491684456,25.6684817099767,28.0102546287071,29.3455301572347,26.1882919688604,28.9997934054542,25.6133284334105,26.4242906668035,29.1419285970781,26.7333774759309,34.1299166522675,29.317649125546,30.3135018243724,25.2472111186349,31.9396512615761,31.2902085356536,29.476790121143,27.0212940363926,24.9928582653609,23.2103165774015,28.3135116124887,33.2040384544099,31.8999297365073,24.7819834531348,25.4779783843693,24.8810422516622,26.8034812948578,17.8377866738791,28.2935249975902,28.9066181433089,28.0762803872461,34.3195090393953,28.7603655864251,20.8753652911932,23.0482512893185,22.9246077131181,19.1994757789767,27.7572079678909,25.2130746503336,22.9995474299332,24.6522402829371,28.6321007935798,30.6896302800987,18.9392089126807,18.9544824682554,27.3204911183411,25.1054439863042,24.7383870449657,24.9970546450755,26.8478536556604,23.1690052782542,24.7452007101952,24.2209760253291,17.7900862676787,21.3749800155385,26.7749118527647,27.3191574580995,26.2394228637556,28.9079429802924,31.3503448361889,32.1722267958589,31.3428052760991,28.2040106556375,29.3852947951402,26.7655722275056,28.9875406131619,30.3109201367098,27.8418000756145,26.2471302403086,35.8087088733935,30.2245490616968,33.5405609658656,29.167272072644,31.6937522861086,34.2454935350833,29.8627994687054,30.6803703591975,26.5162631814583,28.8774366764662,28.8585150281266,29.6347171717306,25.9991392919198,24.8948072099484,24.1687397740305,32.1199111777333,29.3516720824159,28.4974783172805,30.9320656780233,26.893763460344,25.7498619259434,24.4198379415485
8.03903545972826,9.00648481051816,9.02148460768749,9.46630005072086,8.35281423351942,10.2410698997547,9.91084050627733,9.57598225873904,9.95442115444747,8.6414186272077,7.49797132671576,6.36137669705243,6.45913398512557,6.06904113428725,9.04163659727353,10.0888990138322,8.23029687269307,7.80615161051342,7.43876449066374,7.20685628887351,7.42593897381441,9.98571636175058,10.189727257907,7.73338490736123,5.56868773198014,7.1921762758711,7.79235229396898,5.46641849683393,9.50187346245909,7.35804825466044,10.1170392013744,8.22341859108216,8.62810967592754,8.03197140386056,7.90463491871933,8.33622098658841,7.02589512201684,9.93455030486176,9.55688191676743,10.0759922073993,9.34116227245194,8.69755611689676,6.7121913127798,5.23664762562599,4.79023957803404,3.5830152286349,3.8152099409309,4.00692184531134,4.69665157151263,6.06461668871516,4.84499306086817,5.80710489521218,5.42488737475825,4.16270491485092,3.89225736246528,5.76602579345253,8.58233908825201,8.00125898984477,8.02851212009954,8.54325123387141,7.83918526996399,8.31815426648065,7.25245988287822,9.62867669258236,7.68430944596128,8.2726237883362,10.6979718129564,8.67507485711557,9.63817384163095,14.5869904740499,3.76049622046693,4.39076434462241,4.04655835073769,2.5897618599544,4.90096508552176,7.53510212357773,7.70750767560326,8.25506306592571,6.41313631774314,9.33776218483315,9.89221110682944,10.0229540866651,8.58076333619498,8.74549068962114,5.84397836749457,7.64325420669621,7.18154750531788,9.09766637588921,9.35215458677376,5.78407880200059,8.17644798042879
36.8048480774252,39.680525146777,36.9829941179499,33.5485673797547,30.6750041168074,30.7722607783956,29.6210245631364,35.9112885621005,29.7640799192311,35.3388711043514,39.8425219762823,37.1270841316086,46.2337292086628,59.8286075018037,25.8490033023354,28.6784265264568,31.848710920313,58.9031456909678,66.1601628164729,74.9569578405896,79.1021870177796,29.1298049167521,31.1980552395634,30.8377511118424,36.4660341684367,35.2300007632129,35.1512459331842,62.9709832867518,26.2582576371939,22.0516201264671,27.7248779013758,32.9324703310688,33.166536957644,33.7909305157778,34.9072838344813,62.2423939963624,79.4374832189259,32.6020686240559,32.478247362751,28.5156837849653,34.5166481112519,30.734433427237,25.5562955238917,26.5982424524608,29.1486078323372,30.1216412381561,35.0917560066908,32.4652131816688,21.3810210880332,23.2748404413595,19.8321715958204,26.9432332496367,25.3059535002807,40.2463456551728,32.1935093545107,29.5837085759119,25.3336217122769,27.0607285659485,35.2594764466589,29.8942285796317,28.3099812209055,29.8262393902343,40.826221138667,43.7420083614358,45.0827210922324,29.073269012904,31.1345122220264,36.4097340509477,35.1587066960188,33.8305247458804,34.1741244379218,30.7223407402247,29.7830701107711,29.5175301771247,28.8329902187602,38.509527447672,34.5633079639261,35.9420442821881,35.802890969764,30.0011834265206,28.1253166549639,25.4091976319195,29.6611917166134,33.9440289409799,44.0548089535143,53.4771706054593,31.591947672279,36.9397602119327,33.6530963781684,35.6864808574988,31.7764510039396
14.4345347810232,13.1003415425719,17.5700688125527,15.8560525849574,13.9213570558657,15.7758876125671,13.7203198258777,16.9838175909711,13.7414292023351,11.6513509580329,13.1568176110295,13.61396075746,11.5854307987173,10.3693902808679,16.2917414848706,13.7808511891839,13.0161963757569,11.7365216521705,12.6180911687427,9.96241898756045,10.4098779221965,13.8145953348145,15.2465695164952,10.6773439345953,15.2276505237333,13.1791770676773,14.2030818407803,13.9897157583447,16.9676311829627,16.3679032603671,16.2231812045707,14.7557309396434,13.2130954940533,12.6493849162249,14.2283428536948,12.0875204305532,12.9735588144172,15.813422769911,14.7238140099791,14.6133178908555,15.9080695842885,15.5857666182347,9.17332812746572,10.6478501721062,8.71328061176882,10.9409929302959,10.662149209923,9.18978814522493,10.9070999305376,10.664185525662,13.0442120869528,9.40404300194808,10.314926698484,10.7353968856682,10.1847400984508,12.1600345941128,10.6699350826917,11.3743387600735,15.0501481327279,13.2100492647087,12.705793575143,15.4384943185881,15.1642343005635,11.197794375818,12.260358891309,12.5423650984452,10.8497160939912,12.7531014993494,11.9143477378095,9.1286327482764,10.0865646287291,8.33432120969995,7.49214268898959,9.16693483761636,8.51542683609405,12.3337724233299,12.3843934010907,11.4713214032994,11.5436453719377,14.4896309764652,13.4131676024806,12.5118755712732,13.312542295249,13.3216195388415,11.951594856831,14.419747627066,13.0365671274879,13.2219417996257,11.8292117475949,12.3822131390976,12.483683970119
6.18112504236884,7.6145735216199,8.07568380204284,6.82925932230576,5.52819106276406,6.82737993316979,6.90661697781202,6.27859214134305,6.92481471613737,8.09121594307837,6.26009870202212,6.668689580968,7.41604272366269,5.86095972396883,6.38233171572249,6.76248665782234,7.83147191410442,7.09650146410311,7.19544041853923,7.80742764627964,6.54432064815608,5.72800294370355,7.30010311014232,4.92124494104805,2.95682534441423,3.80990959478577,2.70798058442894,3.27265844218347,3.39352623659253,3.07836712694978,3.95103306089177,3.94591456588216,3.87639710077904,3.53096327416092,3.24506065084267,5.239910334427,2.43471613139197,3.12547650040595,4.1957042561418,3.66115244803018,3.33612938301855,3.93612028647883,3.54254541507823,3.31654349622979,1.32144540083698,1.79150761431745,2.38450621308181,2.7003168957533,3.2604853884881,2.8278830627155,2.79518830434702,4.81036301021307,2.82705398402895,1.7527178588846,1.84882224717101,4.3387916861623,35.4891319054746,11.6488917646269,18.9451688642613,18.0273891675084,20.3082249275577,13.774863465292,6.30011666593461,7.48897076089739,8.37503389054207,26.052093462462,7.70102226251826,5.56094542122793,5.83269560895747,16.4691827932822,7.38041314297248,8.04973463180775,6.04980505902368,6.90603162654506,5.69737191191904,9.99392492179783,8.86737533552414,6.64693389723888,9.16162331106163,7.20456651329799,6.99999684254456,11.5364874218997,9.35762256827848,9.05056594623583,6.50307367209922,8.86459895106519,7.95916729888733,6.79292422733061,6.52123211726386,7.28365478770445,7.73842398147725
67.6254381586288,64.2866510347858,66.5880144127902,67.9332119032749,62.2877831263055,71.0183397795901,64.6889851257696,69.3210776077435,74.759145539633,68.8196753795342,77.5467074128794,73.2704597218034,65.070819479887,68.6131110407463,71.499750606359,65.7350257122266,66.0269221669279,67.4385992980998,61.3833636748514,59.7921777888158,66.9429748870942,72.6105545348654,70.448656508799,63.538984348237,65.9303059213004,62.8887781225021,68.6246492022202,60.1967758996086,66.5665622754399,55.9226683779203,63.6601222315593,66.0443305596286,64.2160609179916,57.7859600623835,64.4132058189767,66.0925372034538,62.2132578556885,66.8085485183202,65.2948705039371,60.9237671683108,66.6983568259049,64.038455057623,69.0807542925776,69.371616645876,57.1066759488578,66.3900730658649,72.2260119067586,66.7505270580719,72.9366699874565,76.4179180746411,73.8917345548482,75.0074270424044,72.8753391591116,62.6018237657811,67.9798966093571,69.7432218868444,51.999954398288,58.8418077173276,62.1417436791573,63.5072177514169,58.9625109260067,65.0546208872919,65.1856954846737,64.8808764958622,64.6872076405467,54.409513658843,69.0925854014871,63.4362995278102,60.2645491186967,56.1782647002047,65.088917852609,67.3998588989705,65.2096868481254,69.0722373914726,60.4699450870745,75.4347005277813,74.7912599185626,73.1252069205649,78.4234955426875,70.8140464999804,72.1263746519264,60.3264116757831,60.2298962634335,68.7693864010689,67.8406797029566,73.3606630437863,64.5072212638499,70.7248540654349,66.8734660359975,63.0023285627986,73.6548304836992
19.2283009482754,15.0436953332778,17.9458427480261,15.6231139872808,18.3196988503276,17.628891554623,15.9967160046633,19.5467479370129,13.787594633776,17.3482142792355,16.1683848679628,15.7826677792522,17.5814893050151,18.7467478602875,16.9658052906364,15.0065062034368,15.5103026395126,15.6123032210268,15.6127152849608,22.9397061892996,17.7981785751847,15.3103086168521,13.3835223685943,18.1721363416897,10.6391503934265,9.95474949837597,9.50556450044443,14.3072715170753,10.939031823656,9.36349181468065,10.4684416872446,9.69766532720923,9.61221435925435,8.57830066649997,9.72644525077575,12.8615980935935,11.582640270212,7.64885957367203,9.51919827668912,9.31685068270518,8.99104427299199,8.96546623962161,14.6907493865707,11.0829283123353,11.9206763706128,15.9437779432773,10.0166293136672,18.8516962122235,10.2150230915287,12.9023016508401,13.8399090242569,16.2962964536984,18.0744258159991,9.56195227914492,16.3439130197719,12.2764968972676,40.2707576443436,20.3443776374141,22.2522269425109,27.6270679878766,37.367659986523,14.9720122273239,10.3834713515067,11.5779487963474,11.6205753745161,46.8807588643774,15.2639572292948,18.6391768628718,13.5681303342517,14.9817803130089,16.2776769109483,15.0973179571809,12.9533938651188,14.7316342500295,13.9022000857182,12.8279164889076,10.4388089392879,13.6426531430641,13.5595689653036,13.0157135143592,13.4219699937197,19.0725380684037,14.8531953996037,17.111671143518,13.9315171518634,11.1134492094065,10.9932567640321,9.32005377618873,10.6897654536172,12.6864128390546,13.4663178077669
11.5987203612959,12.2357190007621,11.9782034339489,11.5492241440241,11.4417414295383,12.2210100803739,10.6126518996281,13.2970644213566,11.1399350071529,9.63987467458358,11.5511199778555,11.1053656860572,11.1435440133857,13.979255947542,10.6839673067535,10.7797692723882,10.8208462627984,12.937468053788,12.4057040143597,10.8855324916206,14.7308249698365,11.0519825781694,11.5661008651317,10.5982524980428,11.8430711128271,11.3857981941317,12.8546180395545,12.0225243650762,11.0035088221513,10.1916476539552,11.9524736505705,11.3387015613732,12.5853692538626,11.0158293794977,11.2100204149943,15.2433755183331,12.4706160249897,11.025118355182,10.4469151066582,10.326327417521,12.1073402882453,10.9249557983663,9.88519330613776,9.78336692657575,8.13969071746802,9.4905115868467,12.3323254903144,10.4946509548502,10.3268111619912,10.8982524731422,10.2179661347797,11.1561418893617,11.9622586956641,13.380248134725,10.6933283938129,10.6814200589601,10.0923668575634,9.90234243708877,10.9651457777584,9.90565517513196,9.30363977996029,12.2875774824452,9.9116951732669,8.81915461509488,10.2581214075805,10.5639404335814,10.1251371520499,9.91182911879666,10.1801877506585,11.9585089002421,11.0850290924998,11.0013039968039,11.4301250681382,12.5484238947568,9.64264880576406,12.1521368037194,11.1657840564577,8.87079785651402,10.4281261175828,10.7468787972944,11.6023899761457,10.4221905464259,9.92331733636837,12.8568882312651,9.98617265849992,13.2110103123164,10.5989577863516,12.5094934372116,11.2797094753883,10.0848627289992,10.3990547551087
1.23443855614938,1.18721845229558,1.77592289736816,1.00106123036373,1.1254105747481,1.25941959932258,1.23297050173406,0.836543355810599,1.33194483055705,1.21594793192582,1.37934378180148,0.952669940138286,1.36701248362446,1.14444775675131,0.946152684172896,1.04471280367872,0.814328051809191,0.818827092011897,1.28614152408672,1.40498369906127,0.86229053928813,1.71196836643632,0.760427407306492,1.6679505175195,2.06977774108996,1.399558626656,1.04561209504889,0.783999494940656,1.93982443499221,2.2269358289105,2.19701383840497,1.76670863924539,1.32089273251277,0.846655149914191,1.37291027535651,1.30997758360675,1.28692138373576,0.855785232254009,1.37448163502127,1.65596741495519,1.05351454200586,1.16020319734517,2.1628172007846,1.60503249725437,1.63404982847248,1.76335535180675,1.31965386706842,1.69858643442546,2.28311607798655,2.40983336175743,1.67711298260821,2.01948573221558,1.91017161083037,0.832540982970183,1.49203198894502,2.42344351417881,4.44451764495213,4.2438050132412,2.82746709021723,3.82677438528654,3.60076402601567,8.66285857928361,6.39828127445034,4.34288980600992,3.30209454787404,3.73268791094686,3.17866332697736,2.28591929781943,2.30462606988076,1.86384094411973,0.623469186458723,0.569173155784386,0.876620759545948,0.986575946649294,0.539718780043084,1.8242878825504,1.66871282685391,2.90606808883584,3.10835555697699,2.32518328197332,2.0006577802075,2.35438518814281,3.31930762799312,1.45283616650063,2.9909744922959,2.48208770629825,2.13936927913196,1.5146603664036,2.26777110682525,2.68938241778946,2.8106539932724
25.8953410228767,25.3422013284321,11.6460818433514,8.87465629755081,14.0044816806051,16.2806497309272,14.9021875562513,16.53528219555,19.3764971775919,28.0855814843382,31.1455825930775,34.3671071211628,35.5652220333367,39.9006508356086,26.9978230111654,35.6814383854061,34.1238260249892,40.2704622698731,40.0893789116004,39.1137993987848,53.6580039713373,29.4413225100006,29.6452624738436,35.5265551087999,25.8135780609603,27.9822309085608,29.7872337796194,38.4422284461888,20.0095032632883,13.2429852158878,18.188520831678,16.7764371047262,16.0070191248621,22.7444477188452,25.4774704098659,31.4466073388362,34.6863572741709,12.1566152644361,13.2739650948012,14.2434476179007,20.9315780920864,12.5679685889158,25.1692258248547,25.136781377609,18.1537691456857,18.3156060598041,33.0778701878709,35.1851291516655,22.5722627138987,18.29027065732,20.3371689494724,17.2635694481845,19.362263516021,32.6347301735017,30.5328128798589,20.7913755813611,21.386261187482,17.6219884879772,25.2513929057916,18.6404709410756,14.8755116995276,26.3798617145461,21.3412789200008,32.6932801655252,35.7903187987315,17.9459228705121,20.460440133333,23.7448662189485,22.1724233139778,18.8261581250407,15.750855991838,10.5646668758665,13.4185477507829,19.7627605046298,14.5142081007727,22.9947521752255,22.6537120016869,16.9428915592469,24.0181116722792,12.6812445326525,19.4914283338422,24.5955893790456,23.6144019483417,34.305712606322,20.443818158227,25.1147877659823,17.3788875394613,21.3702161465998,25.4934678816757,26.0810539936431,19.3007974738015
16.3996323378456,16.3062407494431,13.3139651871517,16.2617511585598,11.217789163857,17.9301579798294,15.1759745252372,17.9775515989535,21.4957790146764,16.9591886166923,22.1402360873777,19.9138748777293,23.4442640941595,22.6808737247078,23.1779414939396,21.4206334134264,22.0803999800444,20.4706773002974,20.4739826401913,15.2262502965906,18.0053588817144,20.859732645252,24.4477411449037,16.6531413630108,15.0305288341057,14.695365579888,8.95291540158138,14.3853118337735,15.228448986709,9.53542988103955,14.2476646741249,19.6300959916155,15.130453199815,14.78348359841,18.6799004131841,24.2941297323434,21.1472486840903,16.52037578786,16.3166276627737,18.6812650553335,18.6120902421035,19.9662875822192,17.7127270753911,12.6552317619295,13.2557491771459,13.3083422777868,15.4652260105592,16.4196688661128,25.191131156295,19.1478347138085,17.8892051478209,23.8784686362829,21.3557186090835,12.7510224233854,18.4882224717101,11.5891409511967,24.7418784526184,16.0025179796895,20.5879667238196,23.2963546861956,22.4127041946622,18.1003036838619,19.2666358504745,17.8308827640414,15.0232566696322,22.7163580639393,22.8375142957438,14.0506554309692,11.3097390466371,22.7274722547294,18.8024811023347,16.1401244890287,16.5067528762765,21.1225910177614,17.8272604985854,22.1294051839809,23.6837493138683,16.0812916868683,19.3493484329622,17.4278061466929,20.7484936350872,17.75879113342,13.7715954778438,16.5418583586632,16.9607191718263,21.1962410474359,15.552395871389,18.9231460618496,17.895474182259,14.395929462757,14.7468079647019
24.3672097045985,25.0134646328482,25.572998706469,28.6017494389637,14.8090957666745,39.6385747576265,22.5471621517809,34.3741627306623,24.8139193994922,13.4314184655101,34.0945488629905,24.9230748855532,28.5705609077512,31.8711360137713,36.1385537061304,15.06024055688,16.8231618895576,7.26026688250549,9.42011764939193,6.99488992743606,13.7329008419855,21.2579360584506,19.8091339603341,19.1137638335349,55.7854381646152,26.6693671635004,26.6376865651989,18.6649421043211,80.5114099631578,65.1712845412782,63.4559855234133,89.8607434751316,87.7816375724802,27.3940667204133,14.3947562204047,9.64619857019516,10.1562444338065,38.7707918264643,47.9398060377683,38.8332494701321,39.5419124766199,40.3769758419441,16.6313184749988,15.4917492258102,4.54246856537711,9.40541497516662,8.99299486076568,5.79261527637401,6.13281775453715,7.90444422349391,8.94460257391046,17.594661100419,10.123909537401,3.06725625304804,4.37878953277344,12.4454814155708,11.6493011047745,27.92596274887,22.2572613230482,30.6729064123577,18.8877014222622,16.5032180646976,13.5525765488128,13.2661767764468,10.1450152797803,18.5800461697712,30.6144086987795,37.1841883832774,37.5213040698179,30.6797348034856,29.4513629229092,26.7917935472793,35.8981810124849,29.6383857305892,23.9534668554876,18.4411709866508,14.6292985493246,33.1989332824458,42.6565181363029,64.2373639956626,52.3113536496743,35.51758226684,44.1397290956532,24.5755067828501,40.7320898245674,18.0443836426127,36.0907068897822,24.7860866152004,22.2935144473904,26.0497771230841,46.9415718876403
26.5824105868348,24.7268946616044,28.3740241693397,24.7476129897417,24.3724627876605,30.2923556258116,28.5246378321295,27.7793824958703,29.3583290569574,25.0504045597706,23.2720053442404,23.202122735626,23.7860172150656,22.7502341948139,29.5602732096621,29.8280492582866,28.8241674616343,19.5426732626839,18.9445170439801,22.8217115814328,19.8025039301718,24.9030288408074,25.1321258114796,25.2653200098449,24.4923699362312,24.6477824805529,27.5219251233798,25.7137449028701,30.4993170513754,27.6302220175004,32.566090683714,24.1397126383379,25.2591036889473,20.2157347894268,24.6291782730623,23.400963198066,24.2080346778402,25.5991408604678,26.5339445087486,23.2185907387897,30.6221560209703,23.4262642856562,19.8755442761757,23.652191775744,21.1844215821678,23.8014583045033,24.866993364996,23.3446750987704,26.8990044550269,25.6894437263552,31.7409160782517,25.2219033508469,27.92670895034,18.6226272506488,24.2617375593669,19.5816519520219,22.2419178173018,26.4747540105158,26.5497331496361,27.549162569136,24.3067355350561,32.8068004269997,30.7680116243318,29.5992653883087,25.5999747272755,25.4183037367427,24.8860620897142,27.6564352282402,22.0148694021017,18.3984299204952,33.0712798454148,25.4095158832315,32.0118823984101,32.3925769149852,23.2183220926593,21.7328208616874,24.8436169737892,22.0849739166324,21.1450266019302,25.2361072840103,24.1856178332228,21.1558326191689,23.3410887457814,24.7788902872599,20.4758941297178,19.6991087801449,20.8127650631824,26.3225813809061,27.5509418907659,23.3933853769802,20.0395979520331
14.3266330606304,12.0359387922379,15.1688260748371,12.8471214974069,11.8626102819809,14.1850418028964,9.72470253301881,15.8997441277176,11.6856248334818,11.4895266391713,10.7164401509192,10.141325169214,14.0118779571507,9.88386699012494,10.7771829410226,12.0628140382777,10.5507329953907,9.38921732173642,9.76737586089535,8.44332673059201,8.78125760752839,13.2938677944778,13.5356078500556,10.6773439345953,18.2337562905544,13.295806953232,12.8192484972273,12.6590744137207,14.6770009732627,12.839043383132,15.3252191452772,16.3805192903008,14.9966549773042,13.580627977542,11.5657289863367,10.6584539757095,10.7127509781247,14.0646442518268,14.1410773077372,12.4541767035557,13.5552204404754,13.5542206639231,13.7599921911986,11.2587923950959,10.3237921940389,12.6045357150192,16.009915358376,11.2803560645178,10.8294693260498,10.45976024402,13.2926732695614,11.1375071497726,11.384622800549,12.1813891192479,11.7740785214575,11.7033196797799,22.9627827551348,14.2328277560533,20.958656111807,21.5651231586269,20.7817327626562,15.1689861203541,8.71760329356069,11.2691179068742,11.5692027439504,27.8523898570447,10.3944832508867,10.2321395750594,8.85573906481958,9.74034525202688,15.9206054941264,12.5218094272565,12.7005841305332,14.223136564194,12.3749368409424,7.25749309797224,7.63267750399546,7.89627158028981,8.75851188537492,13.121165828688,10.646701784469,9.6529792713855,9.0751283020663,8.94751830400154,10.5455248736744,13.2771993178176,10.7951924283759,10.2282030508664,8.08834991288541,8.14398295321683,9.12549997815713
27.5113657955145,28.4523042877733,24.9545904873936,27.0127633590213,28.4479905054647,27.342662353714,29.1440653637718,25.5660658417278,26.2565891320209,25.5682423801277,27.8344501609684,28.825948511281,26.5883928064957,28.4377927435174,26.9569536940384,28.0369041435121,27.5551789570341,28.768125166018,26.000915135591,25.8952238222759,27.0249925211419,26.2814252711104,29.2384338109346,28.4729171589209,35.6790258225984,37.7880829197119,38.4643772808682,38.3368560370064,36.3955688874549,40.1689369004422,37.0559009801819,36.6074763086883,39.3891963466257,34.4559932687352,35.570857134237,43.8842490508261,39.9989078728682,36.5011005583123,36.5570157873096,38.9897089764582,38.6288665402148,37.9327721156629,39.1917392762865,38.882108620273,38.4045069618247,35.8941347011461,40.2300262521374,36.4978315909881,39.242270568589,37.5461100615961,38.5735985999889,37.0094595560537,38.5090596743402,38.6474287884054,33.0841875809549,36.8797293323795,22.4481001377403,25.6903168546487,25.1454059471104,25.1781280857267,24.2804295442173,25.8860960772878,27.8377248029669,23.3941181864223,27.8448291721631,21.0151330106928,27.6553952186001,25.0984003344754,23.8286954756189,29.7386386438695,44.0716099108928,41.7529164993261,46.4753236322349,38.3120325948809,42.1482997354871,32.7182065892191,36.3300483155862,35.5575227298532,30.5631753657016,32.2394289226352,30.8502854857054,34.8785348586298,32.6633995307834,33.8294562334957,32.2517302386542,27.4211594219617,32.7515160115134,31.4172745514041,32.5050562124082,28.791858925514,30.7711859263458
21.0801374277319,20.1827136890248,25.1728522117732,25.389969064612,25.6637190942915,23.1004068612589,21.4012212182426,20.3263774360027,19.9449090522081,21.4902695448162,20.7255245162992,20.0675313196871,18.3179672805678,20.2532572709929,21.1064829546261,18.5694228225608,19.3611388987582,19.0513770074768,19.2573622795687,16.9219811880903,24.3801375441669,20.7678395498985,20.6836254787366,24.8259231401085,40.9027505977302,44.9025059385466,49.1857697988113,36.646581896538,40.2981240595363,52.4824054082413,41.1266623156461,40.7523445501612,45.3913595994449,35.7752542722678,41.852961727535,36.8580056478445,35.6859821544024,40.5567783981248,39.0433590502084,35.2033889233671,33.4315281329859,37.5201143436933,33.1880570465223,31.1144146422611,26.7592693669488,38.19750163384,31.5436107616251,27.1773829508074,30.7029040749297,27.4270586203129,38.3872527130324,30.0756029647556,29.6076599678707,33.3016393188073,30.3920429052497,40.5905380113341,38.7880490324903,28.475068757977,30.9746886745755,31.237438432217,39.6168222032408,34.0711598755047,24.6144092994655,32.6661772237238,24.7797394493358,46.0331484996127,26.0620802677342,31.2895862367758,31.759738895116,34.5852838658925,31.2437489719168,36.6710133226798,27.8851941793409,36.832168674907,38.4113138577768,22.6449648029626,23.9082398286917,19.9050654879681,25.3227268317743,21.7746954396325,20.0778352549631,21.8957822497281,19.9864693345118,21.2874734615584,26.4956312451069,21.1174446123153,23.3285938070836,24.1795755234744,24.5178106734339,25.4499467288026,24.6388499410243
19.9396662638451,17.6277377025501,22.0076934387293,22.3725859234447,19.5762526437179,19.8706584414172,17.1023941486448,21.6403648129212,16.9694027288679,17.7194392667039,16.7685762519928,15.3244642693341,14.9093216526502,12.663834631979,18.1191038287406,16.3721629684976,16.1937435912759,12.2338226393858,12.7522670142285,10.9936353359537,11.3840661720489,19.8513590789059,20.0859295365937,17.5068894809087,22.3102328320535,16.4922433500002,16.2307513845089,17.0832770681977,20.8515219607428,17.3116855722149,24.0845397129996,23.5269353175186,21.2918405055909,16.2897692500905,17.0415608179253,16.7415135184943,15.5108808399179,26.8080305211605,24.3482933842066,19.8609697330321,20.8065610331017,22.1479774797167,14.546437273346,16.5840266430554,16.7769882186887,17.7218492504874,16.7841985901381,12.2655361964846,15.2466507214063,14.3189688526198,13.1622311486919,16.6026862418264,17.5903883298147,15.7297664245598,14.561583502543,18.2497570830987,13.658290089547,15.3773215664634,16.8248997558442,14.0508256196192,12.1110151222776,17.053547150968,13.9796658530268,16.6148165595338,18.1889331397015,11.5089542719829,15.8147889694513,15.9091233907436,13.7199938113873,15.3309269882265,22.7625999259067,15.2465226344472,18.0035788167078,21.5694277069313,21.3853611506742,12.3817591263274,11.7296293995224,15.7253590975322,18.4658014808434,20.1623215037514,18.5407700800164,14.6681560628708,16.216936469743,14.4337883354557,20.8058811788899,20.0280838967733,18.6518968838753,18.6215078788979,16.7661383256724,11.9696155178882,16.8036956597785
0.107187139463043,0.122815701961611,0.145507816253024,0.135232857867441,0.0807035191644388,2.98283589313243,0.0309713765821167,0.0451697276355615,0.288533946505724,3.46304042363754,0.106103367830883,0.12292515356623,0.102525936271834,0.03468023505307,0.0279926829636951,0.328985837407573,0.1450272576686,0.163765418402379,0.48664814424903,0.600571357406126,0.305175574266346,0.091893095353533,0.0760427407306492,0.307577808815503,0.295682534441423,0.233259771109333,0.11052981977261,0.251742957091036,0.0424190779574067,0.150164250095111,0.478913098289911,0.165794729658914,0.0416816892556886,0.0388017942215486,0.0416033416774701,0.0595444356184886,0.0347816590198854,0.148832214305045,0.0776982269655888,0.125167605060861,0.0702343028003905,0.158714527680598,0.149159806950662,0.0872774604270998,0.0412951687761556,0.255929659188207,0.170321872362986,0.130660494955805,0.349337720195154,0.102212640821042,0.062115295652156,0.0433366036956133,0.0382034322166074,0.0438179464721149,0.064870956041088,0.0570893642916092,30.6696201652249,11.8057791958004,20.6144634634899,17.0488669997522,25.411587150286,10.5141469928315,1.02560038747773,7.77426488512205,3.88532500076694,46.1665779155536,0.682849264656792,0.296583755798823,0.106695651383368,2.11746635913628,0.386593069393797,1.50424334028731,0.0400649341657197,4.8506650710257,0.122524127138044,0.198292161146782,0.224490514823396,0.0714724074971923,0.10993947973274,0.241493849607754,0.0419161487577519,0.0672681482326516,0.353117832765226,0.271178005879725,0.39545718276279,0.0787964351205795,0.182969363192812,0.485208873380758,0.151656560866601,0.0856900563259347,0.0365019999126285
21.7825704816797,21.8702014339773,25.8709259602471,20.8322836723346,22.3766647587239,22.6688899353858,21.7208458245701,21.772260417617,21.412825505056,21.6828404842614,15.1278645074346,14.4274179611846,17.6224996795238,15.4649572172155,19.1184426105445,22.6382465516538,22.6028606757955,17.7996633261546,16.7323536225509,16.4821509881075,14.5304263427349,16.03840824237,16.3488090433859,18.2301367284949,18.2298138567619,18.4660097798704,16.2633576813418,14.8596674914922,16.13367211032,14.2535906190279,17.5491718454609,17.3146067971991,17.8656056487733,18.7707559726164,16.8701550502141,16.8177303960859,17.7362113840101,23.7662721413011,21.8887560096109,18.2372329763801,21.2339367656421,18.7870386415524,24.2395873280347,27.9973001431072,26.623821213363,24.2314201319395,22.7584085851422,18.3926423399454,25.0750734025857,25.0884333983275,31.9297465770343,24.7590684233778,24.0788592574833,21.1925498112384,24.066151626903,20.1656761487251,18.190177492785,21.9497282768962,23.9588819446746,18.4218088720501,18.8487685558208,17.6378143066456,20.8321415847887,24.4019196802459,22.5486994933399,21.0021236426385,27.7198865380399,26.8015325521501,22.4953554854981,21.3106519864273,15.9529387326575,10.4105835715506,12.2879153086262,15.8000137855884,12.8478799716953,18.3864423501743,19.2594154175572,21.2798372461766,18.041435089075,20.9781682256762,18.2175965730941,15.047548418903,18.2081679287061,18.8451765461042,18.9015351454522,18.3087456824422,19.9249062282893,17.4756062562636,16.6584621674571,13.4756182578165,19.4103034735393
14.8968686425738,13.7307954793081,17.765776825413,19.5019304330637,14.5286510375781,16.0861025454529,13.4914413529358,17.1590761341971,16.4637469876166,10.6881726121688,11.8980779906625,11.105980311825,10.3807510475232,9.36019544082359,13.3662261883348,14.3540176259118,13.7007250319527,10.1823878315319,8.41414641406572,8.48925277557012,9.68932448295647,13.2494527983902,15.6203195871863,11.0082097775069,16.8144801252356,12.0482559440822,9.66417479181813,8.78906589763977,15.558045222438,11.5100897697903,13.2413485263432,13.1753755765346,13.9466932249534,14.2604354123036,12.846695876586,10.118981389006,9.70234378359702,18.304129876306,19.691450151024,17.2383954879944,17.8402152543272,15.3194436407867,15.6457450505723,11.0973290933057,10.4765843185107,12.4912868408284,11.9416071151137,10.6083255854618,16.012864787701,12.4099774308854,10.5931425205187,15.1071400482908,16.2483017560453,12.3198538300998,11.029684300886,12.9752707161969,6.93829281065563,11.1582263236321,11.0894154868121,11.1476256188225,9.99969629755507,11.9249059564267,14.9151599207475,8.87692667525037,11.2894593438951,7.41066976135795,11.6975872642734,13.1023288718025,9.60972166792872,11.220689511103,10.1937563434246,10.2109664147719,9.87680757053323,11.0258083504281,7.25832929165772,10.1569210782605,9.48135689356613,8.3469051095596,11.1900067121307,16.1595609465029,16.3280165870947,14.6267861517078,12.6991766197358,12.2691099035208,12.1523992263005,13.8768401890853,12.9382210947717,12.6024918046096,12.7492615501856,9.24124412447042,9.82487829648309
36.5268760957511,29.2821290473606,48.7960461804516,48.9826934481658,49.3179205613886,33.0829643169421,29.6111137226301,32.8022562089448,41.17992551273,37.7150994025146,46.5040450865979,46.3271099373892,54.3079884431907,56.5707462209183,44.834760595632,51.6741710214269,47.7183185906996,58.9970378641852,52.1537340133512,46.4488953363279,51.9534288470741,46.5536547267355,52.3086607075026,46.2302628555794,42.2485989336627,44.9079486665392,42.161599752262,44.6117290588984,47.1025683546839,26.6549052131327,42.7884907667121,33.4414601511217,36.4560558737029,47.7397875204824,54.2819600536792,52.3080003577737,44.5838261648694,49.7724691078932,62.799980436072,49.2988258482833,62.937309910944,61.45204311454,21.4752832057216,18.2593174959535,19.1460920513768,15.9188248015065,20.8174205276937,19.2288695076626,29.1751337786095,23.808731135248,19.0197035286902,21.6466335459588,23.5520339272163,23.6836000681781,19.6299512980332,22.8962604427928,63.3863730445035,100.610732955785,100.27638134744,73.6300295768547,39.9298634942226,109.056991504633,159.518953981464,98.4485831521359,157.321989714388,36.6750764125973,107.40877508419,82.197817189949,78.0507142043042,55.3698630990944,20.460965370034,28.6363211242749,26.2625643456293,31.4072341882692,24.3755624734782,158.579396865272,150.467012465529,149.202581632801,121.672953939682,147.45896199874,132.892215506039,111.218129221196,112.865993533251,120.805394976822,118.656048894236,149.260935191509,150.213272947219,166.273802774485,190.047408206243,165.841535861243,117.273990339292
24.2821745739579,20.4807464591183,24.1306524778609,22.6170193140401,22.3802964170863,23.0344530453997,21.0128401559029,25.1234025108993,23.2132773312517,21.3828181970921,23.6981872050278,20.9605825603458,24.6369824861218,24.5990375254931,28.4271294032917,27.3423784867628,26.8826150495959,22.1285292192575,18.4373601565091,20.9012963468094,19.7299399602906,27.0006418974107,25.7750671843572,25.1321827583148,21.1097617422213,24.2644589233632,23.3881098638842,24.2744944539011,29.202990028997,24.0885981790072,29.0634400110961,22.3829516828721,21.1592927337578,21.7418093561603,26.0619973604344,22.1052762790077,22.3197384096506,21.6022517453058,25.7728903756206,23.9389303059149,28.3377853223876,23.9750991223757,14.4442628055848,14.8380410472112,14.4438111828359,15.755029819626,15.446831248344,14.2324121805526,20.1094317865228,17.1049447325986,22.4167890479066,17.5305229269495,19.3454540058456,15.1956256570647,16.0776177452233,14.0034501670888,19.8661820300493,23.1624681198668,28.0104984076595,22.8244059175932,18.0343350794514,26.6686680306783,26.0685641345678,23.8348976083494,26.9287558775378,17.2320754952282,21.801859577681,28.212529770363,25.9533615468331,16.9510240270056,21.1244996564118,15.6172982902153,17.8361073918951,19.7985238826958,19.1045745239995,23.3496951436782,27.1985224742866,29.6024417371871,23.1037816658352,27.5753777072107,25.4091502154616,22.6135333913705,29.7798393084225,29.7594133377484,24.5890882273206,25.042689027847,26.6691569555763,27.6383061092236,26.9180285100826,27.4503810937315,25.2320074396045
1.52777402781325,1.71286965669127,0.765371113490907,1.14609847042656,0.673874385023064,1.39099580483076,1.1471797886016,1.54977335517611,1.66087352957357,1.29459455089254,1.58907477221386,0.999688811377369,1.34924132133734,1.95388444288996,2.57196771070431,2.9411333864237,2.24937276643999,1.73809697397725,1.92573622795687,1.37884118115065,1.59776367327002,1.72483339978581,2.43260727597347,1.47241891048679,0.557361577422083,0.887942195356194,0.880922663587699,0.964894791250358,0.789843231566912,0.607414391634724,0.211320404620423,1.57703946851559,1.26420563512504,0.654586268517525,0.698104073347949,0.677020232982216,0.973538635966591,0.517191944710032,0.803399666824189,0.462807219712533,1.33374941017942,1.41795559029846,0.56643436689514,0.634507137305016,0.285762567930996,0.438919365507776,0.15056453516888,0.381964180254136,1.09963751256986,0.289943191129023,0.49381660043464,0.770524813708004,0.355673953936615,0.598114969344369,0.492046201571652,0.409330741970838,0.665453439215216,0.738939800826841,0.833057495234091,1.15616157667194,1.27689279531561,0.731332123108979,0.551626494121949,0.965720610500482,0.571574477890603,0.715848816522963,0.616461141704048,0.292876458851338,0.237575650413634,1.02955919862004,2.34837717244486,0.888723227531906,1.11660971519861,0.633052899099964,0.966715363119167,2.32557046592946,1.99684312935411,1.88758628200085,2.00749489991982,2.50751113842718,1.9092805759156,1.34536296465303,2.19992409812736,2.17044096455985,2.28618191323866,1.93287655350781,2.112838721469,1.40670139207638,0.89679579659117,0.685520450607477,2.59237203379488
58.9314892767813,53.4940165320726,65.5359929012808,62.2246948905456,48.7945582396072,59.2288466250893,54.2519409313621,58.6429539946968,53.1082795287098,50.7600813945833,46.2568242395519,42.527493440657,45.8079048200138,47.8136400676676,45.3873361573353,44.7618130376744,40.3777639438034,40.8884037819781,41.7825668477697,42.1261946720801,39.3720571719869,41.806457420772,44.3222718622662,41.7317177032178,47.3712988428604,50.0458838915074,41.641004301133,49.2427205709859,45.9784627888126,36.8825922871107,38.0286932110833,50.8485804074704,49.7725219571103,47.4196727181546,40.931447709379,40.4991478859151,43.5626366560456,45.82134589863,45.8749756561578,45.0531406846189,46.2700075133833,48.2993702056488,46.1974025092417,44.5350697321362,42.7504105238273,41.2501026438073,40.3615147376016,37.7709003468408,44.630610826088,44.914619338385,36.6380859874677,48.7125093840541,45.2198745775095,49.8297687280891,42.2056927098923,45.3626379724697,34.631671180351,42.6694590933928,41.3696246146291,43.8460729184355,41.6778965854612,34.2914246004812,39.6028263907471,34.6960449175823,42.8033304251158,32.4527025451473,60.5497617399281,75.4446050704098,71.5252081656974,46.167824850368,62.6836060644898,56.8571458448272,58.9463356899985,55.8204670614171,47.7384630361604,39.2023602587189,35.6049439527067,46.1722473292987,48.5961817613304,40.3479874129648,40.0902813178642,32.8635174783208,39.5488441518725,35.3433074513193,36.9374584575235,38.2533053579877,44.1944199855919,35.8832178901461,33.4741416363458,28.3137084112153,43.8151755951236
8.86080352894493,7.90114349286366,13.4230960493415,11.359560060865,10.6932162892881,10.7050665942419,9.57015536387405,9.53081253110348,9.34128651812281,7.54101325894904,4.84538713094368,4.60969325873364,5.46804993449784,4.92459337753594,6.13039756904923,5.73897516366545,5.43852216257252,4.36707782406345,4.10174864438468,4.02736086731167,4.78108399683941,7.8109131050503,7.56625270269959,6.15155617631007,6.55429618011821,6.18138393439733,6.07914008749353,4.89100602348299,9.03526360492762,10.2862511315151,7.90206612178354,7.42760388871937,7.41934068751257,6.36349425233398,6.07408788491064,4.46583267138665,4.97377723984361,11.0507919121496,9.86767482462978,8.32364573654725,8.63881924444804,8.69755611689676,6.37658174714081,7.68041651758478,6.97888352317029,9.72532704915188,6.81287489451946,6.14104326292282,6.87030849717136,8.58586182896753,10.1869084869536,10.4874580943384,10.1621129696176,6.66032786376147,6.64927299421152,8.84885146519942,9.45861395011558,8.66803057233184,8.71742735152722,9.6723152735901,10.2067244454565,9.38287801259018,8.1315459292877,6.56176485716724,7.03675527916679,10.0739209035384,7.28372548967244,7.7111776507694,7.04191299130232,7.71698850885221,10.7191714695553,9.87921977540042,10.1764932780928,9.70133014205139,9.86319223461254,6.94022564013738,5.20069692674201,7.36165797221081,6.96283371640684,11.2294640067606,8.9700558341589,10.426562976061,8.65138690274803,7.69467591683721,9.09551520354417,7.36746668377418,8.37084836607116,8.85506193919883,9.25105021286269,6.2982191399562,8.90648797868136
49.7348327108522,53.506707487942,61.1132828262701,55.6145127979851,50.6414582756854,50.5756396991121,47.1384351579816,52.8937510612425,54.6411161195214,55.5057413695177,50.5052030875005,46.9574086623,52.9033831162666,47.7200034330243,49.1551512842487,49.969293304017,47.4964268864666,49.5663333031202,47.0658276652276,47.5864481427089,48.5229163083489,49.2853301412782,50.0741447711325,49.9594240890325,42.3811632699373,44.7858760529919,47.5830874121085,48.58639071857,51.2422461725472,42.4214006518689,45.7362008866865,47.4504516283813,45.1829511531665,42.5267664668173,47.6774295623808,51.1486701962817,53.702881526703,53.7284293641213,51.1642824568403,51.5377613838095,56.5737309057146,51.0425921020803,49.6329257628328,54.7229676877916,53.1881773836883,54.0651405035088,55.2524153945528,51.3060210193126,63.2301273553229,65.9612242098458,57.7051096608529,64.2248466768988,60.0557954445068,56.7880586278609,61.7895856291363,51.0949810409902,56.5197285902002,51.1060807047438,50.5557792909238,50.4315271074347,49.5604867403093,48.8442018527744,53.6975060015125,58.9132366523928,45.4583025089732,58.14186799625,56.3350643341853,53.0514193185144,55.1616517652015,56.6069340009098,56.407443307004,50.2498586106787,56.2111026345048,58.9890201434057,51.9502299065306,54.7682949087413,56.6838549929075,59.2148896114238,55.3362047988122,49.5464881445242,49.4191393853895,49.0721141357193,51.2727093175108,52.8797111465464,56.7261358829736,52.3602311376251,52.6036919179335,56.7694381855487,51.7148872555111,47.5579812608937,51.6503298763694
11.8924131234247,8.79933565987624,13.1531790501921,15.4885572937027,12.5760293913945,14.0279457791915,11.404280285067,12.5129179496032,11.2380365489648,13.9460197994899,9.91005455540451,11.2639391341576,10.942251425172,9.34667014915289,12.4517052359109,10.7889077678717,8.27924357215623,8.52890299039592,9.00055742788581,9.24667924043997,10.694369374207,13.3009129317882,11.4170570932997,11.2591053901264,10.1906985495236,10.9157797553464,9.8366013106634,10.1768888568031,10.9318205804033,11.3374008821809,14.7421424481092,11.5422974893943,11.334918576192,9.84595528371796,10.459080097716,9.31274973073162,10.0981590632433,13.068956738126,11.5467335093562,12.2047802504719,11.9854837728866,11.5985402538427,8.4819724222494,7.29115904407992,7.51572071726031,10.5187089926353,9.68518295004886,8.79650005540796,8.01380730127683,10.6212562165172,10.2645526065188,9.46168068486324,9.54703771093019,8.02788597315617,9.48835038534973,11.3796229842465,38.5939799233776,16.9599235284254,24.2567052985687,27.8630423721778,31.3185973931397,20.7607821444531,10.1307341131639,14.7960665176016,12.3082778996518,46.3723927896425,15.6015882545973,14.1577963127516,13.6805164203755,19.2891774355719,8.1666028668215,11.7066721577224,8.18326280334826,10.5214213977036,6.73821437195673,10.2437730448428,9.17717224598043,9.61339617040985,9.90298186939273,10.2811981573008,9.80754048633878,10.1268833756845,8.93317493329468,8.37126504150712,8.85648330640755,10.119826162536,9.5866797844874,9.90230442424564,8.60549878544052,9.51031090133386,10.7845158741861
18.7577494060326,20.3874065256275,18.3703618019443,22.5500790493958,19.2477893207187,21.2775627043447,20.9056791929288,20.0101893425537,22.1810471376275,19.4189182633881,23.3073731335174,21.880677334789,22.9999850369815,19.1781699843477,19.650863440514,19.666042280586,19.0348275690038,23.9097510867474,19.8830527507461,19.7835270674959,20.7180306529708,20.6759464545449,21.1398819231205,19.6849797641922,20.8456186781203,18.1553855180098,22.2164937742945,19.3482444164254,21.4216343684904,20.947912888268,19.3361163434552,22.5149242876806,20.3823460460317,19.3232935223312,22.299391139124,19.5305748828643,19.1994757789767,19.4598120203846,22.493636706538,19.4948544882291,18.8227931505047,16.4110821621738,18.7568457240458,16.582717481149,14.4120139028783,16.5714454324364,18.0541184704766,17.9440413072638,16.923471778343,18.9093385518928,16.6468992347778,17.3346414782453,17.1151376330401,17.0013632311806,17.28810978495,18.2685965733149,19.3811381212178,23.1408960980805,20.8529341205226,22.054384242505,18.4931115596802,21.8268367952452,19.4131501915427,20.5411769441757,19.0812627815443,17.812827028111,18.9680351293553,18.4994117679516,16.3599998787832,18.0690462646296,18.732191453354,24.9216531782735,21.5549345811572,19.320445621882,20.6453154227604,22.0897467517516,23.0851079410059,28.231600961391,24.5531504736452,22.6199239132596,21.3353197176957,24.0147289190566,22.3523588140388,26.0669858151886,20.2561956948496,21.2356392649962,18.6628750456669,20.0957341725197,20.2714269691691,20.1800082647576,24.8578619405
159.601650660472,160.233552492582,113.277834952979,155.450170118623,131.304625680542,130.71449736127,135.592686676507,146.03372944577,132.761682135946,135.299047459693,108.048596241116,105.193200164302,94.7339651151751,122.109107621859,127.674626997414,146.289035700568,173.597627429315,103.718098321507,132.368295235736,133.432824524879,135.667496959961,139.800029064508,160.77906779533,131.950879981851,139.709997523572,117.485171382067,119.814324633509,116.592952412734,108.295906025259,101.66119731439,118.231671140322,97.3546652557146,117.459000322531,94.5211707236924,99.1823665590888,138.619446119842,132.066307115095,131.009556642016,122.413556584285,128.484546594974,146.543872793015,119.256508953924,153.149831786592,143.787870504438,114.305027172399,148.631149573551,129.308365497979,132.315527891912,128.86874421488,107.102834266723,87.1477597999748,147.257779357694,152.164270518747,167.458607853017,108.691286846843,122.513775769793,124.843395025504,109.115208381118,158.6889738854,108.691607911599,118.640018683012,133.223558731954,160.506460640264,162.974268463338,165.169482810381,126.324299542053,148.937011835698,128.383693291415,98.4800862268491,94.2507803855548,130.387298859181,105.053102467632,120.435192102154,144.081195541907,113.784481149287,78.3650620852084,77.2621521850521,57.428079423994,81.2452755224945,87.1792797083992,123.778387281641,98.1714718714729,119.540626808179,138.605858255275,85.6823895986045,101.450410217746,106.488169378217,120.493536889555,130.1718814105,84.0191002275789,74.683091821238
5.28575513738755,5.61308696531884,5.33904554786409,6.23153009053168,5.60647347635356,6.03759127391039,5.03687497354963,5.37610098318453,6.60021402631843,4.56538768372254,3.87843177211156,5.21602157869907,3.97663931486355,4.2972279254259,5.02748586027965,5.2491518057475,4.90409671806372,4.79778087446171,3.42183166570532,3.59000360821238,3.68177376153776,6.31458720237694,4.78651031529071,5.18180728480176,3.7881860704187,4.3845061642851,4.66656899079958,4.11851477800935,5.28923483050904,5.02299416568147,6.05226427963875,4.69199084934728,5.18478532651511,3.2997045806005,5.36974331031107,3.73581789070398,3.93276218537844,4.40022441592866,4.18249555755765,4.72820628117402,4.43354036427465,5.35121901527904,4.1626773124756,4.33419868480978,3.80865341622483,4.04880720835744,3.81759444714398,4.25517678572737,3.81632051662084,3.61696464985394,3.97724238060755,4.05847293609418,3.9288409691559,2.77367601168487,3.46118985957225,4.50435084260796,7.93569978577681,6.83048653471307,8.10031828460604,7.27305418918788,8.6031112439229,8.67882943547525,6.56384247985746,5.49975747974093,5.01940819821302,9.64194316942976,6.45292555100668,7.85168420507909,6.87368951428787,7.42242541089237,4.18574859680011,5.29737587133611,4.20040769793406,5.17212440030892,3.4386396281292,4.67533257551884,5.15243146605498,5.49551341245912,5.04402333013809,5.17078580985136,5.00143486977495,6.86303282343628,6.78374668525275,6.01506714291966,3.33326465382058,3.93391202339493,4.09942858233496,4.94266105683865,5.20889734389821,4.00044027957626,4.6784613288016
14.1161889768179,14.2290178435991,14.5307743005676,14.0466369466911,13.4109072971506,16.4191858868526,15.758236404981,15.1648326590871,14.2034441841774,13.8197968307779,12.4353147097795,12.3106468167741,11.5485214616594,11.5325653645479,15.7022155816552,15.6593603207811,14.5411579901422,13.2742789309689,10.8911854682933,12.7840445355621,11.5736141120655,16.3245020792373,15.9982520086176,13.8023344721608,12.8814096129406,13.21688739734,14.1163159322588,13.0665383714123,15.5279276770883,13.4952611560476,13.9243983327792,13.9579267005247,13.7933046084925,13.1161705007101,13.8572410459318,13.4356064529558,12.5377446268981,14.3470533784706,13.9950046410419,14.0031258161838,14.8791370482627,13.8887908882738,12.1520494722704,12.5059873045991,13.0955239222944,12.5245576965229,11.0402637665688,12.4414923296917,12.6960972109592,13.6191529717984,14.4293831799958,12.596217230167,12.7847785912877,12.8618818279599,11.1471007313204,12.8028608360363,14.0794174790426,14.0849613521723,15.9017533457311,14.9875724179058,12.4598325608001,16.5351597770809,16.9487789747748,18.6553827830507,14.1153857277863,14.7049223573075,18.4452760811903,14.1952400119212,16.6591033548279,17.1938268361866,18.513590645024,18.9400498632337,18.6506275034842,16.9485526168127,13.7196391362825,12.3611367415681,12.8296329221571,17.6065128628584,14.3379404818114,15.9293368098768,14.4375982781201,14.6341856480134,14.1278913711039,14.6188673244686,9.89345991898553,11.1532414091424,13.058523451071,13.9728025311824,13.5479861040831,11.3599307671292,14.6362069049667
4.21602748554638,3.60259392420726,5.23828138510887,3.61747894795404,4.80185939028411,3.08226375623685,3.87142207276458,2.80052311340481,2.77713923511759,5.69621602392717,7.63944248382361,4.30238037481807,7.79197115665942,6.20776207449953,9.96539513507547,4.89823357917942,7.28761969784717,4.09413546005949,7.40400390893167,12.6826539593411,5.42534354251281,7.78028207326579,5.85529103625999,9.00763582959689,3.35106872366946,3.65440308071288,2.54218585477002,2.30164989340376,3.73287886025178,4.27968112771067,6.16600614048261,4.50961664672247,3.95976047929042,7.21713372520804,5.24202105136124,3.92993275082025,2.22602617727266,3.31151676828725,4.38994982355577,4.25569857206927,2.84448926341582,3.26951927022032,6.33929179540314,6.06578349968344,4.29469755272018,8.95753807158726,2.41857058755441,4.44245682849736,4.30849854907357,7.39338101938871,7.45383547825872,8.27729130586213,5.6923114002745,2.62907678832689,4.21661214267072,8.33504718657494,50.4631229273197,21.8465747908997,28.6429755835894,28.8287684808172,41.6160775069901,22.6919248389592,7.69200290608296,13.4801473696153,6.5618822235175,44.598782278248,12.1395424827874,10.0097017582103,13.4792172914322,36.5145309931056,15.780026196165,9.31004661961604,10.0162335414299,9.70133014205139,10.4758128703028,6.42466602115575,7.29594173176037,9.36288538213219,9.4547952570156,6.07759521512848,6.53891920620929,11.4019511254344,10.4875996331272,7.25401165728265,19.4213416423504,6.65829876768897,8.09639432128194,10.9980677966305,7.38061929550794,5.69838874567465,5.29278998733114
8.79148917875882,9.25211621444138,10.4321828862606,9.69890056625286,12.1745293835514,9.07942103248477,10.6789306455138,9.93327480433633,10.0554080357245,7.84524297840879,7.04208052293573,6.53685235376822,6.0080198655295,5.9171417047548,8.36141440125574,10.7929287058845,8.42354569353648,6.09043591038449,6.00350007094642,7.28987644710319,6.14725331763842,9.5838372247378,8.77114992957673,9.67420088098705,9.26471941249793,7.83830584184396,7.23970319510593,6.05226032126436,10.2649926749128,8.48578177287473,10.4331218462457,9.19099663337158,9.20790197347417,6.98432295987875,8.45463109569548,6.44270793392047,6.33374010752112,11.535984930784,9.44072306745387,9.33531290445165,9.36644662146008,9.10989645981095,9.50110680323981,9.77027530751169,8.75168511873065,8.82957324199315,8.41287856349735,9.03996411100894,9.7108123153804,11.820210493348,10.6217155565187,11.0556009687879,11.4430740518404,10.3410353674191,9.64014842248588,10.8681022801936,8.71017212692388,8.58958685674512,10.309881405712,9.22407684982178,10.1185993761465,9.52595026597364,10.442077087934,10.0209561133913,8.28869333496947,10.4521932977309,8.40928869424839,9.00873158238925,8.50008689354168,7.7687487976311,12.1249644491691,10.6516690582507,10.8175322247443,10.5058006118817,8.63550048068934,4.560719706376,5.70617473595269,6.06300432798682,5.46985558163623,8.79560849246375,7.47951758433324,7.99952818782693,9.01192021000132,7.69365899931516,6.72277210696743,7.24927203109331,5.94284491650254,7.77547219592665,7.84367732802063,5.99016338746446,5.93120996580301
28.1902176787804,26.2825602197848,24.2634283601918,22.6176954783295,21.8706536935629,27.9392295323404,27.4716110283375,28.2310797722259,27.3385914314173,23.6910802813335,19.9120653629291,22.925541140102,20.0950835092796,19.5943328049845,23.3458975917217,25.7340032816591,23.9294975153191,19.4334963170824,18.4926294814631,20.666720240152,17.9036336902923,21.8399256623563,24.3716984041731,20.6077131906387,23.3589202208724,24.5311525949982,23.3770568819069,24.0594340419862,24.2637125916366,20.3472558878876,20.5932632264662,22.6475600714077,25.5508755137371,21.6902029698457,23.5890947311256,23.1627854555921,23.1298032482238,24.5573153603324,25.4461693312303,24.0321801716853,25.8462234305437,24.5055230738843,24.7232380020723,27.1869289230416,24.4054447467079,27.192526288747,23.3340965137291,27.3515969440818,27.5976798954172,25.3146640433447,28.262459521731,25.9586256136723,26.3985716616757,29.752385654566,26.6943984109077,26.9461799456395,17.7832251378195,20.3561441947521,21.965797186675,18.9306403992833,19.1770673214891,20.629022580872,21.7573796486347,23.0375005311415,22.5348850044483,16.6786769926133,22.5719618039328,20.5754980585433,19.6319998545398,16.9397308730902,21.789791184014,21.0594067640223,22.1158436594773,19.3615529529924,21.4417222491577,21.2172612427057,22.4864665681435,18.940187986756,23.5636951560505,22.7004218631289,22.9281333704903,21.2231007674016,21.6461231485083,24.1348425232956,24.8698628270821,23.3631430132518,21.5446425159536,21.5109267198803,20.3725313430801,18.0806018847722,22.2297179467908
8.49743912616521,7.98302062750473,7.67408222918449,8.49837087053465,7.74552025180701,6.99905871013008,7.85093424980075,7.51037061396481,10.5275217056945,9.98553141967188,7.89762734554542,7.14717574122456,8.15593823042443,7.76733224483608,7.17676405823216,8.04882128208595,7.7897765775247,7.93716394523532,7.44780224191408,7.54564918990438,7.55784263869175,7.13856195738029,8.48408858331853,7.18106304210253,9.21543899009102,10.221443170011,10.0029486894212,9.72770749479349,8.0770166338698,9.39802959220253,9.01194722707041,7.59406179729692,9.25125093030009,8.34238575763296,9.90866788732306,16.1305876090486,12.0834961600984,7.61202360063153,8.27602664523969,7.3789432373504,10.0192744659897,10.4748413978641,12.2866661980434,13.6427762266621,10.3122295467816,11.0049753450929,10.8505252007564,11.2716453648541,16.2884534336327,9.01958413485148,10.0005625999971,10.6846396411535,14.3148260515628,20.1558171977081,12.5204188707102,12.3044706857705,9.2653180247045,5.72639123783008,6.12472137478881,6.43717044511615,5.70813695211237,10.6951500296702,8.12495278393963,9.04097079667955,7.81382027932018,6.09739073495957,14.3314886223357,8.67507485711557,8.50008689354168,14.6928637920067,7.83729586134697,6.0576285865624,6.290194664018,11.6054217190845,9.51032274845497,15.3874717049903,15.4157636529226,8.64065670437306,9.36684367322941,6.94133821722554,9.98358831112134,10.8103277617283,8.26401664020458,10.383744817642,11.2924995522263,10.3617312183562,8.67366266215527,10.2856194342164,9.22274098816759,8.29008449925255,8.92583403863505
1.35770376653188,2.210682635309,0.836669943454889,1.21709572080697,1.21055278746658,2.0548425041579,1.26982643986678,1.71644965015134,1.51480321915505,0.938581049397091,1.16713704613972,0.860476074963613,0.546804993449784,1.17947479415491,0.97974390372933,0.950403530288545,0.761393102760152,0.491296255207138,0.730319822190865,0.49494145395646,0.949435119939742,0.857668889966308,0.684384666575843,0.483336556710077,0.936328025731173,1.16629885554667,1.05003328783979,0.86311871002641,0.721124325275913,0.525574875332889,0.718369647434867,1.26003994540775,0.541861960323952,0.776035884430972,0.790463491871933,0.816354212329479,0.834759816477249,0.558120803643919,0.854680496621477,0.594546124039089,0.702343028003905,0.85737587853059,1.0814086003923,0.523664762562599,0.867198544299267,0.831771392361674,0.919738110760127,1.26305145123945,0.737490742634214,0.647346725199933,0.807498843478028,0.866732073912265,1.5281372886643,0.657269197081724,0.746015994472512,1.48432347158184,0.559527272089944,1.29432130718077,1.35106875578837,1.24197044369056,0.710261752647744,0.731997575450297,1.68491492228484,0.784558841617822,1.46778944473418,0.833933849630666,0.531104983621949,0.630240481072499,0.497913039789053,0.470548079808062,4.11194446537038,3.82159118883802,2.4439609841089,2.42533253551285,1.83786190707066,1.34838669579812,1.30952800313648,1.17929472370367,1.23462035739866,0.845228473627139,1.55089750403682,1.54716740935099,1.200247513569,1.11860927425387,1.27425092223566,1.1425483092484,1.4180125647443,0.970417746761516,1.01104373911068,0.556985366118575,1.82509999563143
263.41096606857,251.048804536749,90.651369525634,120.715948657516,157.85729403843,125.007669445287,129.850903171948,142.758924192192,173.156434646747,238.477585868552,337.288105540775,325.577717858215,417.653413281275,467.059880403076,224.193397856234,307.690218612362,372.206293148012,409.490515752598,407.603624207746,383.59729067971,496.337214902813,193.004293412297,279.5574486029,327.819065016782,240.028675004634,271.852211473087,291.640666557415,282.945058091287,119.827108177201,119.905402879696,144.981362245305,104.649633360707,171.726475648974,194.336846268915,227.867742868756,323.979487867128,297.475356016422,107.866147317581,146.592856324842,141.875915741423,185.667539996458,122.677441883552,194.587544856038,204.78434204773,164.262683502728,205.929961320903,260.962744465886,252.885548357263,180.592463373019,110.478236375437,147.631907788305,139.977229936831,169.872707454111,363.408082681668,243.664392824172,196.755068669174,186.543454416721,156.10299401756,233.330289536622,111.426953725157,152.891734054679,243.415811930877,290.537938338333,319.018029413949,361.460850579684,104.799466162466,262.479290759316,314.608262827802,262.049854580122,325.537866409372,197.954278286604,108.020933922794,135.955946948612,303.934040810937,218.774793073241,297.908590726414,297.28380916003,161.084512017172,227.447926180146,114.261204982911,179.445966962349,191.279670225474,199.299704812693,291.177383813355,269.83976926132,355.844701004537,208.573638454606,220.471229590388,246.40500831175,220.402108525092,218.15201235783
0.214374278926087,0.0409385673205371,0.400146494695816,0.304273930201742,0.121055278746658,0.861708146904924,0.0309713765821167,0.0451697276355615,0.108200229939646,1.1974999595756,0.0707355785539223,0.0307312883915576,0.102525936271834,0.06936047010614,0.139963414818476,0.109661945802524,0.0725136288343002,0.327530836804759,0.451887562516956,0.459260449781155,0.576442751391986,0.367572381414132,0.0380213703653246,0.39545718276279,0.0492804224069039,0.155506514072889,0.331589459317829,0.179816397922169,0.0424190779574067,0.300328500190222,0.299320686431195,0.0994768377953487,0.0416816892556886,0.0776035884430973,0.0832066833549403,0.238177742473955,0.278253272159083,0.0372080535762613,0.194245567413972,0.0625838025304304,0.105351454200586,0.253943244288957,0.0372899517376655,0.1745549208542,0.0825903375523111,0.191947244391156,0.0340643744725973,0.217767491593008,0.038815302243906,0.0340708802736807,0.124230591304312,0.0866732073912265,0.0382034322166074,0.0438179464721149,0.032435478020544,0.0570893642916092,20.4120497234102,5.29495080210316,7.60456428537481,12.9466009887743,15.4416166223787,6.05561630599791,0.293028682136494,1.99705886957264,0.906575833512286,30.2884774185858,0.796657475432924,1.00097017582103,0.71130434255579,1.92924712721305,0.421737893884142,1.46358811487414,0.440714275822917,2.09647388662975,0.061262063569022,0.0396584322293565,0.0374150858038993,0.0357362037485962,0.10993947973274,0.120746924803877,0.0419161487577519,0.0336340741163258,0.105935349829568,0.101691752204897,0.0439396869736433,0.0393982175602898,0.0457423407982031,0.242604436690379,0.0505521869555338,0.214225140814837,0.0365019999126285
357.219006783836,358.089648352738,423.245860525984,479.197631853277,374.423977163414,356.6146023345,306.678570916119,511.953693021454,440.915937004059,316.528367693226,636.690942563854,565.670825423401,876.425878563732,717.117900427381,599.827210546059,509.635616126265,455.820670852411,625.529309824288,677.58801970331,649.42960371746,805.188798503182,489.361363789347,544.656130483275,414.87852440514,684.012263007826,678.436044271495,678.763623223596,510.606643539791,565.488728250188,442.90945565553,476.698125210321,523.148689965739,763.942000678261,816.118137861832,470.617001055542,648.260270578486,615.77449128805,508.634092387492,784.635545011999,559.624362227109,792.594107102407,645.238040832702,457.100228400304,513.627854613482,251.528873015563,281.778554766216,441.746808160642,393.02676882706,513.099480362193,346.875632066343,286.786320026004,674.750919540698,468.908927026639,726.194826882361,365.710014681634,543.262390598953,247.470330106294,329.38516174861,321.93538699409,292.728670031065,269.820548033626,296.259382354975,388.849061195127,277.448535808484,322.136612841366,158.013785828019,471.772969737326,708.09371696969,673.462951531821,510.450556975785,239.547123726193,299.791632196719,387.668302987504,503.235947453361,322.483502627332,954.61812219284,887.149099496257,457.316199370785,587.186761252562,518.648291007586,645.927852356956,440.707273146217,526.145570820186,452.189324804442,468.748580634827,782.212211441993,737.45801834863,518.566983425685,475.089453008107,470.695479398359,702.444486318623
3.7872789276942,3.19320825100189,6.32959000700655,5.27408145683019,6.49663329273732,4.37482597659423,3.84045069618247,3.97493603192941,5.95101264668055,6.2464187080565,5.16369723443633,4.8555435658661,5.43387462240723,6.31180277965874,5.1786463482836,5.40998932625787,5.07595401840102,5.07672797047376,5.31836900500725,5.61710857809259,6.10351148532691,5.574847784781,7.262081739777,5.71215930657363,5.51940730957323,6.60902684809777,5.96861026772092,5.5383450560028,6.32044261565359,3.07836712694978,5.62722890490646,5.10647767349457,4.00144216854611,5.39344939679526,6.78134469342763,10.24164292638,7.09545844005661,7.404402661676,8.70220142014595,6.97809398214299,8.00671051924452,8.85627064457736,0.857668889966308,0.829135874057448,0.3716565189854,0.0639824147970519,0.476901242616362,0.609748976460422,0.465783626926872,0.408850563284168,0.248461182608624,0.476702640651746,0.611254915465718,0.963994822386528,0.48653217030816,0.570893642916092,13.5307147787757,9.76624259054583,16.6399525129456,9.22068965770262,5.55056406698793,14.2406801042149,12.6002333318692,13.1235297143345,17.7861544479553,10.1739929654941,8.5356158082099,9.08287752133895,10.8829564411036,13.6929491224146,0.210868946942071,0.243931352479023,0.240389604994318,0.164429324441549,0.061262063569022,10.1525586507153,13.3571856319921,7.61181139845098,7.47588462182629,6.39958701460548,5.44909933850774,7.80310519498758,5.64988532424361,7.83026491977707,6.32731492420464,6.934086290611,8.00490963968554,9.54244117648824,8.34111084766308,6.76951444974884,6.75286998383628
84.1419044784891,87.3997473726146,92.7976098153661,84.892426526286,89.7826650704382,84.0165443232301,83.4678598888044,86.1838403286513,85.5863818822603,89.197564556496,84.1753384791675,81.2842577956699,87.9330780091434,86.8739888079403,76.1960830271782,69.4156461531786,74.1089286686548,84.2300135316238,84.7810588445274,94.7842912894492,89.9589776142905,78.2622862094256,75.206270582612,85.4187514767627,72.1958188261141,74.2154838412861,74.9944827157157,75.450960568142,74.8272535168653,75.7578641729835,73.4532964502151,79.3825165606883,79.0284828287856,79.8928943021686,76.7581653949324,86.518064953664,82.7020897345324,88.2202950293155,81.3500436329715,81.5154027958856,79.2594107102407,79.389006745835,72.4170862745465,77.8078559707595,86.5133785860459,88.3597148347286,73.9537569800087,74.6506961180831,83.414084522154,78.4652372702866,74.5383547825872,78.8726187260161,81.2969037569405,84.0866392799885,81.4130498315654,78.0982503509213,120.874385357063,90.0141636357537,88.4726137591167,96.6102463319291,106.039449071224,88.1724352246949,78.6049439831144,89.4397079444317,82.1098683495414,123.288780329398,84.4836284661486,87.1214782659042,88.0950428255345,101.452518747017,73.5581176582924,72.5695773625093,68.0302582133921,77.48731914308,79.2731102583144,80.6652511545111,76.2145297825429,70.3288489772372,80.8421640968078,70.9991917846797,78.215533581965,73.045809484354,71.3651140018521,72.8451918294412,79.7276832199364,80.6087531283528,78.7683108545057,78.5229693421193,71.4302401681693,78.4492465663932,75.5226378192284
18.0788975227667,17.3170139765872,17.7519535828689,18.1888193831708,17.7547742161765,19.4215759263956,18.2421408068667,16.9386478633356,18.1776386298606,16.0853372948398,18.4619860025737,16.9329399037482,16.9509547969433,18.9007281039231,16.3757195337617,16.1203060329711,14.6114962101115,19.3789078442816,18.3188265728028,19.0416448024648,19.5312367530461,15.468671051178,15.4746977386871,17.1364779197209,19.2193647386925,18.8162882028195,21.8296394050904,18.0535663513858,18.6219752233015,20.27217376284,20.7129915010387,15.9162940472558,18.6733967865485,18.4308522552356,18.3886770214418,17.9824195567836,17.1473578968035,18.1947381987918,17.2878554998435,17.586048511051,16.364592552491,17.3633693282574,14.6176610811649,14.837168272607,13.4209298522506,15.995603699263,11.9225310654091,14.2419939501827,12.4597120202938,14.6504785176827,18.0134357391252,12.7409614865103,12.6071326314804,12.3566609051364,13.233675032382,17.4693454732324,20.4893680935746,19.1402666031581,20.2965025874464,20.5866009908707,19.861023083298,25.6199151407604,19.4864073620768,23.3941181864223,20.0310088928429,21.8157095063382,17.6023366000417,18.128682073203,18.4227824721949,17.3632241449175,17.9590053145664,19.555163423735,18.0292203745739,20.4303435618625,21.9318187577099,18.0842450965866,18.6701278161458,18.3326725230298,18.7996510342985,17.629051021366,18.3173570071376,15.9425511311384,17.4087091553256,17.1520088718926,17.2682969806418,18.5171622533362,16.2842733241603,19.4892230807938,17.1877435648815,18.9803474761945,19.2000519540426
18.2929145112279,16.9485668707024,18.8068852507034,18.6621343857068,18.2793470907454,18.2947268112122,18.8925397150912,17.3000056844201,16.5546351807659,18.7068912603972,18.0729403205271,19.2377865331151,18.9672982102894,18.5886059884455,18.2232366093655,19.3005024612443,19.0348275690038,18.8876115890744,18.7359535535876,17.4518970916839,19.8364123273125,18.4092501024911,17.451808997684,18.0592113461674,18.7265605146235,19.1661778594835,22.8244077830439,18.5570522655678,16.8827930270478,28.3059611429284,23.047692855202,15.6178635338697,16.9244331053798,16.9563840748168,18.1806603130544,17.9824195567836,16.9734496017041,16.6692080021651,14.4518702155995,14.2065231744077,14.8194378908824,15.4905379016264,15.6990696815572,17.5864082760606,16.187706160253,18.2989706319568,17.1343803597164,18.031148303901,16.4968916066825,14.7867620387774,21.1813158173852,14.2577426158568,16.7334853451962,17.176635017069,17.3205452629705,18.4398646661898,20.3605041433006,18.6696043096378,18.6272079882177,18.2155665074615,19.5453511932324,23.0246510096184,19.6329217031451,23.9647064348716,19.6856466705525,20.4814153469291,18.9300990590966,23.3559707691573,19.4541737689008,25.9271991974242,13.1090195348987,14.5098499499605,13.6717581347102,12.9483982264609,15.9281365279457,18.9567306056324,17.2483545555976,16.9389605768346,16.4542754666667,15.4556063748963,15.886220379188,17.5569866887221,18.9977394027691,17.9994401402668,15.8182873105116,16.4684549402011,14.7747760778196,17.4270853689256,17.4405044996592,18.423362110076,16.7179159599839
31.7273932810609,28.7798128263376,36.7043466498253,32.2530366013847,43.6606038679614,26.9780935223311,32.9845160599543,31.0767726132663,28.8173279072592,33.6270934594337,27.268565532537,29.5634994326784,30.8261315057316,29.4435195600564,25.1094366184345,27.5251483964336,24.6546338036621,32.6439067348743,36.0467232561603,29.110046970744,36.1802597491323,27.4147734471373,28.4019636628975,31.0653586903658,34.348454417612,40.0818040022871,47.3620277725632,39.0920849082795,42.5887542692363,80.1877095507893,62.6777517386922,29.4451439874232,38.5972442507677,57.5430608305566,47.0533794372187,33.5830616888276,33.2860476820303,32.6314629863811,35.7411844041709,35.2346808246323,31.2542647461738,29.1082443766216,17.8618868823418,24.0885790778795,35.3486644723892,43.0601651584159,18.1563115938944,26.2627594861167,15.2544137818551,18.8411967913454,44.598782278248,17.2046316671585,21.8523632278994,22.3909706472507,22.8021410484424,31.1707929032186,15.3348100826125,27.8867408910766,17.2493775253624,21.7533004985801,14.4682949613429,51.1067398132571,44.2473310026105,36.5176479007568,30.003343061478,11.5416444788884,26.5931852513562,37.7402829254002,41.9669562107916,26.8682953570403,47.9375406048308,57.486488734223,52.1244793496014,51.5074858813152,81.2947583560922,32.9561571825952,37.0783500316642,30.2685645750609,32.5420860008909,32.360175847439,32.2335183947112,32.6923200410687,29.5559626024494,26.7110335791529,31.2850571252341,27.460557639522,34.1237862354595,40.0701661266943,38.5713186470723,53.9418904571759,35.0419199161234
3.53717560228043,2.33349833727061,4.11059580914793,2.70465715734882,2.66321613242648,8.51765360594483,2.53965287973357,2.12297719887139,3.93127502114049,33.5623637318891,2.75868756360297,2.51996564810772,2.49479778261464,2.53165715887411,2.295400003023,4.97134154304777,2.50172019478336,2.62024669443807,3.89318515399224,6.32366311621745,4.98453437968364,4.93159611730627,2.96566688849532,8.39248021196588,3.7945925253316,4.04316936589511,6.63178918635658,4.06385059304102,3.90255517208141,7.35804825466044,9.33880541665327,2.55323883674728,3.70967034375629,2.63852200706531,3.12025062581026,4.46583267138665,2.88687769865048,1.78598657166054,3.80721312131385,2.12784928603463,3.12542647461738,2.38071791520897,3.13235594596391,5.10573143498534,3.96433620251093,15.6756916252777,4.49649743038284,6.48947124947163,3.99797613112232,3.20266274572598,7.01902840869363,5.59042187673411,3.36190203506145,4.86379205840476,4.18417666465018,4.56714914332873,196.285569057439,60.4016610017694,119.526792652703,83.8141872151173,146.840040862211,73.066667076766,12.8932620140057,45.5044128138337,20.2900305595607,230.832889577768,16.7298069840914,10.8623800561319,6.25947821449095,16.3750731773205,4.81484095517729,8.61890778759214,2.48402591827462,38.3120325948809,6.67756492902339,3.17267457834852,3.40477280815484,2.8231600961391,3.04165893927246,3.70290569398556,4.02395028074418,3.63248000456319,4.76709074233055,3.49141682570146,5.71215930657363,3.82162710334811,3.29344853747062,5.09469317049796,4.04417495644271,6.2982191399562,2.92015999301028
6.92357462838285,7.24326071602263,7.01311297385513,8.10213859698305,7.57967451992409,7.45079263483446,5.97190083256374,7.11061852439009,7.09685308174141,6.76425652841352,5.74231426700741,7.00427525020381,5.57057587076967,4.95719279848582,6.57044254523852,6.44008053716292,5.06326413335501,3.9849585144579,5.31732618755529,3.70941132515549,5.59488552821634,7.39371845214526,7.98448777671816,5.34526292034371,7.14566124900106,5.23784816026007,4.83789021144713,5.31789015215022,8.09695360050978,6.68230912923244,8.94310346919123,7.45413104546479,6.83579703793293,5.0011632572154,5.01777903971967,5.12082146319002,5.83984054943875,7.97405796192856,7.7783695015251,7.30133932221267,6.69508491444723,7.45291679082551,8.45997135072418,8.81502350313708,8.9982172763243,9.81426260571978,7.66448425633439,6.62013174442744,8.92751951609838,9.09522148905906,9.50364023477987,10.530794698034,10.5372706739846,8.44590918250015,6.84388586233478,9.53392383669873,5.32878207173269,6.35041099532239,5.82689802089469,6.99492808073718,5.7515418369964,8.6408986520201,6.81291685967348,6.8470589813919,6.5618822235175,6.22615012134255,6.88994908038703,6.11666923365597,5.44147822055179,5.58070022652361,12.6676005393,11.6090996167308,12.779111401498,12.2027112401185,10.8366464247243,4.84507066546048,4.93542396839236,3.43067555986523,4.61745814877506,5.58132535418454,5.31035688611958,5.88024517775724,5.74769896391958,5.2842424170738,5.22882274986356,5.13398173028136,5.85501962216999,5.82250648056909,4.90356213468678,5.47045319584767,4.55398950909953
12.0406886663485,11.2171674458272,13.6049808196578,13.8613679314127,10.0879398955549,14.0524713187572,10.2515256486806,13.8219366564818,13.5971622290822,12.8488509176085,14.0763801322305,11.5856957236172,10.2184183150928,11.3057566273008,13.3525097736826,12.1724759840802,12.0010055720767,12.5553487441824,10.9148226638711,10.3156962566229,10.0707939507894,13.8145953348145,13.6876933315168,12.566750474462,13.1085923602364,11.896248326576,12.8214590936227,12.1196252199542,12.1742753737757,9.460347755992,12.8707895165414,15.7173403716651,12.4211433981952,10.0496647033811,14.1451361703398,11.9684315593162,12.6953055422582,15.053262235348,13.5583406054953,12.36030099976,12.9231117152719,13.3955061362425,9.58351759658004,9.99326921890293,10.7780390505766,11.4528522486723,11.6500160696283,11.2803560645178,14.1287700167818,13.9349900319354,15.7772850956476,14.8211184638997,14.593711106744,12.7072044769133,13.5255943345668,11.7604090440715,16.9069502759559,14.0806469478151,15.6860698848149,14.8660098562961,15.9677364391548,13.9079539335556,13.7723480604152,12.2676473416605,12.692061669172,17.8795417360815,10.88765216425,11.1589638119307,10.13608688142,10.4932221797198,9.94598533076768,8.13104508263409,8.81428551645834,9.87603629927054,8.02533032754188,10.9457272953024,10.9626201405425,12.4361989045115,11.5069988786934,12.3966842798647,11.5269409083818,10.5610992725263,11.8294473976351,11.864037757238,11.6879567349891,13.4347921880588,13.1737941498825,11.523710742793,11.4753464389062,8.74038574524534,13.1772219684589
5.71664743802898,4.05291816473317,5.63988295796721,6.52498539210402,5.12467346694186,5.84072410496365,4.39793547466057,4.96867003991176,5.00642463930744,4.54337957635737,5.12832944515936,5.19358773817324,4.27191401132644,4.71651196721752,5.01069025050143,5.44361898963731,3.95199277146936,4.60781298911495,4.68503120584887,3.9528193635395,4.0011908626032,5.50592796326585,6.06859092400946,4.78942588012712,6.4064549128975,4.27642913700444,4.69751734033591,5.14274898057403,5.83262321914341,4.42984537780578,4.84899512018535,5.10647767349457,4.69627592843844,4.61741351236429,5.32522773471618,3.98947718643874,3.61729253806808,5.3512622653379,5.82736702241916,4.66969042580807,4.90235433546726,4.5392354916651,4.06460473940554,3.18562730558914,4.50117339660096,3.64699764343196,3.88333868987609,3.78915435371834,4.5025750602931,5.48541172406259,4.09960951304229,4.29032376586571,4.31698784047663,3.89979723601823,3.5059508192406,4.45297041474551,5.25764917118141,4.23596064168253,4.8958025888805,5.41687290789036,5.6547357907096,5.65634490120684,4.83497325525215,4.67026481355772,4.66239000092033,6.73818550501578,3.14869383147298,3.89266179485955,2.7061573712535,2.77623367086756,4.00650999189935,3.7687393958009,2.8698512342905,3.12415716438943,3.67572381414132,2.97438241720174,3.10545212172364,3.84235662704906,4.1777002298441,4.99087289189358,3.92041739331253,3.30723850785831,3.36485982841983,3.65242876669255,4.35002901039069,3.4670431453055,4.09897115892698,4.10324970588994,2.9825790303765,2.99915197140771,4.19772998995228
114.286143709681,119.857071701356,100.295263817344,112.124943279342,86.8426358672777,154.590441554743,120.536261664877,140.949876600388,111.212885008599,89.7823976448617,107.762824503758,108.841618722147,114.273699802982,104.604605781173,102.512284208178,91.2709064118024,101.247516828036,89.1386090058711,90.2402082055495,91.5397928503799,97.5988785740628,103.610996562698,115.637815615395,93.6121849067379,98.9398112621168,86.7912956343606,81.2979983373476,89.8689989863374,96.1568384861881,77.4697366240678,99.1751203179934,106.309901783511,96.2705304062938,74.0361514823681,81.5733361606828,82.1105858291835,82.1914949801205,92.0724448160658,87.142834944391,77.3854976669025,85.1629550321276,74.4901241344457,103.93902827743,70.2221354977381,60.3008572536934,72.0115680299339,87.2800809174335,76.820966939299,84.8797503348839,86.7628594521388,69.8498922667624,90.550533323873,87.2535829081539,72.8482123688205,75.0128813085517,77.1517086909665,84.9942802264569,80.4095150993165,97.0586172818793,93.833125148901,106.693152943569,80.8577830889225,79.771930709723,76.2926414648487,82.6179825190861,102.539505429967,86.0386279860532,77.6233834864469,62.4969777978081,68.4275723137681,119.529656781133,101.243301294164,108.18173263691,122.600559670174,98.0205269517065,94.6551597077389,92.3086289410902,90.6391630157144,110.211763177544,114.613383513589,117.93192285291,88.6984348966097,95.4106728240001,101.945981585409,110.967921864457,121.399303697223,97.6571530637157,100.234044722269,100.036711722567,89.1386526427719,86.8459232121249
22.0448216828993,18.5451709962033,21.025879448562,23.3276679821336,19.4091963590475,20.8467086308922,15.8263734334616,19.1067947898425,21.3154452981103,19.9367560837451,26.7734164826596,21.6962896044397,27.7845287296671,36.2061653954051,26.0331951562365,30.6322368608385,30.7457786257433,32.3709643708703,33.9958489339679,33.3847019263994,39.8084582431877,24.7192426501004,29.2004124405693,20.080436946955,31.7365920300461,31.2568093286506,31.8325880945116,32.4029149055748,29.5660973363124,21.5485698886484,28.0762803872461,33.0926280399193,30.8861317384653,26.5792290417608,25.6276584733216,33.1662506394982,34.6077507247859,34.5290737187705,33.0605955738581,30.7912308449718,33.5017624357863,29.7113595818079,19.2043251448978,15.8408590675186,10.4063825315912,9.78930946394893,14.0345222827101,10.6706070880574,10.8682846282937,10.0849805610095,9.19306375651908,11.1808437534682,11.9958777160147,13.5397454598835,12.52009451593,11.8174984083631,26.4686553862908,16.4731802732098,27.1326614223826,26.3824630614267,27.9106562799725,25.4202794383649,18.0945211219285,21.8963240342428,25.2977827827714,35.0585790384732,26.5173131108387,37.3695532306517,29.6258258674486,27.7623367086756,40.3111136904259,33.4185952896261,35.0968823291705,37.6954226282251,32.1013213101675,10.0335833540272,10.7381296257191,16.5458623356,16.7474474126207,17.951042820843,17.395201734467,18.5323748380955,15.7490553413291,21.3891652137633,15.8182873105116,15.5622959363144,15.1407148042052,16.6992720588544,13.4974339171275,12.0394529137938,14.1627759660999
11.2546496436196,9.33399334908245,18.1157231235015,15.8560525849574,16.18105559247,11.7987730883905,11.0877528163978,14.2736339328374,11.3249574003497,13.625607648144,12.697036350429,11.4935018584425,12.7132160977075,11.1670356870885,12.9326195292272,10.3082229054373,10.9495579539793,12.2824063801785,11.2971890629239,12.0467548750288,14.8179695504881,11.8848403323903,12.0147530354426,14.8516141970915,13.4042748946778,12.24613798324,15.5294396780517,12.0836619403697,16.6282785593034,22.7498838894093,22.8681004433433,12.3019689406915,14.4218644824683,16.9951858690383,13.271465995113,12.7425092223566,10.4692793649855,14.6227650554707,12.664810995391,11.4528358630688,10.078622451856,10.348187204775,8.7631386583514,10.6914889023197,11.686532763652,18.1710058023627,10.2193123417792,14.1984404518641,5.8222953365859,8.48364918814649,19.6284334260813,9.18735998347001,8.74858597760309,7.97486625792491,7.97912759305382,13.587268701403,32.834534529829,19.8070381856451,19.8460580130513,24.8394088738111,32.5931226492798,24.5551913946509,16.2630918585754,17.8308827640414,12.8647427803172,39.9287527203163,13.6190492228771,25.3949840902742,23.7931302584912,24.750828997904,18.4158880329409,21.1407172148486,14.2230516288305,22.9378907595961,30.631031784511,14.356352467027,14.853789064148,12.1145730707741,14.9151227504083,17.629051021366,13.7065806437849,11.9064622371793,13.2066069454194,12.1352157631177,17.7516335373519,13.7893761461014,13.1280518090843,15.0819091475852,13.8512992258163,11.782382744816,16.0973819614692
34.7286331860261,31.6864511060957,33.7214364166383,31.914954456716,34.9042720386198,37.4843043903642,40.355703686498,35.0065389175602,38.0504141954423,37.9639852049237,36.5702941123778,39.3360491411937,40.6344460757371,38.148258558377,40.309463467721,37.2485075909241,36.0392735306472,39.0853465253679,36.4638502369452,37.6593568820547,38.8251147261073,39.2383517159586,38.5536695504391,36.1623623793085,36.418232158702,31.5678223567964,33.545800300987,35.1720874335762,37.3712076804753,34.6879417719707,34.8409279005911,36.1432510656434,32.3033091731587,35.7752542722678,38.8575211267571,38.8825164588731,36.1381437216609,31.3663891647883,36.6735631277579,36.3611892701801,36.1004316394007,33.5839940572145,39.0425794693358,32.6417701997353,32.8296591770437,35.830152286349,38.7311937753431,38.5448460119624,44.3658904647846,39.692575518838,45.0335893478131,39.8696753999642,42.0237754382681,36.4127135183275,40.5767830037005,34.5961547607152,30.9015752757182,31.4167080924787,28.6694723232597,30.6729064123577,26.621662728871,28.2151792719024,34.2110986394356,37.6588243976554,29.6148105614013,22.9832168958211,34.5597600056854,32.6612861073454,34.3915649625724,37.879120424549,35.6719968577003,38.2565671137934,37.3405186424508,38.5586765815432,39.023934493467,42.0775965953472,42.4287073016218,39.20261551221,41.923588271418,39.0415056865869,40.029922063653,38.9146237525889,39.054832303834,37.6937428172818,36.7775179969395,38.7678460793251,38.3320815888942,39.665825398877,34.8810089993183,41.0455369801227,37.63356190992
68.5640402098601,65.6654619821415,67.5156267414032,68.3940178664582,60.7293981712402,74.1400432548583,66.9601161705362,75.9754818830144,66.1824739797504,69.3255382002955,71.018520868138,79.7169620877005,79.3892499864905,71.0251213886873,75.8321781486501,75.5570806579393,72.4411152054659,77.9523391595326,69.1387970650943,62.1767993549872,71.3771759811842,80.927185974678,77.0312963601476,71.6656294540123,74.0191944551696,68.7338792202168,71.2917337533332,72.789677878894,70.7974411109117,54.6597870346204,67.3471544470188,74.4749925627844,65.4402521314311,61.5008438411546,70.8920942184091,69.9051674161057,70.7458944464468,74.2300668846413,73.9298629577578,70.1564426366125,72.0252775218005,69.7391634628547,58.2469046142336,50.0099848247282,47.7372151052358,55.6007184586381,58.8632390886481,52.8739469587823,59.3485971309323,67.6988391038035,65.1589451391116,59.0244542334253,58.3366409947595,54.9477048760321,60.8489567665405,53.7210917984042,92.6789530370998,79.5419276049274,90.2478953170265,88.2551724380108,89.5718988061322,74.397571759403,80.5096304170016,73.4632369878506,83.361806405344,94.1678103002948,76.2515012200084,68.4367016505784,64.7642603897046,69.8293350435164,66.9508906541075,67.8129159891683,63.3426609160029,67.827096332139,54.2169262585844,73.9629761077498,74.4186056639558,79.4058447293806,69.0419932721604,72.8103956567378,69.2873938965638,64.9137630445088,59.8534726537057,65.9640499302432,74.65352816822,73.9898525782241,66.6923328837801,71.6491769692253,64.8079036769944,66.1527234836215,67.893719837489
147.811065319537,149.671402123884,156.239017701685,163.699374448537,151.924374827056,143.043552386217,144.016901106843,131.985944151111,146.899845514727,130.042022637156,186.494352857416,184.449192926129,188.647722740175,185.019054008128,173.470656326019,172.973442512515,166.346264545885,176.975828820171,184.300604343454,175.54347499712,160.929252829786,165.621988858851,169.955525533001,165.564740516688,166.124303933673,157.800235155464,138.93598345417,149.679169630413,133.95944818949,122.684192327706,116.615339433593,179.190943815355,164.892762695504,173.327614787658,152.101817172831,135.046779982732,141.491788892894,171.119838397226,150.967654994139,168.851099227101,156.868315304672,178.299900396384,184.361521391018,192.839548813677,187.025819387209,150.422657187869,185.548647752237,173.996225782813,168.924195365479,140.34408860574,114.913296956489,157.57189103725,154.685697045043,208.441971367851,158.771664910563,203.694851792462,74.1483169876908,133.432760213,123.76627099995,125.928275896624,117.193189186878,119.115969096003,145.708512192371,98.1411787332839,153.124975308004,68.3492183157293,125.530456486074,132.090990238901,125.438520809713,85.4985861011248,117.207989675301,97.5725409916091,108.816761843436,106.591309569234,104.268032194475,141.065043439821,133.422195976705,122.610915061433,143.25114209176,125.81829564564,140.502930635984,126.800459418548,131.642328054876,128.26719678111,155.194974390908,169.412335509246,172.357140127629,130.965961740023,119.555922149837,118.295122757953,154.768479629545
96.7899869351283,94.8955990490049,121.499026571275,105.346396278736,101.363620070535,94.9536092647157,89.6621352052277,100.005776985133,97.0556062558628,97.0945913169405,68.4366722509198,64.1976614499639,69.1024810472164,78.5507323952035,71.3813415574226,74.4239072179799,76.3568511625181,75.4412694106961,76.4732798105618,73.6936383264223,68.3593286356614,69.1955008012103,73.0770738421539,65.8216510865177,100.088537908422,108.504670194358,99.2557781558035,92.9291144461769,111.816689495724,124.4110812038,116.555475296307,108.031845845749,111.248428623433,105.812492842163,96.810976083473,93.3656750497902,94.2930776029092,108.461476174802,112.46818353269,98.6633646892236,102.647433542771,106.116533207248,67.121913127798,71.6111562804354,91.6339795142892,87.2080313683817,80.5622456276926,69.6855973097625,74.9135333307386,74.683369559908,95.0364023477986,79.3059847629723,84.6206023597854,79.3543010610001,76.8072119526482,78.6691439938374,86.4161650537808,85.6605374206911,86.4323648045039,94.3144827845011,86.3888739146367,111.529812404973,112.010213746675,122.462502823436,92.1253727959628,97.5035456988174,79.5519393325162,89.7165861291439,86.9925210945731,82.534133198334,83.9961305319249,82.530107588736,78.6074008331421,82.5024135385472,100.408522189627,104.975870111107,104.724825165114,101.490818646013,97.8827834553824,110.926174919828,89.7843906391045,92.5273378940122,86.6198043773098,82.3025247844966,115.121979870946,98.3379510304832,99.5810759176881,103.592094466792,101.711000154534,103.556433069892,87.0207677917064
0.285832371901449,0.204692836602685,0.436523448759072,0.0676164289337204,0.121055278746658,1.42513270449661,0.154856882910583,0.0451697276355615,0.685268122951094,3.20412151345904,0.106103367830883,0.215119018740903,0.0341753120906115,0.13872094021228,0.167956097782171,0.219323891605049,0.1450272576686,0.0545884728007931,0.382366399052809,0.211966361437456,0.0678167942814101,0.153155158922555,0.0760427407306492,0.307577808815503,0.147841267220712,0.155506514072889,0.165794729658915,0.143853118337735,0.12725723387222,0.525574875332889,0.53877723557615,0.132635783727132,0.0416816892556886,0.155207176886195,0.0416033416774701,0.0595444356184886,0.0695633180397707,0.0744161071525226,0.0776982269655888,0.219043308856507,0.140468605600781,0.190457433216717,0.261029662163659,0.0436387302135499,0.247771012656933,0.70380656276757,0.0681287489451946,0.130660494955805,0.116445906731718,0.0340708802736807,0.062115295652156,0.0433366036956133,0.0764068644332148,0.0876358929442298,0.129741912082176,0.0570893642916092,31.33971270665,12.3941070627007,14.5202133393219,18.7800985273208,22.8599060389218,10.5141469928315,0.659314534807111,4.7786765807631,2.41753555603276,45.7662896677309,0.56904105388066,0.185364847374264,0.284521737022316,0.376438463846449,0.105434473471035,1.95145081983218,0.0400649341657197,1.72650790663626,0.122524127138044,0.158633728917426,0.149660343215597,0.0357362037485962,0.10993947973274,0.120746924803877,0.0419161487577519,0.0672681482326516,0.247182482935658,0.169486253674828,0.0439396869736433,0.0787964351205795,0.228711703991015,0.202170363908649,0.151656560866601,0.128535084488902,0.0365019999126285
27.562101041527,31.543575506147,20.6079082463752,20.8772485975755,19.9886476266482,19.6244087671286,18.4713289935744,15.4765037797724,20.8278229285157,32.858751593479,30.7406214058563,25.946734101876,29.368554445067,31.3315115563455,21.1171201741523,25.3527452500856,30.3875612993018,28.0568373654236,34.3309409418651,47.5606589020674,34.7591588249653,22.4767448131563,23.2812455020956,27.7351698146334,21.8129933699679,28.8375167359617,29.2047416294178,32.3133663394096,15.2958953206613,15.1801040421148,13.0366131768243,15.2017187624259,17.6446926957181,27.4441210349591,23.6802060493992,37.9345690438267,38.291476231582,15.3081374023454,15.762639304509,19.6732183254408,25.2759208918045,22.3781135448536,21.7139388968426,33.593967292995,33.269039772822,24.7567157574233,27.6657223716646,46.9746256115277,22.8179635771026,19.6956944686093,15.4959028063434,21.3892141200069,21.7618210935461,50.3902002634674,32.6690134622919,37.7018161781787,23.9496228863335,21.4794582019539,27.2677947947011,16.3085773443766,20.9208914541935,24.4380717825788,34.8806691781175,33.9264640174863,43.3248273807743,20.6095075862324,40.5460718925099,38.1588367507713,40.9245396967761,30.9046567856339,21.2847600560877,18.4822720250814,17.5099788277862,20.0192702507586,18.1825804672857,45.8015233816838,38.5304295117136,23.3239481005962,34.812336257372,19.3855162875131,23.0794506675058,24.2528581638002,29.326436011152,32.3413669262307,36.6768961137698,39.893059172847,34.2033779084484,32.1030364257822,38.8660378970231,39.0082558909736,35.043745016119
73.5671785895301,74.182321527506,80.814677377389,78.8820021583676,76.2228597804292,79.2231270429663,74.6701306568884,77.1105971384961,69.0995521789232,73.7886529144975,106.634238347931,115.887688524564,104.786974919749,111.175123114327,104.974800528494,108.048087500131,100.692424999309,115.945916228885,105.568581931942,108.137465505471,111.061190406865,112.815315303625,108.133157532687,103.166869839157,79.0457975406738,87.7270560827942,84.6138929305259,88.3632164701371,77.6697559307912,69.1506371687987,72.7349268027803,87.1669107076336,75.8819321068737,84.2449035420575,88.3654977229466,89.6554612664022,80.6791884459359,84.280706316661,86.253190245635,85.5051202072006,85.1173027353073,81.6770353768785,106.916258024165,101.844941346987,86.8061613326688,91.8269218925808,109.751326825772,101.806737854714,105.433617332099,107.324294988502,95.160632939103,97.4332527228103,93.586565866701,103.588254536868,100.264225302325,100.76272797469,91.2364499777321,101.035897894265,100.919192251841,101.089243377493,103.862891389222,85.7102615618166,91.8644918497908,79.8110312518493,96.5287411301653,94.9173500443428,102.315857651958,116.344987913846,117.514946085813,99.7580751116283,95.3366624984695,104.76851588974,96.0560803116547,93.1085160383383,85.2688284198146,116.517663642816,106.361735169035,109.78411944995,110.196371650382,96.6051871483392,102.022648591905,96.3996288470248,99.1823243957655,107.012264680257,101.164538303768,114.373813541872,104.342853594781,93.5183495739517,87.9608053026289,97.1875196334669,111.988135731944
2.77293129790893,2.10055788921676,3.89342539339029,3.42274363262493,6.17906494482526,3.26222818845584,2.02088232198311,1.99559856693911,2.54090206641603,4.56927146737522,1.27571615921999,1.63521185531478,1.54062306904477,1.96532892045748,2.02778995389008,1.94503737871744,2.01189063200766,1.3559776643717,2.58583967504895,1.53675612042156,2.13860260766427,1.41117163431242,1.80297338272369,3.23000638943252,2.65867878885246,3.36127330168549,5.94429370737095,3.32552446317259,4.99908833728037,17.1172228683417,12.0680114355329,2.07674478370756,3.63672738755883,3.76804223685459,2.8976727478358,2.9391133421286,2.05976984715761,2.24438979172008,3.07335336762387,2.36691941170088,1.92758044035672,2.40325537813961,5.15682742580177,5.63550561977783,6.9541064219046,11.0702374081859,4.07716498062517,4.12538736073794,5.4426816806405,4.53244920280774,6.53515025556333,4.32239285260047,5.93490319484996,3.26794244789033,2.81248029916137,4.45925024481759,16.058252299451,8.86492429845449,9.10904916385419,11.1623034513389,14.4333079935273,12.9270771824523,6.71548482286309,8.2849413674842,4.2078069758306,22.2143298864617,3.06144086987795,7.19067315934246,6.08378604187967,6.24746685561164,2.18811677276889,3.2955125719916,1.87423762027237,4.86423049029212,10.413938186098,1.92462371609067,1.66983527942803,0.926639763201098,2.59640404635486,4.80975250468777,2.30916063506455,2.37322026964795,2.835183079272,1.5324947057278,2.82312488805659,2.46435850839612,2.1178703789568,4.44896102817373,5.12346414794335,5.16325434391919,3.64326461127945
33.3805762620459,33.6085168417949,38.2201743256412,31.8757369279345,31.7112373028788,36.0906571758507,33.1864494352697,37.8590072177459,32.6797154486714,32.3088725579874,25.1917689461939,24.3032247986955,27.6191202191486,24.9690756335093,32.9202349457944,29.9640300710818,30.9379397421542,26.841697960878,26.6314720882108,28.6924732387122,25.9433146523534,29.5776306014417,30.5315406170593,30.6668257295149,28.4801417173979,31.7322704954285,30.4819136968903,30.5101675010461,33.5730034401691,33.2388567585528,38.4704905442557,33.819472134744,28.6853385457649,29.2317196947459,33.373368626833,27.4601073741784,30.2743038274984,29.7396530624341,32.9075300667358,32.712553582656,30.9013373746018,28.7447881082331,30.1481801808678,30.4921263494159,35.9280356903186,32.0417535062156,33.6998856657405,28.3202267466875,32.0439727674566,37.9883500875485,39.5985009782494,32.2341991948341,32.7965004549909,25.3802309555784,34.7685619545617,30.2625011173391,31.3969283005717,33.5488082821256,35.8413448498186,32.7925359695896,32.7775276450598,31.0992497191765,30.7562904770464,32.0513683860197,29.9312486975749,35.5983010259542,27.3257307680519,30.612633814165,35.514714519468,24.4233275343576,35.6245513446384,35.3480922877352,31.5307025390798,31.7513025496631,33.162380251183,28.3335703219414,31.0657457429776,35.5786070900648,29.780039805072,39.4407755179384,36.7692648517875,30.1758186156852,32.9752025771151,32.3586545241056,33.5778299915188,32.7422826856544,32.3915237894315,35.007011532966,35.987596371775,34.5403763541394,30.6087520267346
3.43534781979054,4.53722141613513,3.3103028197563,4.77642453987801,3.36210860839052,3.38087877176044,3.25880824397032,3.52865912289006,3.51434346843971,3.72195933381605,4.24130529009318,3.10785519503822,2.80305909767195,4.34057821924224,3.08983234553267,2.88557133388376,3.23048216456807,4.04063875671471,4.06976890919117,3.46918278219304,4.0252658245731,3.28793495174941,3.27896298030559,3.61975141288874,4.25832130018056,4.4303805859366,3.70330161148129,2.91302564633913,3.64804070433697,3.00328500190222,3.06205062219112,3.56458668766666,4.4607743841438,3.56394479924924,3.36987067587508,3.27494395901688,4.0044124029594,3.99242414873284,3.41911047762074,3.8898962462789,3.58510998644594,3.87199961729586,4.07914782058323,3.3374900867323,2.86464585800191,2.67574458681271,3.93579782656389,3.12844778422515,2.35802961131729,3.27148592387882,2.73307300869486,4.05587273987245,2.55007910045854,2.98005853956854,2.83713126245698,3.20899316683135,10.3565379556252,5.68913047292639,6.94426553279105,6.54857143036839,8.4444861191649,4.72471162336101,3.43869158487175,3.13966183709241,4.6779313009234,9.51618594490545,3.98328737716462,3.40144494931775,4.16504257783542,4.18364297757348,3.4111566650329,3.47724142958847,3.59142069861512,3.08346090659015,2.82601899243898,3.00888525324128,3.31310584793529,2.75526130901676,3.69543237874982,3.27264415193441,3.02844174774757,2.69846176635282,2.73842879309432,2.665001852783,2.79939745709082,2.48957336763471,2.85706660625576,3.23553450399402,2.6089983687751,2.0604174043571,3.03477627273594
66.4570983384816,58.8287212396118,66.9150432298188,66.9740728588501,66.5610344660626,66.1155518499114,61.1340905216743,68.3219232324449,62.3211684406375,59.982449326504,70.3819006611527,68.0698037873001,63.833331429086,65.9368373017009,65.4967197447946,60.7892719565327,62.1441799109953,65.3527737523815,61.7949289625591,62.4103156298374,66.1552828215156,66.3896982897491,68.3399913083381,64.0201239205984,65.1487184219269,59.829187458118,70.8601148071212,63.1867629642584,63.3571348371826,56.6870044109044,67.9685441920499,69.4030001930589,66.0929873851752,63.1918260333297,70.8733727146543,73.336117796443,67.1602532180868,65.2499031540106,74.1614036741152,66.4627466112665,66.2239241104882,65.3672130833649,60.697600242433,55.6830197524897,44.8878484596811,54.5769998218852,65.1893340719542,56.3582268242704,62.5042812033618,60.066961922499,59.7549144173741,59.955757846844,56.5792831127955,63.5991202274865,58.598258946695,63.3069669566083,41.1627539081406,48.5566599481756,51.6951390967465,44.3326995195543,45.0540074497135,52.903461134817,54.5033348773878,43.2548686443222,54.0763850634522,40.3957556761094,60.8278331349244,62.3441298470811,57.5068221826079,64.272632769063,56.0893826453663,53.1611793025158,53.4109643856626,59.0712348056265,53.2201924843165,62.4604444239473,62.7899969961039,60.9441645108184,61.8596470612205,58.0688060971818,61.7533853188455,56.6000926044354,59.3308582612132,61.8058741825849,54.5335455029888,61.9733962223358,58.471519395527,58.9100179986135,58.0657585027348,50.5609892848361,57.59504558214
129.58925161082,128.424285684525,156.85742592076,168.229675187096,131.183570401795,123.157979765335,107.563590869691,121.822755433109,143.076770723526,115.639658258476,158.659902696448,140.349794084244,173.952338541212,181.793792148193,140.747209941459,125.928467763232,126.790080016774,146.297107106126,130.734547894329,121.986641007256,142.110092416695,128.344023177101,131.325813241831,108.267388703057,172.925002225826,144.465551573714,132.469988997473,144.967980004853,139.092156622336,108.568752818765,125.834416575674,148.41944199066,151.137805241127,145.118710388592,152.434643906251,160.055442942497,153.108863005535,144.776536465233,144.285607475098,131.770196227821,161.7847165007,151.604116840507,123.131420637772,104.776591242733,91.84045535817,100.196461572183,135.474017277519,105.443019429334,121.53071132567,101.429010574747,99.4465883391017,130.356503916405,115.947416777403,121.857709138952,108.172319198514,118.003715990756,69.1741685071123,96.4465483138642,96.925073713941,100.035073919076,77.4974490111205,104.010200948074,129.445420333796,106.343384804743,119.1067964124,52.0374722169535,143.436281648185,140.617773218117,121.277390405762,127.80085847587,155.058965651403,117.249670091584,119.153114208851,142.847975608596,105.432011402287,156.174906119206,150.296399674264,142.944814994385,146.989084402673,131.815392910899,144.820293958033,102.113049017165,105.052555247655,120.030164852513,147.241891048679,158.696020332847,138.050384528977,134.40285792647,121.780218375881,106.255669844159,139.766157665455
8.50351306406811,10.0704781751789,8.29394552642237,9.06060147711854,7.42472376312837,10.2079272787199,9.04364196197807,9.21462443765454,8.98061908499065,8.12358080685069,10.044452154657,9.00426749872638,7.79197115665942,9.39834369938196,8.92966586541875,8.51707779066273,8.55660820244742,9.82592510414276,8.20349728876936,7.84275537318588,9.01963363942755,9.74066810747449,9.01106477658193,9.35915332538603,8.87047603324269,8.63061153104532,8.34500139283203,8.5232972615108,8.35655835760911,8.33411588027867,8.85989231836336,9.91452483360309,9.08660825774012,7.79916063853127,8.73670175226873,9.52710969895818,7.68674664339466,7.92531541174365,8.85759787407713,9.07465136691241,8.95487360704979,8.25315543939109,10.925955859136,11.4769860461636,9.45659364973962,10.1732039527312,12.0587885632994,11.1932490678806,11.8774824866352,13.6624229897459,10.37325437391,11.5275365830331,12.1104880126645,11.7432096545268,11.4821592192726,13.3589112442365,7.1132900551278,9.72702073275247,8.92940126888959,9.44650246564636,8.31269310506249,6.12216154012976,7.61874573554883,6.06250013977408,10.5767180576433,8.17255172638052,7.09404513837889,6.5248426275741,6.25947821449095,6.16417984548561,8.18874410625042,10.8956004107297,8.9344803189555,9.08472017539559,5.81989603905709,9.35939000612813,8.71771499230854,11.0067507545676,10.2243716151448,8.97552141042152,10.7305340819845,12.1419007559936,11.5116413481464,10.6776339815142,8.17278177709766,8.31302390522114,9.83460327161366,10.4319907776863,9.90822864328463,9.25452608320094,11.2426159730896
37.1342698860417,33.6101543844877,35.0280966065905,30.4219837058595,29.9878136511222,34.7785408090827,33.492446635901,32.9201491980736,35.672533808802,35.30780083513,32.4676305562503,30.1234235071726,31.7468144134526,30.6486577281506,33.7574960932385,34.2880005940753,31.7457415673683,27.4492676631508,28.1011494838429,29.194833515319,27.1758848884181,31.1560476692975,30.2783182904262,30.428233229248,29.2967183166803,33.5711350243404,33.1766307029465,34.0557872352754,35.0780323260979,33.8530285414418,38.4884497854416,32.0879119781863,37.4905954010291,29.8168507516068,34.5648883324757,35.0252279195074,29.3891106054423,32.4681196311814,34.9836266912564,30.7971763062122,33.994104898417,33.0135740447304,33.0586609139926,34.9088022343292,31.2146051262082,32.7775512763817,33.3834276268901,30.065850959297,34.5984078081281,36.7689532825534,38.1946952965107,35.4051384872421,37.8485223313151,30.341737034616,34.2392149532664,30.6706900720241,41.5684176236033,33.5166463587351,36.8582897183646,34.3220413887285,36.8623219025095,37.4496614123785,33.600133837181,33.2688610611484,32.6047840008804,42.9495946972184,31.2976373241389,33.4739255982341,32.1225041098195,35.9155232875099,43.0415151050808,37.6300700901765,40.3974731192952,45.3224768424464,39.7756200134589,30.6412944933677,31.6280944826102,32.0417950050663,30.554380207323,34.6507450109686,30.0283098085659,30.9282128536674,31.6393578157642,32.2247603837025,30.566643243215,32.1607649944645,32.1719605536002,32.8563232017058,36.0265215557307,33.3158654492418,29.6137075091164
1.70320364606776,1.7607677804563,2.29465826231019,2.16913504019375,3.58485032128437,3.07033241266432,2.15560781011532,3.35114209328231,2.30574690001386,1.5234141377628,0.91956252120099,0.853715191517471,0.788082696809501,0.736954994877737,1.17737224545302,1.8273335568894,1.35672999548976,0.445441938054472,0.715372772046074,0.7277511742686,0.934176341226424,2.07862181689692,2.91433803850213,1.12046201782791,2.58771498058652,1.80659692724178,2.08238180451597,1.08033691871639,3.05671875761072,3.16245910700304,2.33889184377336,3.02741176357178,2.81559810922177,1.06937744874588,0.673142068341467,0.641889015967308,0.801369423818159,2.24699435547042,1.72878554998435,1.6212334045508,1.61468662138098,1.80839332839273,14.8216371171699,20.3814689462385,15.4489355908476,9.77075456365779,17.3724903372799,16.7977132315183,21.8778569567552,11.0324917414205,13.2367695034744,13.3485406703228,9.52373361727805,23.9486986443344,12.9219700886045,28.1313551483333,1.36905060771155,1.39080707735243,1.93293715894806,2.03382069021326,1.38658877711343,3.14293140804705,1.85633670133469,1.82231621848503,1.80192739480013,2.18290524479323,1.89642415223295,1.33759273865269,1.16653912179149,0.50489808963405,10.6246318916762,9.85523319240665,10.2045387320088,5.52729174110267,7.27364480754998,0.411257942218427,0.661124566154901,0.942721054887966,0.705078530019303,1.49283448032527,0.821975677139514,1.02415755684212,0.706235665530451,0.994545336563893,0.674474195045425,0.53975558057597,1.12846354749167,0.906127571038565,0.92712710876449,0.317481658687588,0.828960418015794
6.10966694939348,6.9595564444913,8.07568380204284,6.72783467890518,7.02120616730618,8.45136836387522,7.49507313287223,7.76919315331658,7.21334866264309,7.41155380385979,5.02222607732848,5.83894479439595,7.1426402269378,5.86095972396883,4.67477805493709,4.60580172370603,3.87947914263506,5.40425880727852,4.34507271650919,5.89973039334253,6.23914507388973,4.41086857696958,3.76411566616713,4.92124494104805,9.65896279175316,7.93083221771732,8.89765049169508,6.32953720686034,8.73833005922577,11.0370723819907,13.7088874385487,7.5602396724465,9.37838008252994,6.79031398877101,8.27906499381656,6.7880656605077,5.87810037436063,7.10673823306591,7.49787890217932,6.07062884545175,5.05686980162812,5.93592333525436,6.78677121625513,5.89122857882924,3.75786035863016,6.14231182051698,6.2337805284853,5.83616877469261,4.69665157151263,5.07656116077842,8.50979550434537,6.02378791369024,4.92824275594235,5.38960741607013,4.28148309871181,6.45109816495184,25.2573342537146,13.7668720854682,15.3681090087714,17.4252216796584,20.0714710100085,16.3035823623021,9.01063197569718,11.0551473137057,10.101845001994,24.6844419490677,6.48706801423952,7.00679123074719,6.11721734597979,6.72883754125528,10.5083025226132,11.4241183411009,7.81266216231535,11.5511600420188,8.76047509037014,11.5009453465134,11.7483369424244,9.11273195589202,13.1560910746845,11.5917047811722,10.8981986770155,10.2920266795957,10.3110407167446,8.64379893741624,11.4243186131473,16.6260478104423,8.41659070686936,10.2298204137776,10.41375051284,10.2828067591122,11.498129972478
76.6745337625638,80.1986533809321,81.8481466423261,86.6504536785627,77.1122125616213,87.5296621529194,75.7250157432753,86.4548586944647,82.1600412675048,70.6201327511881,73.706472853187,78.7950234359537,82.15745026583,71.857447029961,76.8679074183068,81.0767319299997,75.3416603588379,77.570219849927,69.9730510266641,69.3130001900482,80.6002600034559,82.183058277843,78.8563221376832,73.3792772459844,81.6083795058328,70.9887236742737,63.444116549478,71.8546326096987,75.6756350760135,60.8916034135676,69.9811764876133,85.1853320987503,74.9436772817281,70.7744726601047,70.9753009017641,78.8963771944974,72.2762874433218,80.8531004212158,74.3572032060685,71.1577834770994,77.503553140231,77.3574607915234,82.5226631954539,72.8330407264148,65.9070893667443,75.5632318753182,93.302321680444,81.4885953541035,74.758272121763,73.6953140319713,67.4572110782414,72.6321477938478,75.4899820600162,71.9052501607406,75.185438051621,64.2826241923519,72.5246312142378,65.5789462304924,69.6864253328772,75.158029577274,74.4196480829803,63.0848819569893,60.0708798379812,62.0514720188641,61.0859430676136,88.5971321847619,72.3440859833612,71.8844878117397,62.9859995333152,70.7704312031325,60.378808474413,53.2176900658401,54.8488948728703,60.3044547389381,51.1538230801333,48.8988469387965,49.3130830895393,58.9647361851836,63.325140326058,64.2373639956626,69.4131423428371,68.445340826723,61.2306322014901,60.6421815648536,58.1761455531038,64.7312714515561,55.6226864106149,59.721125498615,57.2756278206198,48.4148818241531,51.8328398759325
557.194479975388,638.559773065737,705.567401010914,633.227856964292,654.868706259839,651.749642649436,643.771033635877,694.078034848038,698.829218436863,683.157544505993,573.31186417954,523.261647443052,554.221036173447,522.423060839446,503.616359199839,548.675268831964,528.7331246453,605.877459616003,493.009330705999,611.593608200874,509.812751010501,477.90535790194,512.604115265306,495.991186558486,650.35373450391,578.911875264846,536.069625897157,746.957316968689,595.691111755862,356.114519100556,538.058865928715,576.866182375227,489.426395240296,574.03374371359,716.534353711068,723.048081715308,823.629685590885,714.95274946786,829.27317640373,791.434766799823,848.88690079692,766.210253830854,482.867585051031,512.711441278998,486.291907508008,448.58071014213,745.771350328572,663.929528368762,553.739101811563,593.378450846423,506.612351338984,564.762619361232,494.619836908416,705.907117665771,825.969447793153,607.887550977054,128.477358423232,326.914184707628,339.741196052529,265.894581353751,203.713593055709,305.708805601697,421.375244912278,301.698536367581,412.535174525877,114.015435921505,582.318678471208,392.343235952368,350.032866971704,396.813195702138,479.902578415663,523.029474940438,579.138623365479,543.274487954878,443.659864366857,836.634286310504,843.148958590871,1025.48610276972,700.680950829993,871.672050159188,733.951764748235,449.822107231741,522.437833576151,535.983328621277,1048.66456931297,928.891775418951,842.34520579891,899.536817175143,814.597940601472,860.970840934829,713.395086292412
1.39343281301957,1.1053413176545,2.00073247347908,1.35232857867441,0.968442229973266,1.12684911518336,0.960112674045617,0.542036731626738,1.29840275927576,1.74770264370493,1.02566588903187,0.76828220978894,0.717681553902841,0.901686111379819,1.23167805040259,1.13317343995942,1.3052453190174,0.655061673609518,0.973296288498059,1.44843680315595,1.79714504845737,1.34776539851848,1.36876933315169,1.71364779197209,0.64064549128975,0.660902684809777,1.38162274715762,0.827155430441977,1.10289602689257,2.027217376284,2.81361445245323,0.630019972703875,1.62558588097186,1.00884664976026,1.2481002503241,0.89316653427733,0.52172488529828,1.22786576801662,1.28202074493222,1.28296795187382,1.12374884480625,1.07925878822807,1.93907749035861,1.8328266689691,1.98216810125547,3.07115591025849,0.851609361814932,1.43726544451385,1.59142739200015,1.77168577423139,3.22999537391211,1.34343471456401,1.68095101753072,1.40217428710768,1.20011268676013,2.5119320288308,11.855483425213,4.82428850858288,7.12762297130949,6.84965517429337,6.97108757228342,5.92252583773422,2.05120077495546,4.27941186336994,2.28802472267387,9.44013117781913,1.93473958319424,1.59413768741867,1.351478250856,3.0585625187524,2.24926876738209,2.35800307396389,1.52246749829735,3.16526449549982,2.87931698774403,0.991460805733912,1.42177326054817,0.821932686217712,0.952808824350409,1.12697129816952,1.29940061149031,1.44626518700201,1.8715245136557,1.25419827719373,0.878793739472867,1.06375187412782,1.14355851995508,2.58778065803071,2.37595278691009,1.49957598570386,0.98555399764097
11.4690239225457,10.4802732340575,9.74902368895262,10.0410396966575,11.4195479617681,11.367919014938,12.4504933860109,11.744129185246,10.3150885875796,10.9069590912696,9.44319973694862,8.14379142376277,8.20207490174676,9.91854722517801,9.88141708618438,9.68680521255633,10.2606784800535,10.2626328865491,9.83724463017682,10.2097130759041,9.83343517080447,9.86319223461254,9.4292998506005,9.62279144722789,12.7143489809812,11.4686054128755,11.3845714365788,11.7240291445254,12.0045990619461,11.2623187571333,10.7156805742368,10.6108626981705,11.2957377882916,11.7181418549077,11.6489356696916,12.9806869648305,11.3736024995025,13.5809395553354,11.7324322718039,10.7331221339688,10.9916683882611,10.8243307878168,10.478476438284,12.0879282691533,11.6039424260997,13.5002895221779,8.7545442394575,11.7594445460224,13.4689098786354,14.2416279543985,15.9015156869519,11.9609026199893,14.2116767845779,13.1015659951624,12.9417557301971,13.6443580656946,8.50502071808758,11.2566731866934,10.6251926077885,10.9142857172807,9.60168665616395,13.3755920605009,13.4793193782787,11.4830885000427,12.260358891309,8.30598114232143,8.64942401898603,8.93458564343954,10.6695651383368,10.4932221797198,8.85649577156698,7.56187192684971,7.05142841316667,7.93371490430474,9.74066810747449,9.28007314166942,12.7211291733258,14.3302177031871,10.9206549867855,12.1149414553223,12.7425092223566,12.1755348301099,12.0413180972942,12.2708047660576,10.3258264388062,11.149695569562,10.7494500875777,12.5345625623362,13.446881730172,10.2399617309492,10.6220819745749
1.30875497284376,2.13617444278563,2.24918706973112,1.34015762146634,2.13702918747434,1.82947268112122,2.14693582467233,1.858282594927,2.36273235444874,1.69365332120516,2.01207353196632,1.77534653038028,1.6988547640243,1.19750851638251,1.60286102650118,1.96112113076848,1.60581431053558,2.07436196643014,1.94415933627487,1.67842030531559,2.42987573910292,2.24739880202957,1.8801567645653,2.42591011781485,2.26394260537316,1.50335922479965,0.933976977078552,1.78234013620454,1.55423501635938,0.906992070574471,1.28588166890841,1.78826195410105,1.7643859061933,2.49689545815665,1.81681793105512,1.12003083398377,1.97733731528048,2.37945502620191,1.4945253956831,1.34805510650547,1.75129234032774,1.82045563249646,1.05344113658905,1.48677153837565,0.940290993033062,1.87596440184956,2.19885537220615,1.27437536080228,0.965336566805942,0.693683122372138,0.830481502869325,0.663483402579839,1.03722318468089,1.25056419231416,1.52900843388844,1.23370116234167,0.837615676781353,1.34648637804594,1.62398517439241,1.23519605945224,1.46892652843889,1.30827930303208,1.73253208313202,1.82302945379559,1.7907031225757,1.30293824666295,1.47002272252504,1.56929879787052,1.40126955483491,0.788168033678503,5.81998293560116,4.68307541534311,4.97526352469908,4.66280456785123,5.00204749041064,2.03646049497746,2.11133329191404,2.43327811324191,2.66603238351893,2.31230360999424,2.48311265240922,3.2130631003326,2.35035229488534,2.75584648475271,3.12455114069578,1.60193152600138,2.68736252189443,2.22872609172895,2.51749891038558,1.98372480394539,2.44088873415747
25.6177263316674,25.4908083278056,27.2463385933788,24.8818316011751,25.0713552636246,26.6798099330179,25.9540135758138,25.2498777482789,24.9498910217831,25.9242558816231,31.831010349265,27.3815779568778,24.0935950238811,24.9122000480223,28.625037671845,26.1795963214367,26.7575290398568,26.9667055635918,26.268571614928,26.5311229065883,26.9168247342631,29.0314793047238,29.0863483294733,26.3831456464544,30.0610576682114,25.6523545614637,24.5376199895193,24.3662008168414,27.0039850276851,28.2308790178809,26.2204921313727,27.1240177721984,27.5515965980102,25.6091841862221,26.6677420152584,21.9718967432223,24.6977604368402,24.6313593869492,25.2130746503336,26.9110350880851,27.1104408809507,25.6165247676485,30.6150503766234,30.7216660703391,30.6823104006836,30.6475766877878,34.8025494674185,32.7382936161264,33.1094528140518,32.7537000423002,30.6849560521651,32.3988782888774,30.6773560699357,32.1461600703377,30.0352526470237,32.7122057390921,25.9274267951397,25.4942075656819,26.0727918355708,25.2789911399416,27.4353070255153,24.1559199898598,25.0539523226702,23.1801475932538,24.9843665660429,31.419291718685,25.0757424410077,24.1345031281292,25.8459545911072,20.4688414716507,32.5370785131615,32.7681116830154,33.7687297615769,34.8590167816084,31.2436524202012,26.5711495936688,26.9762768646114,25.6868258924534,26.277367980787,25.6369870743592,28.5394482046905,25.7519288471648,27.2250317883661,28.4736906173712,22.8486372262945,26.7687249391633,25.9121212153661,25.8753805359402,24.6047604349974,25.4071017006396,27.4316179543395
88.8938676613507,92.5211621444138,93.9616723453903,100.511821609975,113.065630349379,92.1033438557225,102.081657214657,90.9718314580208,107.370694843442,100.881280378301,92.7697112734691,88.7519608748184,88.1039545695964,90.688814663778,91.2001610957188,96.8680521255633,95.8267605045277,92.4182844517428,94.8963881285608,99.3768957872608,120.883435806614,97.2228948840379,95.0914472836768,99.2597528734603,128.76974374924,124.521841143866,124.124987604641,131.877346236119,128.741901600729,105.715632066958,116.435747021735,130.513611187498,118.375997486156,142.092170439311,147.650259613342,131.355024974386,145.213426408021,136.888429107065,128.202074493222,156.772425338728,146.578989944415,147.57276783742,124.958628272917,97.3143683762163,131.814178733489,98.9168132762422,103.623827145641,79.354473936492,139.114043242159,108.038761347841,78.6379642956295,101.407652647735,121.143083558862,128.079857537992,109.177819017151,65.881126392517,42.1900573197254,54.8713790529061,47.879608584224,49.3400985357067,34.6712959255454,53.5023682420035,69.0082546431443,54.9904424443037,71.964853069761,34.59157608268,124.733799010641,96.6121584514666,112.13712960392,119.283938231344,4.28766858782211,3.00848668057461,3.56577914074906,3.00083517105827,2.94057905131305,22.0104298872928,24.6191264589658,18.5113535417728,22.3910073722346,22.4991769884557,20.6646613375717,20.8867600262383,17.4440209386021,19.1519466652556,19.7289194511659,15.0107208904704,18.7543597272633,16.3757994766006,18.2493394909477,17.7806866876314,28.8730819308892
62.6330184929051,61.7353595193699,72.0263690452469,68.1573603651902,82.9228659414609,67.6440895320366,74.1454755375873,65.9026326202842,70.7268836372155,76.704727140383,68.259833304535,68.284922806041,65.2748460930679,63.0139870914282,70.2336415559111,66.6013550840665,65.4072932085388,59.2284929888606,63.7509068966229,64.5437570577054,60.017862939048,74.6784554906378,71.4801762868102,79.2671953004526,60.3685174484572,64.8462163683946,64.2730901977725,61.605097928135,77.6693317400116,95.279216685348,77.3444653738207,68.7384949165859,73.4014547792677,80.3585158328272,70.434457459957,53.1136365716919,56.728885861433,77.5043755993522,70.0838007229611,78.0107098541815,70.3396542545911,77.7383756579568,76.369821158739,93.3868826569968,100.471145632386,92.582554211334,75.8613619504742,77.6558875020666,84.1127599625443,92.9794322668746,100.191971886928,91.3535605903528,90.4657274889263,69.5390810512464,88.4515485620235,94.3116298097383,70.7978542805654,69.8541287299683,63.5126849896983,70.1901478025118,68.6323300984431,69.7394053701738,65.9314534807111,67.614707441245,60.1793672341013,83.6602437949484,74.1650173557793,72.1439985980637,87.2059123973398,78.4403649040039,98.0892051525533,130.503273576277,125.443308872869,101.617322504877,122.76917539232,82.3705637403734,81.8642077389317,87.1248647390774,82.4179633063104,88.3062510065687,85.0059496807208,100.801320126628,93.5409138995083,83.1838533036057,80.9808430924247,81.8694960902821,93.4058599099307,91.1788341228008,90.5389668373611,98.2864946058471,95.7812477707373
0.961111350518623,1.39191128889826,1.05493166783442,1.04433574488131,0.726331672479949,1.07216379047593,0.9291412974635,0.993734007982353,1.4066029892154,1.84479723502187,1.41471157107845,0.983401228529844,1.33283717153385,1.42188963717587,1.48361219707584,0.98695751222272,1.5952998343546,1.2730031857145,1.73802908660368,2.29630224890578,1.45806107705032,1.56218262101006,2.3193035922848,1.6257684180248,1.72432198001757,1.33813355359721,1.43688765704393,1.26015331663856,1.06132533049431,1.87705312618889,1.31701102029726,1.63705716065212,1.04204223139222,1.70727894574814,1.78062302379572,1.84468661546078,1.28692138373576,1.05708080210158,1.78705922020854,1.66066120014497,1.54515466160859,1.75760467953494,0.783088986490977,1.17824571576585,1.32144540083698,2.11141968830271,1.36257497890389,1.08883745796504,0.97038255609765,1.39690609122091,1.5528823913039,1.90681056260698,1.60454415309751,1.35835634063556,0.746015994472512,1.02760855724897,14.1234889500364,6.27588946551501,6.41221100021151,7.86581281004019,14.2315410437937,4.96893263262488,2.41748662762607,3.20955889752745,1.33827861137528,17.4792534882588,4.21090379871688,3.55047828660666,4.054434752568,8.89335870837237,2.28441359187243,2.35800307396389,3.08499993076042,2.34311787329207,2.45048254276088,1.94326317923847,1.79592411858717,1.96549120617279,1.94226414194506,2.13319567153516,1.71856209906783,2.65709185518974,2.04808343003831,1.72604800742445,2.68032090539224,1.33953939704985,2.28711703991015,1.77909920239611,1.61766998257708,1.84319311157085,1.49658199641777
41.5886101116609,44.1727141388595,40.1237803317714,30.968324451644,33.0884428574199,45.2396777125085,32.6748022941331,42.2788650668856,35.814276110023,36.2810122887634,41.2034745076597,38.1989914707061,39.8825892097436,43.0381717008598,61.9198147156936,45.1076137067717,46.4812360827864,35.9192151029219,44.7716292709107,46.1026836126468,37.3331452519163,77.0064139062606,51.1767645117269,65.7777113995441,28.6319254184111,23.0149640827875,20.8348710271369,20.9306287181405,29.8206118040569,24.9272655157884,35.0205203124498,51.4626840861271,35.6378443136138,28.6357241355029,25.4612451066117,19.2923971403903,18.0168993723006,31.2547650040595,25.3684711042648,36.3298973689149,26.3378635501465,23.8071791520897,16.5940285232612,11.5642635065907,35.307369303613,21.0502144682301,13.3191704187855,13.2838169871735,13.5077251808793,23.0319150650081,11.6155602869532,19.5881448704172,18.7960886505708,6.44123813140089,14.1418684169572,11.4178728583218,52.7826740322526,35.0643408672609,58.5577946713531,68.1954679990088,79.1810324248041,33.4722527683181,23.2957802298512,24.3926476212086,21.5419686153634,81.2585143080121,76.4791176415607,62.8016102904007,105.201912264001,87.6631072682419,43.1226996496535,33.865802769171,31.6913629250843,40.8195797926145,28.3643354324572,52.1111799493744,46.843687426482,75.1532364832977,77.1042217858947,69.7112245867716,54.6167418313507,85.8005230707471,74.7903569796748,68.3029602309558,86.9566405208402,44.9927644538509,66.7380752245783,73.3474080260579,60.8648330944627,59.4260540620357,48.2556438844949
32.2633289783761,30.3764169518385,31.9025887134755,33.0306255341224,29.5374880141846,31.5517752251342,28.5556092087116,30.3992266987329,32.0994015487618,30.2287827633408,37.7727989477945,38.5370356430133,35.7815517588702,35.5125606943437,34.1790658986718,36.2981040606356,35.49542131439,38.7578156885631,29.0946069097456,31.7596264887122,36.6549773091022,34.9806382979115,35.7020667730398,32.1199111777333,35.2847824433432,33.4339005256711,33.3247406614418,34.5607116806408,34.5715485352864,31.2341640197831,34.0626941158699,37.9669930918914,32.0115373483689,26.8508416013117,37.4846108514006,34.9525837080528,30.9904581867178,32.5198388256524,31.1569890132011,31.8238635867239,32.37801359098,31.3619906696861,27.8555939480362,24.6122438404421,24.3228544091556,23.9294231340974,30.2151001571938,25.6965640079749,27.7141258021489,30.3912252041232,30.4364948695564,25.8286158025855,29.6076599678707,29.1827523504285,27.0187531911132,26.7178224884731,21.3398701653834,25.4157638500952,29.9943093067745,27.9255172490422,27.5949843899068,27.4831816964521,26.738867244955,29.5992653883087,33.6296463955272,21.4821359664859,29.4763265910182,32.4759212599711,32.3643475862884,21.2687732073244,24.5662323187513,24.3524800224891,23.9988955652661,24.1300033617973,22.4831773298311,33.6700089627237,31.8776531049222,36.3437192123223,31.076226271121,28.0937845043687,34.287409683841,30.4388370752748,29.1322212031311,32.3379772011572,28.7804949677364,28.287920208288,30.3729142900068,28.8294938933734,28.3092246950989,27.6350431651139,30.0411459280933
5.07352460125072,3.88916389545102,4.47436534978049,4.15841037942381,4.80185939028411,3.54626045072411,3.56170830694342,3.92976630429385,5.33787801035589,4.75763497453008,6.366202069853,6.94527117649202,6.63001054557863,4.40438985173989,6.49430244757727,6.36039285654642,6.70751066717277,7.58779771931025,4.8664814424903,6.14702448168623,5.28970995394999,6.27936151582475,6.9579107768544,5.2727624368372,3.74531210292469,3.38226668108533,3.15009986351938,3.05687876467687,3.39352623659253,2.92820287685467,3.17279927617066,3.6806429984279,4.16816892556886,3.95778301059796,3.91071411768219,4.22765492891269,4.73030562670441,4.16730200054126,5.01153563928048,3.66115244803018,4.24917531942363,3.99960609755107,1.97636744209627,2.40013016174524,1.15626472573236,0.511859318376415,3.57675931962271,2.6567633974347,1.51379678751233,1.63540225313667,1.67711298260821,1.43010792195524,1.06969610206501,2.62907678832689,2.07587059331482,3.19700440033011,3.50509944745428,3.21619233905525,2.86164788439192,3.57536945910918,2.84104701059098,3.92616881377887,6.08034515433224,5.84852954660558,4.87824138985183,2.20158536302496,4.66613664182141,3.8555888253847,3.59208692990674,8.04637216471786,0.843475787768284,1.01638063532926,0.841363617480115,0.781039291097358,0.735144762828264,4.87798716421085,5.6870930421927,4.6099702835689,4.03111425686712,4.34688929293957,3.68862109068216,3.46430963398156,3.6018018942053,3.3558278227616,2.85607965328682,5.35815758819941,3.29344853747062,3.39646211366531,3.63975746079843,3.59898236568926,3.75970599100074
15.2816704732461,13.2338012720368,11.1313479433563,11.8666832778679,13.800301777119,11.3563190975759,13.0751860516722,12.7252156694904,17.267314028635,17.5682953528872,15.144133690502,19.6987558589884,16.5620397453521,18.2418036379148,16.7315065342302,18.3932326296381,16.4968505598033,19.0202615779804,18.1797842458745,14.588938103202,18.3783512502621,20.0633258188547,18.0856252416739,17.7147242002941,11.5247195840785,10.797594804651,12.6926918535876,10.2427016584426,12.7957148658517,13.7400288837027,16.6775500065733,12.1030152651008,11.8067552985664,12.1061597971232,12.1897791114988,15.5410976964255,14.008660986849,11.0507919121496,12.0043760661835,12.5023662315041,13.5773442458575,12.2867264458658,12.380263976905,10.8224050929604,10.051657031804,10.8053502109261,10.5599560865052,13.0224959972619,12.5761579270255,11.6863119338725,12.8578661999963,12.7400947544364,10.5441472917836,10.7279478347679,12.4876590379094,9.07720892236586,12.4637212705065,12.3941070627007,9.69701181713805,12.0632965550344,6.93478530492586,15.5516212166122,18.0212639513944,20.220221054423,16.2803751587692,6.95434115884005,17.5264644595243,14.9181629166808,19.1917024664978,20.9864443594396,19.2955629899342,22.6376426145616,22.2809111882401,23.2219424175689,21.0741498677436,19.9969712830084,23.5142589751766,22.0492377128838,19.4886051072903,18.2114536886701,16.5790943181536,15.068065204114,14.936884325969,17.1357381915398,18.4986082159038,14.7349333675484,15.909186129615,20.3488514681334,20.4539203640785,23.5956139099094,18.3575857960591
51.6999302676746,48.3893865728748,48.1994641338142,44.7620759541229,54.1924131189207,54.8178951915671,53.3327104744049,55.5587649917406,51.1787087614527,57.091619694361,43.5023808106622,44.8984123400657,38.8915051591159,38.5644213790138,51.5905147020901,54.2095552083812,52.8261786057877,41.4872393286028,42.2341068044694,40.0616423116792,39.9780002288913,52.7466367329279,52.1653201412253,56.5064374481053,46.5207187521172,47.079597135567,49.0199750691524,43.2997886196583,55.0599631887138,51.0558450323378,52.3811201254591,46.7541137638139,46.6834919663712,43.6520184992422,49.3415632294796,44.0628823576816,42.8857855715186,48.1100132741058,56.4866110039831,51.756804692666,51.5168611040865,46.5985853270235,46.0903803477546,48.962655299603,49.8845638815959,47.2190221202243,43.8408499462327,47.2555456756827,56.9032330895662,62.9289158654882,62.3637568347646,48.8836889686518,49.9318859071058,46.2279335280812,55.8214576733562,43.0453806758733,44.7415635351516,49.3410971040428,50.6087727702644,42.2646305534696,47.2455595464944,46.1158472533687,40.4379581348361,39.2279420808911,46.8829216759211,49.1020250662536,42.7160151113082,48.4172981341578,48.0486083396436,29.3622001800231,52.541512613066,56.3887976480674,51.6837650737785,53.5628524368346,53.7880918136013,51.8335709237689,53.2416670989487,60.4299205388761,51.891434433853,61.178441900631,55.6646455502945,49.8793319145111,57.7347656571144,51.9305881259674,53.957935603634,46.1747109806596,52.1920108507497,52.8068990529392,56.0118231467315,57.712252935517,51.3583138770683
5.79846695448577,5.34944259177458,4.2331861443411,2.93455301572347,3.3907583576939,18.9350422496047,4.348690985895,3.73869835639542,6.80831913523568,9.70848818578088,4.00504845772308,2.30607588090248,3.91341498749592,3.42536681619172,5.89805830045056,6.55924651826833,6.3598078169123,3.83101902115966,4.77367068926566,4.85897555868462,5.01946002873857,4.04053940269484,3.87247657170831,7.51983802866932,2.6596643973006,4.04861209388766,2.30454674225891,2.83426606404922,3.22851602333822,4.1220086651108,4.91304974708163,5.14726317699066,3.00483297844259,3.70983954552226,2.44669252405202,2.68426315768147,2.59645084583444,1.69966388736362,3.40357083222762,3.21461701697556,2.91683059530022,2.35945016849977,6.31095143208252,2.91157607984805,6.17321478034749,13.759418302106,5.35798546079483,4.19855723791319,4.61164605959847,2.35191286529218,2.62809815904272,3.69747902730972,2.29449813892944,3.96771505305001,2.64511323257536,3.27064968026629,47.906719881783,36.481034370757,42.6369636730593,36.3238719311497,79.0613401664875,15.8390966280618,7.36820621232213,9.56591198525293,11.7729664551017,76.2018730173915,41.9531207384055,37.8770821827624,39.3120127522021,76.2843136023234,13.9437091165444,10.5203526801661,5.38833299594765,12.1307734106753,3.66837236651304,3.4387826586075,2.85177783997321,2.91535950181047,2.76607731007573,5.20660739754318,3.77329171117282,6.49305800815669,3.89135851707279,5.71880517149606,9.65574621245812,3.22592605383652,3.27377933092739,5.408865916012,5.78822540640862,4.4400302685283,2.19997553473412
1.07187139463043,1.18721845229558,0.72753908126512,0.777588932737785,0.68597991289773,1.02742125207895,1.23885506328467,1.03890373561791,1.11806904270968,1.13277023203097,1.20250483541668,0.921938651746729,0.92273342644651,0.971046581485959,1.1477000015115,1.31594334963029,1.95786797852611,1.20094640161745,1.56422617794331,1.20114271481225,1.3224274884875,0.765775794612775,1.25470522205571,0.79091436552558,1.03488887054498,1.78832491183822,0.994768377953487,0.935045269195278,1.06047694893517,1.12623187571333,0.838097922007345,0.862132594226355,1.33381405618204,0.620828707544778,0.582446783484582,1.66724419731768,0.765196498437478,0.744161071525226,1.08777517751824,1.40813555693468,0.807694482204491,1.23797331590866,2.3865569112106,1.3091619064065,2.18864394513624,1.08770105154988,1.2603818554861,1.26305145123945,1.74668860097577,1.87389841505244,0.93172943478234,1.69012754412892,1.29891669536465,3.37398187835285,1.1028062526985,1.99812775020632,3.7886001380572,1.4512087383542,2.80865440505132,1.84413793154052,3.28824885485067,1.66363085329613,0.732571705341234,0.64191177950549,1.42461916694788,4.97024574379877,0.910465686209056,0.667313450547352,1.17365216521705,1.12931539153935,2.70615148575658,2.64258965185608,2.00324670828599,3.20637182661021,1.47028952565653,0.753510212357773,1.23469783152868,0.500306852480346,1.17268778381589,0.885477448561765,1.34131676024806,0.605413334093864,1.05935349829568,1.35589002939863,1.66970810499845,1.33953939704985,0.823362134367655,1.05128589232498,0.65717843042194,0.599830394281543,0.839545997990456
12.8981857820529,12.650017302046,11.786133116495,13.8275597169458,16.0196485541411,12.229627161843,13.8751767087883,12.4216750997794,12.2987594698065,12.492837416113,14.536161392831,14.7202871395561,14.6270335747817,15.2593034233508,13.4644805055374,12.8670016408295,14.4664689524429,17.3045458778514,17.971220755482,19.2889388908085,17.5645497188852,13.1713436673397,12.3569453687305,16.6970810499845,13.4042748946778,13.7234498669324,16.5794729658914,16.4711820496707,12.8529806210942,17.1938066358902,14.786441909701,11.307200562738,11.7959180593599,17.189194840146,14.5611695871145,16.3747197950844,16.7299779885649,12.0554093587087,13.4029441515641,12.9548471237991,11.5886599620644,12.8241338365923,17.8618868823418,17.4118533552064,18.4176452741654,20.4743727350566,16.2146422489563,19.5119672467335,16.1859810357088,16.2518098905457,19.1936263565162,16.3812361969418,17.9938165740221,18.5349913577046,17.8719483893197,16.7271837374415,13.6338059389949,16.159405410863,12.638944822731,15.2047290682117,12.5216516392713,15.5050395527199,14.5781769362906,14.7639709286263,16.5342163921526,13.9433739658247,12.4809671151158,13.4204149498967,13.7993042455823,12.3283596909712,12.933295412447,14.0260527675438,12.2598698547102,14.0587072397524,14.8866814472723,15.1891795438435,14.3673929486973,12.1860454782713,15.2082946963623,14.6506268762037,14.3353228751511,17.3551822440241,16.5965381399656,14.9147903233849,14.0167601445922,13.868172581222,16.0555616201693,15.4053817298391,14.8117907779714,18.9803474761945,14.4912939653135
8.04725314042043,6.96815354362862,8.24992941200583,8.52440319567414,8.02636849849926,6.84593980094928,8.07516701625528,6.46243293281978,8.17885538113787,9.34826725199503,7.13049999612814,6.58632972807863,4.97831771223937,6.74357170606946,6.28687666681629,5.45714396295296,7.15310691635954,8.29799375044856,8.30604100487897,6.87194943780233,7.18552843808681,4.91229856728203,6.31420897656945,7.51368647249301,7.67246896453086,8.57540671854945,12.2080185938847,6.58487649190982,9.70209151041805,20.7459419718901,15.1749601606887,5.79286785428247,10.1269832215621,11.0394984739728,8.52785297704783,7.75447185059577,7.35875559883714,8.50873769181943,5.75782710928496,6.06812549335053,4.75486229958644,6.36699199243486,9.71067633200549,10.6783972832557,14.4933653853673,14.3813273739333,9.57038600807621,10.2267969401908,8.55566892060176,8.64139736381363,15.6058468796477,8.79516372002471,10.4348854756441,10.1964361440611,7.02163228188736,16.2128085651741,8.67228612554331,7.96203713205142,4.66793062771596,8.07356059334843,6.14586863967009,14.6026861778921,12.8822734384256,15.5442503583807,6.79500172356352,7.38031456923139,6.22834401507511,9.47770464624613,9.79715036219217,14.6796884457721,9.72562728121321,12.8572150369152,9.26822122055595,12.7346401046869,20.826038510289,8.74151163199476,11.3307845848529,6.12804421880927,9.93046673932592,12.551642833363,8.32538546626468,5.16114867315019,7.61322047441826,5.58931767368849,11.3619242576447,7.4915710690891,7.0283106636439,14.0265798479821,15.1525125180517,17.2819705598145,10.3286058952774
28.4735490174277,29.2342309235955,27.9182209349271,29.635942719505,27.5328125981399,27.8825556503709,29.647659946997,29.5690071047913,29.2021600584112,24.0678072956432,12.97042936154,12.9538526828094,10.465505821508,9.47845504235456,20.938526856844,21.6805322249784,21.6855632710416,9.75223066586169,13.1116914293381,11.4645539356139,9.23630829715665,18.6794158028305,22.3105599166688,18.3413041365382,20.0453046182322,17.5885642742141,15.883135101324,15.2027571787277,29.6738417943242,31.6238402487799,31.9117756631754,24.0800265356607,26.1269164592507,21.2494145874889,19.313519306932,17.0523354724228,16.086517296697,29.4237566875717,27.9515486597358,28.925294772527,27.5019971190629,26.6980055592641,19.0450970509779,22.1750207580154,18.0162562336611,21.1045995208076,17.5870958964573,19.3268648788794,19.1099377537422,25.8601388365264,21.1198216746896,22.6901789629492,23.9260455286169,17.5613565870942,18.3850776516048,21.4621756117876,16.0507781903351,20.1416006326225,18.4994937030069,20.128200990745,18.4241898636825,18.5701130368327,22.4467296233608,18.5270004271496,16.7025804755192,18.8348963542184,25.4835551962889,23.5735890999747,25.3558658990862,19.5686829949779,28.4789056292614,26.315314305437,27.1704357538245,22.6028660110464,25.6547143607993,14.4856389560947,15.8303228036298,10.7026356606671,14.6054598824944,27.5810125637016,23.3992708825274,25.439131957883,26.6363843611465,21.6871220477237,15.8538784569603,14.1128355122714,18.9615725310791,23.4008152816983,23.0983052637225,16.2511191822135,17.5114694380844
12.1861058855534,12.3593534740701,12.9330984781094,13.3342978678743,11.3259318795373,11.1594519286291,11.4513567774718,11.6257844988408,12.5631286982923,11.5011779901293,8.21487641535976,8.03561728862449,8.98024675804998,7.16805778311903,9.62948293951113,10.2310940035562,11.0543401476449,7.17019590238418,8.78747506186819,9.48478811978804,8.70123379027633,9.10293002572097,10.0456262642224,9.56039709172532,11.7405678342208,9.62507568854145,10.4782269144434,7.88566831447879,11.7271782921046,10.4972319028987,14.1836100472286,10.4384361793253,12.7620996163067,9.86962437819311,9.26797642549002,9.98083829837107,11.6344649421517,15.1142834432131,14.0831921286478,14.7894912949787,16.4997935853817,14.0916280546496,12.4649121673495,10.5103881719335,9.48632617125845,8.90315301900977,7.75679871115513,9.33133701476038,10.8554755785532,12.3673888305433,8.32282846443238,11.5457379565853,11.794163593911,8.11596004556512,8.01740145711807,9.76570665572267,10.2632404556268,10.5691140195758,10.3819525376152,9.30273497792218,11.1174378482959,10.8428804494429,10.3724827759265,10.6443237748222,9.37226730740559,10.0525721969879,9.11414087965523,11.3120751758619,10.4583077485978,9.18180468129471,10.8481529754348,9.21735270567401,10.7710569011121,7.77545167952975,8.10068266573177,8.83351919476686,8.11533211086577,5.91469908243015,6.4662737329473,12.2252236466432,11.1396356938601,10.179352531306,12.1006418931988,11.4304919203378,7.69779376091258,7.91076810393058,10.7252066469547,9.99772883601052,9.76061625737447,7.999166758026,8.36844849996921
51.0560928499666,49.6638041735632,48.0906970411651,49.1666101348655,48.4745687861202,47.8983787719206,53.3472670213985,46.4403520739498,49.8193532059776,51.3044584032336,44.2005409709894,42.4823184467214,44.5082177012079,44.9743692238727,48.2484682830546,52.3518818464865,52.4726746652205,42.7760731714295,49.3044091287731,47.2441224689874,48.8996386005822,47.7752202743018,47.4240552566693,50.0112729196614,48.7427729984445,44.2610415679959,50.5784455279462,48.694999822915,50.1605596846334,57.9386234354472,51.228735482699,46.9301877667116,52.7277537253387,46.7693546470014,52.2271710082289,50.8378482423532,48.1117298392564,47.9180197176523,51.6801986838918,53.7006575992611,53.0398919603129,52.0393193359144,38.9844071446251,44.3731700430439,47.3407814849847,46.205540669839,39.2084356617042,44.1092409571469,40.3496711416076,44.7953712574271,44.0453349939873,44.1487316488691,44.3644997301797,43.4113159288537,42.9841441823853,48.8074102138254,33.0554073405988,47.0407351444624,42.3041646228004,40.7562009964054,38.2920525045986,47.0168697235139,48.0977278858841,42.4189568603439,47.7493491510921,36.0559639226315,48.5069562363004,47.3273528315972,49.6938552839751,39.2719427407808,43.5700932654156,44.3446871194157,46.8851879087502,39.4301520010835,47.9338890189456,47.421570338253,49.7878805283908,46.4120372564518,48.6855992048464,50.5611648026261,54.6884184457264,56.0754010482207,55.5309572628266,55.010153355239,50.9058849464448,43.6548009855034,54.3057644190347,52.4235840429684,52.1961440753278,54.735380378754,50.5235131390665
21.7589893109978,23.4168605073472,21.0986333566885,21.8739147600586,28.9322116204513,22.2718413353888,22.7020190346915,19.9198498872826,20.3416432286535,16.4737156601076,11.0347502544119,14.382242967249,12.0297098558952,12.4502043840521,13.772400018138,9.2847114112804,11.2396124693165,7.86074008331421,8.96823008687497,11.4461835176226,7.56157256237723,9.92445429818156,9.35325710986985,14.6319157622232,4.73092055106277,3.80990959478577,2.70798058442894,3.34458500135234,4.32674595165548,4.35476325275822,3.47211996260186,4.57593453858604,6.2105716990976,3.76377403949022,3.41147401755255,2.44132186035803,2.6086244264914,3.68359730404987,4.62304450445254,4.09923906574319,3.86288665402148,2.79337568717852,10.8513759556607,13.9207549381224,13.0492733332652,15.2917971364954,11.3775010738475,13.1967099905363,7.25846151961042,9.84648439909371,11.0565226260838,10.9641607349902,7.86990703662112,3.812161343074,9.4387241039783,10.9040685796974,8.7885214086905,26.7493070150693,23.582098306563,16.5596059158741,16.8621401276742,15.5715847868518,20.0724647263498,14.3360297422893,21.7146497265086,11.9752900806964,16.6918709138327,20.0935494553703,27.8831302281869,16.0456895214549,42.3495135108659,46.4282674218407,52.6453234937557,33.1736162060825,47.7231475202681,27.7212441283202,25.6667488614749,25.7300666989892,33.2383693725316,44.1128765283497,42.2095617990561,46.7513630216928,47.9534016895176,36.4056472893531,34.0093177175999,30.3760257389834,36.502387956966,28.1825487288657,35.6898439906069,36.3754289103593,39.0206379065999
4.10884034608333,4.25761100133586,4.03784190102142,2.94131465861684,3.9544724390575,4.30854073452462,3.28296591770437,2.39399556468476,3.53454084469512,8.54270579270215,7.03819006611527,4.4253055283843,5.6389264949509,5.86095972396883,6.77422927721422,6.57971674815147,6.99756518250997,4.47625476966504,7.64732798105618,6.7829235659986,5.25580155680928,6.95324421508399,6.23550473991323,9.88642956906975,4.04099463736612,3.30451342404888,3.03957004374677,2.51742957091036,3.73287886025178,2.40262800152178,3.59184823717434,3.61432510656434,3.70967034375629,5.27704401413061,4.20193750942448,3.39403283025385,3.61729253806808,2.9766442861009,2.91368351120958,5.19445561002573,3.05519217181699,3.39649089236479,3.69170522202889,4.75662159327694,2.9732521518832,6.33425906490813,2.18011996624623,4.66022432009037,4.19205264234185,4.46328531585217,3.16788007825995,4.68035319912623,3.74393635722752,1.62126401946825,4.18417666465018,3.36827249320494,47.009569059975,20.5130316259256,27.8480733934806,27.9255172490422,39.7483521574349,21.9599272635089,7.61874573554883,11.8397061553235,8.59088527947357,52.1375442789092,9.6357618457125,9.6760450329366,12.6967825146208,12.7989077707793,4.42824788578349,4.63469569710143,2.52409085244034,4.89177240213608,2.32795841562283,8.44724606485293,9.39118653677873,7.86196482469115,9.38150227052711,7.96929703705588,10.1856241481337,15.000124374399,12.570994846442,12.1352157631177,9.97430894301704,6.73709520280955,9.88034561241186,9.74461154039689,9.35215458677376,11.3967774913493,8.39545997990456
44.8399533420398,47.8162466303873,36.1586923388765,39.5218027117596,40.6745736588772,44.14597121836,48.8728322465801,43.3177688025035,47.7163014033841,40.7473634893427,40.991267771998,43.761354669578,44.4279057177949,40.2637528966142,44.5083659122753,46.2773411286653,43.0368387131572,39.4674658349734,44.5630657805183,42.49925546821,40.011908626032,44.4456271193254,42.2417424758756,45.7851538265364,39.3257770807093,35.9608813793555,41.2276227751834,38.8763052307729,45.6429278821696,64.5706275408978,53.0994897728939,36.9722247139379,38.3471541152335,42.720775437925,37.7342309014654,38.1679832314512,37.2163751512773,34.5290737187705,34.8865039075494,39.6781308042929,35.0820342487951,37.0757136661877,44.4123325195597,50.2718172060095,52.568749852046,52.8494746223648,44.5902661846299,47.4297596689571,47.1994075285897,50.6633989669632,56.2143425652012,47.4535810466965,51.6892437890698,38.2092493236842,51.6697164867266,49.2681213836587,42.7570587009312,49.0665440994893,39.3476584103888,47.1572413922505,39.8798821116289,52.6372801982896,53.5509916604442,57.7720601554941,44.9402591755376,35.5589393482516,39.984618052681,36.8876046274786,45.4879127064427,52.8896041704261,48.8864508660701,56.3887976480674,52.8857130987501,53.5217451057242,70.3288489772372,38.9842388814574,43.1770090176998,43.6696409807845,50.3889282108389,51.8406797157979,53.5688381124069,49.3075526545336,48.4124548721124,45.1850352297092,47.5427413054821,42.825862488035,42.9978003503109,49.3700028664921,53.5347659859103,59.4260540620357,42.9993558970764
34.7972329552824,42.1794152960226,36.3162045499704,33.2280655066089,47.2995255470859,35.3187655319501,44.2447794439144,33.9662800901132,36.1843208964165,41.6076215684108,25.6062794365199,27.3201153800947,28.50221028357,34.5761943479108,32.6954537015959,35.5304704400179,36.8369234478245,31.7704911700616,38.1323581600847,34.3032228259617,30.7549162066195,32.2238454373056,30.9406505621902,38.1835879800961,26.9071106341695,27.1358867057191,24.3165603499741,31.1442001201196,29.1419065567384,31.9849852702587,25.9810355822277,27.3229714477891,30.4276331566527,41.3627126401708,30.2456293995208,26.302563545755,28.2427071241469,30.1385233967716,31.2735363536495,41.8998557941232,36.1004316394007,36.9169991385071,26.2894159750542,34.6927905197722,39.8498378689901,32.8869612056846,28.8865895527625,29.3550578667375,29.1114766829295,28.1084762257865,30.265677806513,28.5588218354091,31.2886109854014,26.1154960973805,34.5437840918794,29.7435587959284,20.2831857731361,35.848778023128,28.1130407901835,26.0813793175017,22.833600048083,27.6828173988476,36.7750996081299,33.5220595963978,32.593559728656,17.5793255502144,31.7498352816227,31.9828507659556,39.9820614428897,31.3540302018506,35.2502589638162,42.0781583026314,50.7222066538012,32.0637182661021,50.6637265715812,29.704165739788,30.7926156166091,29.4466318888432,31.2961052305865,41.8186849570761,38.7305214521627,45.0360252417602,38.6310909045157,30.575320162939,33.6138605348372,30.6912114794657,45.8795678205977,38.1293306331712,42.0088673600486,43.1449433601081,33.5453379197056
35.300297929829,39.792287435562,39.068848663937,39.1161041381573,42.8939204358992,38.2465846741647,40.4795891928265,36.1357821084492,35.994609826589,37.2195933381605,38.267947997672,35.9556074181224,38.173823605213,40.3677936017735,39.4696829788101,42.8412668268529,42.4929864968999,38.9761695797663,45.2235168334277,46.1733390664592,37.4687788404791,39.8203413198643,37.7932421431326,39.7214770241736,36.7139146931434,36.7772905782382,34.9274230481447,33.2660336156012,39.0255517208141,38.5922122744436,41.3062547275049,37.0053836598697,36.2213879631934,42.9923879974759,38.3998843683049,33.1662506394982,35.1294756100842,47.1426038811231,41.4131549726589,43.3392832523231,40.4549584130249,41.678434968925,32.8524474808833,37.0056432210903,39.4781813500047,33.8466974276404,34.9841125833574,37.6302225472717,34.5456189970763,37.4098265405014,30.7470713478172,34.8859659749687,36.7517017923763,37.0699827154092,37.0088804214407,42.9882913115817,34.0974012425148,43.104821714899,39.1621812326968,41.5871921296383,41.1951816535692,36.0009716653283,38.8995575536195,37.8014714597678,34.3635411178943,41.1629748177697,32.4353400711976,32.0310456262729,36.0275649504507,29.4092549880039,44.598782278248,51.0629631189421,51.5635702712813,47.7256114191596,43.3122789432985,34.264885446164,34.7211996260186,34.0208659686635,33.7880667711953,39.7257382604755,40.9101611875658,42.2443970901052,38.1367259386444,37.3886675606671,34.1411367785209,37.2707138120341,41.7170148079612,37.8462921236991,44.4859245208698,38.4748352903447,35.6989559145507
183.082422721711,176.281470882233,210.004155807177,188.639356178595,167.903671621615,195.287923054432,165.572979207996,215.188582455815,194.150164594504,177.135488614974,168.315309169058,171.111813764193,173.951996788092,151.380266413702,175.122224620877,174.252831880211,167.538026035776,151.264658130998,145.368752803532,149.047679817438,144.213769375304,176.832946491982,175.050769375658,157.216199991696,187.65984852549,172.611841854621,145.07038845155,167.157323508448,179.984147773276,141.079312964357,179.776793401558,219.147473663153,183.566159482053,159.545993516048,164.041976234265,163.809719608243,174.082203394526,198.691006097235,195.916079293732,190.911889619078,191.212889374063,190.298083830926,183.130952983675,161.463301790135,164.685133079308,153.557795512924,207.963006155206,163.717600179623,185.148991703432,199.430831302765,189.57588233038,190.76772946809,187.005800700293,179.817897834942,181.768418827129,154.027104858762,177.419886737318,167.869551355567,183.422620498034,191.225812860355,188.456118369201,153.386764673903,178.792915548992,165.54191558136,174.839625034512,198.176040026231,175.568133157313,171.684921638044,148.288817162147,160.598059638491,199.974051350064,176.646954420226,180.254142058281,185.878718741638,159.157615911048,151.578493823823,147.814657032891,176.572582721814,161.391156247662,178.584701784934,166.407110568275,139.514139434519,144.778311433743,154.130799091889,161.478349628139,159.996161512337,158.039787457792,154.538217490316,144.88256781456,125.535932517494,148.052111645621
3.40926561585454,3.13835057079237,4.24555430872261,3.39738747177478,3.07843573852752,6.7826373947728,3.6419241722911,2.98120202394706,2.99858903906073,11.2176617834839,1.97635206479659,3.73569541687774,2.11511006528794,3.61159967842671,2.86729051597129,3.43132228416099,2.8077277084641,1.96245559718851,3.90500375178114,3.45752463231398,2.80897161913601,3.79242804524031,2.92384338109346,3.54681153251249,3.02877476112831,2.6459433369502,2.1746742040261,1.82477680611417,2.77760122465099,2.64289080167396,5.36921447320277,2.7097490615453,2.69180349213237,2.77200017918743,3.14770883131739,2.89147779363381,2.04516155036926,4.62533314006504,4.01855229866026,3.3732669563902,3.16124596904558,3.38157172676282,2.51185114904915,2.44202334275025,1.36067581117433,5.51144521061805,2.44241564968523,2.21164664461859,2.26215581477484,1.43745043874659,2.36038123478193,2.35491104481962,1.68400729210805,1.14452476185164,1.11869963692856,1.43180125643356,98.2597929955686,27.2215381829013,43.1928652713421,59.0726305580818,80.3398113212535,27.7806388930214,4.09727354797352,12.7740444121593,6.01966353452158,141.943880545636,9.01740390049552,7.20290723926916,5.33158169962692,17.6370831273658,4.70870358521644,8.19406068202451,3.11024083928482,13.3734480301423,3.45701824719991,1.46498248655243,2.44320510299463,2.4386385438042,2.61436082804455,3.29397610864976,2.62227426628496,3.77441579733408,3.20948798200314,3.35277707019545,3.32184033520744,1.49713226729101,2.56385820173928,3.23634318544966,2.88551883142187,2.38603961839565,1.98096353525835
247.352188834217,285.137121387541,234.194830259242,229.185885870845,250.987944601405,271.139782685738,331.26984392232,262.300608379706,260.798620897861,290.086273991246,282.376429587258,305.868513361173,300.366817964384,307.71772562589,240.709080804814,250.431330231032,254.269039507474,354.170011531546,326.818989444956,326.64016297512,324.910261402236,298.223725453999,269.267344927229,282.180669744738,268.085497893557,275.790802708268,256.318652052682,286.015962535002,230.293174230761,232.604423397327,217.486410760906,280.823113096269,243.379383563966,318.485126970471,317.39189365742,320.110885884995,313.000149519948,254.242630086593,234.959438343941,285.163096229906,264.116095680869,269.941668679161,886.8669221769,558.313914352157,824.251568772065,680.388998951849,557.156908873801,562.188556296509,794.277529817049,794.532927982233,658.919056278071,733.428680944559,653.546114929503,534.885672585107,578.259702150258,471.101434134359,344.350247922328,318.246154135296,267.855541327017,288.287684808172,276.923165560104,251.075168379452,279.476105587681,311.612507184388,292.090099502101,248.645716605879,303.526498139944,224.180246414435,269.370954525877,433.986494006975,241.269220126219,278.041086600673,267.794019963671,244.218654126811,242.659033796896,409.116386878042,431.20886388994,434.480765175432,346.016189212176,343.364005167292,336.838171417294,385.244684928396,368.760952756725,367.412300716293,358.723604452824,374.440659692994,347.001397295168,294.117445414303,308.722205737445,360.712292104022,392.067981061543
2.00082660331014,2.45631403923222,2.4008789681749,3.38082144668602,2.09829149827541,1.69027367277504,1.54856882910583,1.89712856069358,1.80333716566077,2.10371614520038,2.51111303866424,2.12045889901748,2.28974591007097,1.83805245781271,1.90350244153127,1.86425307864292,2.28417930828046,1.96518502082855,1.73802908660368,1.83704179912462,2.17013741700512,2.48111357454539,2.3193035922848,2.46062247052403,2.21761900831067,1.98270805442933,0.828973648294572,1.51045774254622,1.9088585080833,0.750821250475555,1.31701102029726,2.18849043149767,2.08408446278443,1.59087356308349,1.99696040051857,1.72678863293617,1.4260480198153,2.04644294669437,2.87483439772679,2.09655738476942,1.65050611580918,1.96806014323941,1.97636744209627,1.6582717481149,1.56921641349391,2.04743727350566,2.07792684282843,1.21949795292084,1.00919785834156,1.36283521094723,1.49076709565174,1.90681056260698,1.83376474639715,0.613451250609609,1.84882224717101,2.22648520737276,2.03605041433006,1.4512087383542,1.98725547527216,1.65596059158741,1.10485161522982,1.46399515090059,1.68491492228484,1.42647062112331,1.42461916694788,1.03407797354203,2.69346098836846,2.33559707691573,1.77826085638947,1.92924712721305,2.31955841636278,1.66686424193999,2.76448045743466,1.76761523774665,1.59281365279457,2.14155534038525,1.83333920439107,3.78803759735119,3.44477036495917,2.45518747101217,3.26945960310465,4.00245481984277,3.24868406144008,3.93208108525602,2.90001934026046,2.40329127117767,3.06473683347961,3.19429174975666,3.08368340428756,2.61354671794101,1.93460599536931
401.080341542578,418.938278503945,358.700048314305,334.384540252362,341.469502147807,388.703288020398,356.344270403202,371.906759276501,363.697039570465,402.410799253524,523.56777591728,523.608603688992,493.162398332997,501.027436625805,434.546933328388,462.512781395462,432.865393940481,507.583817836711,481.351326804696,518.737504245967,527.635004547655,467.333669902152,435.005159845604,475.101380577477,358.760982318036,361.192258873102,397.567471985594,405.081750051962,337.963398856148,328.244034282903,359.878649068581,369.815423777448,352.331567926303,346.174863362853,418.266684155948,380.667576908998,377.430738138155,287.231662467842,302.214246623085,300.973955182182,304.844616703301,290.182214965212,231.338283891577,311.179493794084,206.861540757147,223.084286552141,393.892834257792,399.77015697173,247.346243866044,265.77535291569,241.610486651148,246.150608892972,236.188517301631,322.134206181724,339.702599695201,306.281584956269,581.691098353379,443.574109653877,524.069475112494,453.29286711946,517.067399208657,476.286866061221,411.23571993865,495.232798182554,476.490645957945,610.663739348428,368.48974229377,432.591505262742,433.719601134249,387.575395799347,231.21990901145,234.422501807136,208.775968041516,280.926678661764,221.769895361131,218.216160914489,207.455426256881,213.30940017537,233.567524087002,156.649815425062,187.450274729129,184.102495149791,203.690725063129,226.232624212712,185.179416781722,214.342062815,177.428593451926,190.08825862074,184.10499862962,183.414852612565,194.32569693486
14.5774509669739,14.3694371295085,15.7148441553266,16.3293675874935,14.2845228921057,15.3450335391146,17.0652284967463,14.9511798473709,15.3283659081166,13.2695941466485,14.3239546571693,13.0915288548035,11.0728011173581,11.375117097407,15.6479097767056,12.9035556227637,12.5448577883339,12.5553487441824,10.8453015004069,11.1282339754665,11.0202290707291,14.6416331929963,16.0830396645323,14.0167601445922,13.0593119378295,13.7234498669324,15.8610291373695,13.1985236074872,17.7735936641534,18.0947921364609,17.779648774013,15.9494529931876,14.8386813750251,13.153808241105,13.5626893868553,12.8615980935935,12.9039954963775,15.3669261269959,16.8605152515328,15.9588696452598,15.4515466160859,14.5065078300066,13.4243826255596,13.8771162079089,12.9666829957128,13.9481664257573,13.8982647848197,13.8935659636339,14.0123241100501,15.9792428483562,15.7151697999955,13.6943667678138,13.8678458946285,12.0061173333595,14.6932715433064,14.5577878943603,13.0410317677343,14.7081966725088,13.8842915872348,12.8336945848024,12.6268756026266,15.904310957511,16.5561205407119,17.3316180466482,13.1669347248213,11.8418606647555,13.3914328013249,14.1248013699189,14.9729564107994,12.2342500750096,13.8822056736863,15.5302961078311,13.4618178796818,10.0301887909345,14.6416331929963,14.6736199248619,13.9558270048544,17.1891140030747,13.8523744463252,15.1336145754192,14.7125682139709,15.3035037229282,16.3493556570299,16.1011940991087,12.4349314135411,13.0408100124559,12.7163707419005,14.2732276919506,14.5590298431937,15.681280307646,15.6958599624303
26.5384638596549,29.9502464660317,21.4405767248831,21.3089794963173,14.5528620933274,29.0352560099614,25.1159281255017,25.6302068549703,16.7201815325736,16.4763048492094,18.9019613011791,18.4326267772563,20.3602839311027,20.4457325755374,17.8607313649857,14.1621092207573,17.6643199840355,15.6123032210268,13.6331001553192,16.4535355293135,15.8748942893639,20.0317758561166,18.3833325716344,17.82149763964,9.79251273647587,9.00965865909799,8.93412533222004,8.74590996213845,9.81704721168262,9.78545335744792,10.7090955191353,10.87845539184,10.0173603788196,8.99309184672833,9.78510596254098,8.87450268457955,7.90100166295716,10.0804058748807,10.8373486971603,9.73991718781089,8.13804866548125,7.9487409752997,5.24296721431578,6.01298063612504,5.00951692423543,6.8320422520292,5.4101039537379,6.3566330795999,4.00069320227939,6.24110384853283,5.5344728426071,6.04632294761196,6.17252854323725,4.24026268010656,7.10628887952098,7.30743862932597,24.3524515948902,10.9711380619577,14.0726834062906,12.3515842398425,14.7071533581593,15.0565246746713,8.20480309982182,11.9210149807275,8.15011674327545,15.2623237424006,23.548436252392,21.1208414395184,23.4968719998167,43.0570314947569,23.0135339727678,20.9110151912642,19.2580119054365,18.8304462350462,17.4762288743349,8.63641678658696,9.89816094942157,10.5321739687863,11.8972840317446,9.48507343309388,9.31837903033582,13.8289859136685,12.6970579127392,11.0277925816064,10.8500269044018,10.1911369363201,8.82827177405319,11.5176456318757,9.61401491520342,9.25795368545398,9.19631385798763
28.2795402949996,27.9663634936785,28.5868293506098,28.5422469815021,28.8131739296838,31.8838642879029,30.8592601988894,30.7357411696178,29.8477547637177,28.7590942994401,27.4609663062037,26.3090559920125,22.7518722712037,24.3756968117513,28.3834608178683,28.9745137801237,25.2702745124653,22.7939627026992,23.7981370712295,24.9406686412692,24.5571393772414,31.7432445486066,29.6840442716162,30.7582202784201,28.4850697596386,24.8876512785103,29.2351373298553,24.8045931949757,25.2160208917804,34.3042721129777,32.1548240605575,27.3594462883141,27.700400228653,24.0353834125961,26.2933119401611,26.0131775886491,24.9749702592287,23.327589189637,26.0487190813485,25.4293635631771,24.3196808591772,25.3124277326125,22.308340727541,25.9663536389686,27.4695462698987,27.2609874725799,26.5790688259888,27.2191943091932,25.8703989455634,28.8467922013172,34.0907377127728,28.402376696068,27.9794296867989,27.3792056736363,27.1562796179203,27.2801527267454,40.0934408487665,33.4974276484163,33.5936264235875,33.160234491858,35.914253992679,34.4225187117209,29.8772044306369,31.2233021904576,26.2686823301853,44.9927326288135,27.5958355882939,27.8180733751506,29.1496076101075,30.5879779279231,29.9806439797338,26.9231099253639,28.8098928598858,25.7792294859461,31.8544351939844,24.8035732692064,25.494639466777,26.7985791910723,22.8439580287335,29.5612621304852,27.2853170338586,26.0041844030373,26.6317938293206,26.5517165006986,26.0281129757074,23.2878924177117,24.4186337883047,27.2283046112169,27.8775090184987,26.2584324102378,26.0591427576246
0.393019511364493,0.28656997124376,0.387414560773677,0.405698573602323,0.64562815331551,0.265140968278438,0.340685142403283,0.180678910542246,0.252467203192508,0.161824318861567,0.31831010349265,0.245850307132461,0.615155617631007,0.65892446600833,0.335912195564342,0.0548309729012622,0.543852216257252,0.600473200808724,0.243324072124515,0.565243630499883,0.305175574266346,0.336941349629621,0.190106851826623,0.39545718276279,1.92193647386925,0.89416245591911,1.54741747681654,1.18678822628631,1.39982957259442,0.976067625618222,1.01769033386606,0.928450486089921,1.16708729915928,1.3580627977542,1.87215037548616,1.13134427675128,0.97388645255679,1.22786576801662,1.3597189718978,1.25167605060861,1.22910029900683,1.07925878822807,0.932248793441639,2.13829778046395,0.825903375523111,1.91947244391156,0.817544987342335,0.348427986548813,0.426968324682966,0.579204964652571,0.807498843478028,0.476702640651746,0.458441186599289,0.525815357665379,1.26498364280122,0.570893642916092,1.10822997235687,0.627549724693708,0.635921752087092,0.790344827803082,0.73656774348655,1.06472374610952,1.09885755801185,1.71176474534797,0.604383889008191,0.266858831881813,1.40363459957229,0.704386420022204,1.13808694808926,6.8700019651977,0.738041314297248,1.09443866812255,0.400649341657197,0.924914949983713,1.71533777993262,0.515559618981634,0.56122628705849,0.678987871223327,0.952808824350409,0.643983598954011,0.67065838012403,0.538145185861213,0.706235665530451,0.576253262494416,0.571215930657364,0.669769698524926,0.182969363192812,0.566077018944218,0.606626243466406,0.985435647748249,0.511027998776799
2.42957516116232,1.71941982746256,2.36450201411164,2.26515036927963,2.82462317075536,2.0879851251927,2.72548113922627,1.62611019488021,2.12793785547971,1.45641886975411,1.76838946384806,1.35217668922854,1.40118779571507,1.94209316297192,1.1477000015115,1.16972742189359,1.5952998343546,1.80141960242617,1.94659257699612,1.02450408028104,2.50922138841217,1.28650333494946,1.14064111095974,1.36213029618294,3.30178830126256,2.60473411072089,2.43165603499741,2.58935613007923,2.46030652152959,5.10558450323378,3.71157651174681,2.15533148556589,2.33417459831856,1.86248612263433,1.58092698374387,2.73904403845048,2.01733622315335,2.41852348245698,1.04892606403545,1.59588696452598,2.07191193261152,2.31723210413673,0.969538745179304,1.745549208542,2.35382462024087,3.3270855694467,1.02193123417792,1.43726544451385,0.737490742634214,0.988055527936739,2.29826593912977,0.693385659129812,1.26071326314804,1.35835634063556,0.778451472493056,1.19887665012379,1.72677693367233,2.19642403642798,1.7487848182395,2.97320197125921,2.13078525794323,3.26071647246042,2.4907437981602,2.13970593168497,2.20168416710127,1.46772357534997,3.14869383147298,2.74339974113911,3.52095649565116,6.96411158115931,1.93296534696898,1.54489856570048,0.761233749148675,0.986575946649294,4.34960651340056,2.61745652713753,3.14286720752754,1.60812916868683,2.38202206087602,2.61618337075067,2.22155588416085,2.0853125952122,2.36588947952701,2.71178005879725,1.6257684180248,1.61532691997188,2.51582874390117,2.3047421485586,2.42650497386562,2.43616830134632,2.15361799484508
34.5499879535877,32.4233453178654,33.9760750950811,33.4363241077248,37.4464328922996,32.8774800665264,36.7630240029725,34.5548416412045,33.4338710513507,35.0511474654155,33.0335151846817,33.1897914628822,31.6805143079968,35.6512816345559,36.5304512676222,34.4338509819927,36.220557602733,36.3559228853282,32.3621015925605,33.4200296533056,32.1790688865291,34.3373866304368,33.9150623658695,35.2835686398356,35.3340628657501,34.5224461241813,38.2985825512093,32.9423640993413,34.9533202369031,43.0220576522493,41.3661188647911,33.4905353911007,35.8462527598922,31.0414353772389,33.7403101004283,33.999872738157,32.3469428884934,33.1151676828725,32.322462417685,33.4510424525151,31.113796140573,32.663449796667,29.6455116314441,32.4235765486676,31.5082137762067,37.8136071450576,33.5193444810357,31.4456257860303,31.9449937467346,31.1067136898704,36.648024434772,30.1622761721468,31.135797256535,33.6083649441121,31.4299782019071,34.7103334892984,34.8190393640495,37.8883146283826,34.8432126664386,39.4043349861822,37.7490968536857,40.9918642252167,34.6506416626404,39.8698538603966,37.3854605629352,39.0281041627151,36.835924221208,38.0739396506739,36.489912773112,31.7149405790634,32.5441074780596,38.9883611712305,31.2506486492614,32.8447575571994,41.6582032269349,33.8683011238704,33.2994263654704,35.8434123598419,34.8141685820342,35.9825835915553,32.6945960310465,39.7218415313808,35.13522436014,35.7954967761237,36.7775179969395,30.4942203916643,33.117454737899,36.1480610668665,33.9710696341187,40.1886364168634,37.3780479105316
104.650377162418,109.428790447796,112.986819320473,107.341080932281,132.394123189262,106.652954490002,125.526989287319,97.8376300586262,105.062423271397,111.723509742026,84.2107062684445,83.8656860205607,86.1559617804316,91.3824193648394,97.5545001284776,95.9542025772089,102.352987099615,84.448367422827,95.1744727824174,88.0720231772631,81.3123363434107,89.320088683634,90.9471179138564,99.2158131864867,93.829924262745,94.5868371848345,94.0608766264908,89.6924192835778,106.514304751048,155.344916723392,111.287431215118,101.433215605324,110.748248352365,125.795416866261,99.4735899508311,89.078475685259,84.1716148281226,110.507919121496,104.115624133889,115.905202286357,103.736065236177,116.750406561848,101.689698388614,117.606377925517,143.500711497141,129.180495475248,102.704089034881,100.129492634465,112.098592880401,108.379470150578,120.13098179127,116.402117526417,119.347522244681,100.649823046448,102.106884808673,112.751494475928,81.3904709930927,110.487973403886,86.8563126392287,99.9598029830945,94.2280591846007,110.398543424731,110.398555994924,109.980884888607,97.3058061303187,89.6312101583039,102.199773276966,109.62477073714,125.118433855563,104.226399677486,147.256814614546,154.449201344635,168.232658561857,146.794279395193,185.685314677706,96.568282478483,96.3438459450408,102.84879438846,93.961608678248,114.830325488487,107.640670009907,136.049829800538,118.117915059968,97.4545958630263,102.423410335563,86.8336715028786,117.237619465794,107.9994084,107.120084158776,120.351684109775,107.607895742429
24.3479160194952,27.712134990618,25.3467340521955,24.0680678789578,26.4651050395944,30.1256482420065,36.0085612694321,28.1109282967153,29.3485910362628,23.7975606831444,18.751648196752,23.151108796896,16.7038672905282,16.7619980082003,25.7423511802437,27.1398694268474,21.9915707847224,20.2976318415189,18.5847450230531,16.9626080740324,14.5660301597327,25.0286160711239,27.1944049400948,27.6530025999927,20.3616849300845,23.2968196395446,23.191366784689,21.3963531887589,26.5780974849927,31.2822165798135,23.4398029544269,26.6786931283346,25.8301428317502,27.3886344692223,22.1679245794232,15.8275064317505,15.883740224611,25.8953169669348,26.447310985682,29.0282451276896,24.4373233163679,25.2514813539831,20.0619940348641,24.0013016174524,24.0362659378491,19.4506540983038,22.2535745554584,22.3769163661311,22.0389404610674,25.9960816488183,21.2291445950373,22.9579991737881,23.328161814427,15.7595626281609,21.0275960459385,23.5493627702888,18.3339896612908,26.2186352791252,20.3338629903815,24.4299349820732,18.9737220123051,22.0683959951438,24.1653428440913,26.704243262739,20.8158445429978,14.9027314664398,24.3940312584587,16.6872850200208,22.8015720049684,24.5108494772019,23.2521673310573,26.7015389468621,27.2613831543807,19.9633642804485,25.4550000335643,18.6703967249364,17.5270969448366,20.9771516004259,15.2449411896065,21.6539485148286,23.4311271555833,26.9271033967893,25.071366126331,21.7850851023477,16.4242155938781,15.2077119782718,23.5042443957487,21.3443383400195,21.627742145186,22.0223444757652,20.8364366101257
0.214374278926087,0.244403246903606,0.531103529323538,0.371552276990794,0.443869355404413,0.646612536389041,0.28152981313144,0.22765542728323,0.181055051432342,1.24993103888675,0.461903327957112,0.215119018740903,0.307577808815503,0.346108745829638,0.281606390614773,0.128670016408295,0.217540886502901,0.0545884728007931,0.48699575006635,0.211966361437456,0.376722292233233,0.551358572121198,0.231169931821173,0.307577808815503,0.542084646475942,0.378658361767484,0.528332538513074,0.215779677506603,0.678705247318506,0.367151591482547,0.478913098289911,0.320315417701023,0.319698556591132,0.310414353772389,0.273749988237754,0.342975949162495,0.0347816590198854,0.260084294498066,0.466189361793533,0.389271251739277,0.481456145696677,0.287908153212604,0.300557011005584,0.261832381281299,0.165180675104622,0.446597255283422,0.306579370253376,0.311843047961187,0.426968324682966,0.136283521094723,0.18324012217386,0.346692829564906,0.226928387366648,0.17527178588846,0.262403017186201,0.111895154011554,28.6851153310045,6.35394096252379,8.71742735152722,16.8753674923154,17.9919824342009,5.19052826228393,1.02560038747773,1.64044121429181,0.820235277939688,37.3298812713273,0.60697712413937,0.854531946395359,0.889130428194737,2.92351521984749,0.59359608564193,0.325241803305364,0.198321424120313,0.328858648883098,0.183786190707066,0.156254222983665,0.407450284404464,0.178681018742981,0.403111425686712,0.321991799477005,0.139999936850891,0.100902222348977,0.104875996331272,0.133894140403114,0.0439396869736433,0.143015529743852,0.0457423407982031,0.243413118146014,0.202208747822135,0.728365478770445,0.43729395895329
10.4310951220785,11.1033582286761,12.4940286425659,10.2584265156794,12.6506801466216,12.5269164725252,10.593759359913,11.9821736498854,11.0292101051813,8.9462956439429,7.59134229040694,8.04883174263286,5.5217051744801,6.58438942717587,10.7911792825045,9.08585774955849,9.08450742036113,7.10687327393526,6.8513106593917,6.35086546593525,6.60739026683779,9.66102742483476,10.604160194889,9.19130372114672,6.36210253273129,8.75074031316663,8.8180690214588,8.76353196913482,10.3706161790268,11.5356176923064,10.0685492501725,10.8330276359135,10.3541484280056,7.68353129175106,8.04192594625498,8.36063420519199,8.16464663832789,11.3659441259405,11.1974799791458,9.78341293056954,10.3019675347613,9.82220726004148,7.08844692581284,7.64288720960113,7.30841897000401,12.2897422342177,8.1499015925689,7.32700502213834,8.95197315651204,10.3718573729139,10.2782179715623,8.85800179538335,9.07942770059891,8.67726793987292,8.9674366083398,10.885799983124,9.06300162277424,10.2980909822237,10.1034718036804,10.5100807910614,10.4747824921039,12.3501300025292,10.1908049930019,9.94321346454005,9.3942841490766,9.71999937775518,10.2484293803907,9.15850637906765,9.83342688366251,10.4579310737342,9.63354784104851,8.94740200893055,8.62718227390443,8.9593428155089,8.644077169589,6.8347342104073,6.45148324516636,8.83863527314029,8.18206254664292,12.0324310567063,10.3667019107672,10.9105573025949,11.2037225979751,10.3986596079654,7.80676418460721,7.19529647303572,7.33661404062379,9.65403921736581,9.88345807167642,9.41605183937533,9.60623131700645
4.46255790631138,4.48482004996484,3.97854746589831,3.81829974188719,3.86125987442258,4.53921337692686,4.99041790867646,4.89459168658944,3.76933534366415,3.85400797800709,3.82078227559011,3.92930253374456,4.01799144249319,3.21693860352277,5.02216725051654,4.66501917443939,4.81563009088588,4.03627167889064,3.68288363451319,4.41278636785878,3.88963223601028,4.29385803555275,4.5914606853166,3.29196134806536,4.29380320431353,3.80330056793767,3.13462568875121,5.26214706879435,4.84553127507456,2.84561253930236,5.11838373797343,5.4400566695683,4.31989027445957,4.08350082387578,4.06755871580626,5.08449935746275,4.40996654713126,4.90290521974395,5.27920603117693,4.83929253066553,5.29636877417745,5.16869730844635,3.80581247434615,3.53386437269327,3.94616632824942,3.76408546251056,3.81044092850473,2.72949773962676,3.57217226550667,4.77026394711803,3.46665465034683,4.44200187880036,4.41249642101815,3.06287445840083,4.61037884584012,4.0727552485634,4.99940581483221,4.19516990957744,4.81975694602675,3.88887290747107,3.89591724322707,3.54087190815548,3.53758876509282,3.94490450271652,4.75175247593797,4.36314190126764,3.30385235883111,3.34175746846324,3.14005302021253,4.64995612466327,12.0198814239429,8.36806504679288,9.688903029296,9.96893886758001,10.3226577113802,2.69677339159624,2.66357995837959,3.12584574188971,3.52392679036674,3.41271058470691,4.82580620647997,3.97756560499669,4.64138079386613,3.27684722854913,3.02173227317745,3.43316067820365,3.97683910899578,2.96422187562861,3.39255726658587,2.69495227145064,3.6717361712113
25.6316606597976,26.2121458839935,27.1877716973369,28.9188704906629,25.3457472287837,28.8844570842531,23.8817187687043,26.2314159297996,26.0326146560458,23.4376633979963,24.9809769221032,25.6452601627548,21.9959143677594,22.7647998935362,26.9345595476675,26.0158344823716,24.6622477346897,23.9266735133156,21.6485426969181,24.2341141031444,22.1594766154222,27.2181222230808,25.2845915066445,25.0776975464675,26.6868271460106,25.6158105306566,26.8322190479987,22.8643742613955,29.2729815076268,26.1105598065379,28.2953831297137,27.2457111037681,28.5340340137668,24.2092154507086,25.8860152251387,22.4113346780868,23.5238794449191,25.848062738893,24.880137747786,26.0833642996201,27.8061116501886,28.0432698958848,30.7944150444816,26.0047557215565,26.5548582815068,31.6303465790706,34.7511122619648,25.2832413089314,31.0856229550546,34.2705356320844,32.657116689121,32.8946490351552,29.1473086096606,27.3879692629307,28.4452655144567,32.3000205289066,27.0972537357276,24.5893593063891,26.8282138835709,26.5755330122186,25.7117385057567,28.4134840696153,26.2802773574114,28.8988683133372,22.6885711933675,29.2137034731818,22.8610346593042,25.7823966212864,24.5496024267992,22.5157256188158,27.8199401700674,26.7982983833454,26.5354065472978,27.8452839475541,26.513608492037,33.4756826447998,30.561016235483,32.162940735774,30.9157146307112,30.9651463762049,30.1666330994664,30.3725779492657,28.2903882898188,31.1498785628967,25.2894868376804,29.3536419932939,28.1429751760944,28.8210027380892,27.916939724324,30.5742120970935,27.7181586536536
130.999477075688,121.132308073391,128.209119517783,136.547321245912,133.29356391035,123.863586167166,141.42304831809,116.669341207168,123.993856836503,117.946302099529,101.123229422795,103.9169297574,100.236532114884,107.826052815253,113.680524930203,120.397850296592,124.703500347067,111.579930174277,117.879041952356,119.904424783402,122.582924671306,114.100593397303,118.143804136173,118.69823099373,112.729951864241,123.450401261903,125.072780809191,118.81656198944,128.198513212095,146.249468095132,135.575508994891,111.061578735536,127.685185964521,119.350438846061,128.927091724813,128.134266451782,124.927719417854,135.582798507074,140.569689770469,134.936310797836,129.005665040729,135.709491751406,124.276222156118,125.512843065608,128.72571306072,128.673114925907,108.903805188894,126.711499263257,124.813321436437,126.167195323861,128.969367209615,131.615432253762,129.140590059087,125.800009783048,118.733959551564,140.600257271018,88.8241168286018,114.350934177954,108.941610121817,103.18742071797,93.7348218563731,119.116634548344,131.70760175989,131.474944207693,121.775582985149,87.6631262731756,122.648073867817,123.684694410478,129.79881642958,132.599037245672,123.860553503078,131.084236747431,135.673889812085,125.523701985434,142.515163721887,109.558798539531,110.47814290918,92.2783826816625,99.8715886437477,121.342609632909,123.58305802843,123.92104633345,122.170295308782,121.905699735679,118.478093161992,110.723962667087,110.361630797009,121.204367889058,125.831976160367,117.229138457258,113.473402108389
2.46530420765,3.15226968368136,3.20117195756653,2.90750644414998,4.31763827529748,2.25369823036673,1.92022534809123,2.57467447522701,2.5607387752383,3.5924998787268,3.11236545637258,3.77994847216159,2.49479778261464,3.64142468057235,3.05120244304277,2.22979289798466,3.19059966870921,3.2207198952468,3.75414282706394,4.06268859421791,3.08566413980416,2.97121008309757,1.8630471479009,5.84397836749457,4.09027505977302,7.1921762758711,9.67135923010335,7.22861919647119,7.08398601888691,13.1393718833222,11.0748653979542,4.11170929554108,5.41861960323952,8.92441267095618,6.49012130168534,6.43079904679677,4.34770737748567,4.79983891133771,3.84606223479665,3.88019575688669,4.53011253062519,2.72988987610628,1.49159806950662,4.45115048178209,3.92304103373478,5.37452284295235,3.03172932806116,4.05047534362994,1.16445906731718,1.66947313341035,4.28595539999876,1.90681056260698,2.13939220413001,3.19871009246439,3.11380588997222,5.82311515774414,4.9741484805785,8.35425570998498,4.21298160757699,5.00551724275285,4.81399632350138,12.2443230802595,6.73965968913935,7.41764722984122,4.18751694527104,6.1377531332817,4.77994485259754,5.56094542122793,6.89965212279116,7.38760485298657,2.42499288983382,4.51273002086192,2.88467525993182,2.5897618599544,7.90280620040383,4.16413538408243,5.12586675513421,2.7516876886419,4.32428620282109,7.08381958849412,3.94011798322868,3.36340741163258,3.74304902731139,2.33891030071263,5.84397836749457,2.91546809946144,3.75087194545265,6.95466051845753,8.89718490417395,12.8106634207272,6.27834398497211
11.7094804054077,12.5288391427772,14.4060013481307,13.5973257764265,14.0109379621382,15.0533784740083,13.0346135483496,15.0939161866992,12.5916214255098,13.7854900751792,10.2566588903187,11.5561936867613,10.5676900046589,9.50238440454117,11.3725873076604,10.7307869365964,11.0982108930896,11.2452253969634,10.1486994424962,11.0310827264743,10.1403061649278,11.3956627547916,12.5546564946302,12.3351883241109,11.0398002275946,10.6521962139929,11.1082468871473,10.0028265836144,13.7866245269367,12.1625534364535,13.6496219426353,11.8377436976465,11.9230472115897,11.0876126988075,12.8970359200157,11.4962441848616,10.4692793649855,14.8832214305045,13.8302843998748,12.5802830656545,12.2653674695462,13.3323377542256,16.5511450787629,11.7545283703218,13.6691138165952,15.0627400915219,13.0422270543233,14.2642062343252,13.9738969608286,16.1840088388011,15.759892812865,14.4553575287088,15.2893956074084,10.9628120278584,12.9346199250325,13.4160006085282,16.7030875066224,14.7544784647049,13.6195891579286,14.613475866079,15.4226763089748,14.5068610407423,13.039776355074,12.0551032191131,12.6057211135994,21.0588311444134,10.7787756426075,14.736505366254,12.5402955592586,14.3568924630238,15.8401238460435,16.341774407078,16.4298282026784,17.1997184098971,15.0925219808643,9.92293632810729,10.2173116313288,9.57730260462377,11.6169383584261,11.9145015601479,12.9114313018503,13.9699126842159,14.025487199602,14.0921040480473,10.3258264388062,11.425483092484,12.4876590379094,11.972933291398,10.6245531324445,11.825227772979,11.9007470315143
25.0460615878645,21.1243007373971,28.846924572162,28.0270097930271,23.4443723172695,25.7186739230085,23.2904751897517,25.2498777482789,22.938448747205,23.1408775972041,25.0757625973654,22.5260343910117,22.4190047314411,23.2357574855569,25.1934146673256,24.7104917875022,23.1318475981418,20.4160888274966,23.1853080152931,22.7863838545266,21.1588398158,26.5264735253865,24.3336770338077,22.8486372262945,26.1679042980659,24.842165623144,26.0850374663359,27.0084229679098,30.7114124411624,32.6607243956867,29.9320686431195,27.7208787989705,28.2601853153569,23.8631034462524,25.0036083481596,24.3536741679619,29.0774669406242,30.3617717182292,27.777116140198,28.5382139538763,26.6539179127482,27.7432994385685,25.7673566507269,24.0013016174524,21.6799636074817,21.4341089570124,22.6528090242772,23.7366565836378,22.1635375812703,20.27217376284,23.479581756515,20.8015697738944,21.0118877191341,26.8165832409343,22.0885605319905,25.2334990168913,19.3811381212178,21.8857966486931,22.2837580627185,23.0705418782519,22.0707263137577,25.6199151407604,23.2957802298512,23.3227946553662,22.2758633377305,24.7511566570382,25.5309752841123,24.8388895481514,23.7931302584912,15.8574702895317,22.9847152166857,24.1492038954233,23.878700762769,21.7457781573949,20.9516257406055,21.6138455649993,19.1565239315965,18.58282594927,16.3443359869339,22.2174341639134,23.3892110068255,19.6759333580506,21.7520584983379,19.5587136740752,18.7183066507721,22.023603616202,21.178703789568,19.6913934447024,19.3109354170139,21.1654439125059,20.733135950373
0.0357290464876812,0.0409385673205371,0.036376954063256,0.101424643400581,0.0403517595822194,0.563424557591681,0.09291412974635,0.0451697276355615,0.0360667433132155,0.64729727544627,0.0707355785539223,0.0307312883915576,0.0341753120906115,0.06936047010614,0.0839780488910854,0.0365539819341748,0.0362568144171501,0.0545884728007931,0.139042326928294,0.105983180718728,0.0339083971407051,0.122524127138044,0.0380213703653246,0.175758747894573,0.0492804224069039,0.272136399627555,0.0552649098863048,0.0359632795844338,0.12725723387222,0.150164250095111,0.179592411858717,0.0331589459317829,0.0833633785113772,0.0388017942215486,0.0416033416774701,0.297722178092443,0.104344977059656,0.0372080535762613,0.0388491134827944,0.0312919012652152,0.0351171514001953,0.190457433216717,0.149159806950662,0.13091619064065,0.247771012656933,0.255929659188207,0.170321872362986,0.0871069966372031,0.038815302243906,0.102212640821042,0.186345886956468,0.173346414782453,0.0382034322166074,0.0438179464721149,0.064870956041088,0.0570893642916092,16.5976767952982,6.07938795797029,6.35921752087092,12.1186206929806,14.3630709979877,3.59344264311964,0.146514341068247,1.06985296584248,0.345362222290395,25.2848743208018,0.0379360702587106,0.111218908424559,0.0711304342555789,0.98815096759693,0.140579297961381,0.0406552254131705,0.0400649341657197,0.123321993331162,0.061262063569022,0.0396584322293565,0.112245257411698,0.0357362037485962,0.073292986488493,0.0402489749346257,0.0419161487577519,0.100902222348977,0.0353117832765226,0.169486253674828,0.39545718276279,0.0393982175602898,0.0457423407982031,0.0404340727817298,0.0505521869555338,0.0856900563259347,0.073003999825257
43.9324355612527,41.5714775713126,41.5344786103445,43.4820969544076,38.7195309071186,40.5496654098733,43.6166799268291,43.9808604041935,42.4862629555347,39.306803402837,38.1335503984195,38.2260350044907,39.5838969820717,36.4940113463455,46.0863134509388,47.0065930682521,41.395855292637,35.3001818213609,36.292480569006,39.6165129526606,38.2418902952872,42.7796053005659,40.0448676961672,40.4240726188821,38.5481320151283,35.9721556016258,37.2872347002899,36.8627212068405,34.9113253497252,39.3633056986819,36.7751381763094,39.1603835559763,41.0318717201924,34.1479070226161,38.7892916464061,35.1145445729351,38.2942587643036,43.3358479197358,40.6392806320816,41.077817547886,41.6229548685954,40.6055247618041,37.7001412067799,44.9251999802454,42.7706451565276,39.1770724043828,42.0126149682884,42.3074327317064,42.8004693252878,45.3888859917947,42.9198058367702,40.9318555565437,47.2079811900617,46.1709701976675,45.1089923475112,39.2203932683355,35.2901659662514,38.6774584071849,38.6359559828447,37.571111340359,36.7039598376599,38.8737294228,39.9786356755872,42.5851406877048,37.6436188240973,35.7884379436699,38.6390256406046,40.2846008204594,41.4395240407865,30.3032963396392,43.4903145138225,36.0847649722218,39.1967270423486,40.5980112779296,38.6355330104394,37.020749901782,35.8675978550501,36.9151411102623,36.8271604559406,38.7690201262795,42.2703402147549,39.584278168245,41.920030398891,43.8135524649725,36.7511541847553,34.7917779631407,36.4104458519617,40.1692296050095,40.4928072732521,38.1350742170123,36.9644802515215
28.2248748538735,24.540624180296,20.7945220207197,25.4758419293578,24.7263477191966,18.6168730876705,24.980273496072,17.0185982812505,19.7129998927042,21.4863857611635,31.8214610461602,30.4556287346853,28.7595503836123,30.3802327088398,28.8542977453177,30.422051464717,31.1833983757583,26.4486609567123,29.2753619347523,29.0609414303443,26.9283535892909,23.4823615866418,21.4010887375302,26.5325405821648,21.3601062880484,28.074368518149,25.6506552746295,25.3242625849707,24.1852372974154,28.458377856775,22.5532150812177,24.4451065303697,27.4315533329538,15.7399478259712,11.613156795849,16.2407448149428,17.1327496000151,19.6666887982687,18.3002633972051,21.7935575551718,18.2900659637637,28.1746855248044,7.46358384029376,14.0957462462788,7.0614738607226,7.86023965781782,8.59784811688356,11.1061420712434,6.01947707198494,7.73920045416656,9.00671786956262,4.11524388693544,3.93495351831056,23.8514228031663,8.02388855272218,12.9958228873419,13.0000530315471,29.0469234446041,23.8213638657858,26.8476374457908,33.1442331573528,22.3658531917132,30.014927911241,22.250801983592,34.9683567096803,13.4480172591441,17.5484673802744,24.386970050253,24.0531119956953,14.4105349441219,12.9100998282834,9.10880325382084,9.37759849082836,7.07046095098661,9.86686795842668,31.1711311479519,29.8359118726034,33.2689762417931,36.1572625594358,27.9327886046302,26.7303472243059,29.9363440079769,36.0865238016095,33.9870784494133,30.4102179575888,28.7295742271389,34.0913091734928,29.3235982627661,24.1649564084843,30.4379649075352,39.1735812862338
0.750309976241304,0.900648481051816,1.27319339221396,1.69041072334301,1.41231158537768,0.961136010009339,0.5574847784781,1.12924319088904,0.901668582830387,0.970945913169405,4.9161227094976,4.30238037481807,3.58840776951421,3.08654091972323,4.6187926890097,2.92431855473398,3.00931559662346,2.72942364003966,3.64986108186772,2.11966361437456,2.88221375695993,3.67572381414132,2.54743181447675,3.91063214065426,1.2812909825795,1.399558626656,1.21582801749871,0.791192150857543,1.10289602689257,1.351478250856,0.957826196579823,1.72426518845271,1.0837239206479,2.25050406484982,0.915273516904343,0.952710969895818,0.695633180397707,1.07903355371158,0.505038475276328,0.970048939221672,0.913045936405077,1.4601736546615,0.708509083015645,0.785497143843898,1.28015023206082,1.5995603699263,0.613158740506751,0.958176963009234,0.737490742634214,0.408850563284168,1.36653650434743,0.476702640651746,0.72586521211554,1.13926660827499,0.48653217030816,1.59850220016506,0.618546961315461,1.80420545849441,1.66929459922862,0.978522167756196,1.42052350529549,1.19781421437321,1.39188624014834,0.285294124224662,1.81315166702457,0.600432371734079,2.27616421552264,2.81754568008882,2.48956519894526,2.82328847884837,0.984055085729664,0.85375973367658,0.600974012485796,0.781039291097358,1.28650333494946,2.85540712051367,2.54422583466515,1.8940187986756,3.40812387171492,3.86390159372406,2.89221426428488,3.53157778221421,2.15401877986788,2.47449930365249,2.98789871420775,3.82162710334811,3.88809896784726,3.19429174975666,2.17374403908795,3.34191219671145,3.75970599100074
13.8700158465178,13.4278500811362,14.6817386599301,13.5909022156778,14.163467613359,15.7427449915323,13.1008922942353,13.5057485630329,13.1156712058508,16.0853372948398,20.7615996613617,17.5948918557024,20.1292588213702,18.6579664585516,17.9167167309131,17.363141418733,18.8535434969181,16.3219533674371,18.9469502847013,19.4832413887929,19.7563885100604,18.836552995885,15.7408473312444,20.347150846885,31.4409094956047,34.1811093257913,33.4352704812144,34.6326382398097,34.3594531454994,38.2168016492058,34.2877832720662,38.2282855858339,35.1018177897856,32.0890838212207,31.2025062581026,29.5578578410178,27.2681250384097,32.5209550672596,30.8737789759116,30.2811728543488,26.9366109815198,32.1441358620961,23.1570600290903,28.8015619409429,26.9244500420534,33.6233987999987,24.1175771265989,26.6547409709842,21.3829618531454,20.5409930081993,31.9483811657299,23.0563732641771,20.6317635685788,27.4685942844394,24.8267635864848,27.759132493152,77.765270343983,43.8108151551795,52.906040099679,54.0821675025252,68.4481881625715,46.448573424028,29.5226397252517,41.1536774194076,28.3611456944872,94.5347411941323,16.122829859952,15.4223553015388,16.1821737931442,29.6445290279079,23.933625477925,22.9116588338463,17.1842509130189,23.143427415148,17.8499274621059,35.0584506750734,30.8146905172334,33.9872739371399,41.0074259403118,31.2332045492695,31.1436985270096,31.6160296693462,34.2171179949504,36.1188765481353,34.3168955264155,30.2590130328293,31.1505340835763,30.8224893407848,31.342355912431,29.2383041189722,35.370437915337
100.039901003648,95.5383345559374,114.306938983429,116.861474126149,131.244098041169,101.285838439626,103.927551258951,95.3149007701801,107.382957536169,106.080372094686,137.672656539499,134.596282271576,135.402586503003,151.48326671181,146.581444924752,134.132643468538,125.686422585916,135.647987832147,142.723472533721,135.683554006075,127.176834315928,129.440614114987,128.482575165912,123.235882467499,120.53301394815,122.144924076262,118.543231706124,129.683586181468,120.149068978897,118.55467545009,112.160250336752,125.993052088618,123.847969651642,151.400332855118,147.691862955019,129.918813187268,121.610592597127,131.214945097757,119.783083110365,135.316507398208,133.316997718131,149.355449412328,115.581697008964,134.172512689185,111.563027965662,102.821660051306,113.804646744266,117.550891961906,101.202361234491,99.5462537308238,102.366007234753,109.972699002136,107.194246387934,123.11703692056,119.354774600877,117.646907463934,74.9926335898864,116.656394979047,97.468256877182,101.196504461266,85.903002263844,100.316940453757,113.893655601107,86.5782078784583,118.353906767807,59.0995576291659,103.93648657341,127.113573357207,135.65711899487,113.251982396284,104.050821730851,102.92154899922,101.943221737966,80.6040769878695,87.5251102210617,127.242890054923,124.924855839781,130.544352293622,116.018400032095,117.11847971352,126.568745304445,130.501552934309,124.765005143941,124.165968414687,127.938747164288,117.282977926524,129.941639775679,116.542319297324,119.347647139581,125.825993358158,132.043064523941
1.8936394638471,1.80129696210363,2.98291023318699,1.75802715227673,2.34040205576873,2.0548425041579,1.76536846518065,2.21331665414251,2.70500574849116,2.36263505537889,0.212206735661767,0.276581595524019,0.170876560453057,0.17340117526535,0.251934146673256,0.219323891605049,0.10877044325145,0.0545884728007931,0.173802908660368,0.317949542156184,0.305175574266346,0.245048254276088,0.0760427407306492,0.219698434868217,0.0492804224069039,0.427642913700444,0.0552649098863048,0.179816397922169,0.296933545701847,0.375410625237778,0.239456549144956,0.265271567454263,0.166726757022754,0.426819736437035,0.374430075097231,0.238177742473955,0.243471613139197,0.29766442861009,0.388491134827944,0.187751407591291,0.0702343028003905,0.317429055361196,9.21061807920339,4.23295683071434,7.92867240502187,5.24655801335825,4.9733986729992,5.40063379150659,16.2247963379527,9.09692503307274,13.4169038608657,12.9576445049884,8.82499284203631,3.89979723601823,7.71964376888947,3.93916613612103,1.1855483425213,0.470662293520281,0.450444574395024,0.489261083878098,0.631343780131328,0.399271404791071,0.293028682136494,0.285294124224662,0.172681111145197,1.26757945143861,2.57965277759232,3.15120240536249,2.98747823873432,1.92924712721305,0.210868946942071,0.569173155784386,0.0400649341657197,0.205536655551936,0.061262063569022,0.872485509045843,0.486396115450691,1.07208611245788,0.293171945953972,0.804979498692513,0.628742231366278,0.504511111744887,0.459053182594793,0.406767008819588,0.65909530460465,0.748566133645505,0.869104475165858,0.485208873380758,0.454969682599804,0.299915197140771,0.511027998776799
52.5699325496497,51.7467584788321,44.5464904067821,48.3291806625214,50.8734808932831,44.979176711175,50.2148219938832,47.1802322126203,45.4466212466834,47.411288940062,33.6637691895972,33.361579364991,30.1815851197026,35.629086284122,38.8857556121875,39.1840409343387,38.0671171609984,32.0079510267451,37.7812762845907,36.8549445403996,34.8066305809623,38.9347981909741,35.9355179870829,36.0283463340389,43.049898601999,40.9332021668361,44.8717909330864,41.466020993648,44.1972857053811,38.0831554666211,40.5274223014109,40.8886278179408,44.355569621441,41.2474713113328,43.6373290520817,44.2105525580155,41.6611233574285,45.2807128801669,49.1208190876453,44.9583262237853,49.8284284647651,45.9129385674433,36.5374405115995,40.5390712064815,39.7127379086533,38.1277608017112,34.8086810548235,37.0457345998361,38.7574674435626,37.8748940562371,37.2691773912936,41.2772482879977,41.4812867007923,39.2687672693799,35.7393558117166,38.9355173405204,36.7991628239606,40.7409203456934,41.529399954841,36.3182266109511,38.5664239890473,40.3111064800479,45.2018719346702,42.402552448201,40.9366476136362,40.7279949218023,43.0471970046667,47.8130087317177,47.1232013899785,40.4487834883808,35.116357182508,36.4148854025768,37.6646439598515,37.3098358624097,41.4156054552016,37.4094025376297,36.1018162921825,33.7760729729857,32.967918252389,38.5565055386247,39.7277066311096,46.8122406958434,44.9639061173272,42.9640873615543,35.7669051965457,35.7688537586359,38.642214659506,39.2942362700129,41.2450238151505,38.6620680634168,38.9093068068664
28.6189662366326,28.4113657204527,28.7741706640355,28.5679412244969,29.3357292162735,30.7894949413337,29.8254356485783,29.360322963115,28.6730609340063,25.503512652583,36.42882295527,39.9506749090249,36.1916555039576,26.7037809908639,40.4494268825395,40.0631641998556,36.1843007883158,33.244379935683,30.3807484338323,32.0422483039621,26.4146413726092,44.3231029921874,40.2646312168787,36.7775179969395,38.3894490549781,33.3561472686346,31.1141442659896,28.4109908717027,40.5102194493233,32.3603958954964,35.2001127243085,39.9233709018666,35.5961626243581,33.9127681496335,35.6956671592694,29.1172290174409,31.0600215047576,38.9940401479218,38.9656608232428,41.8059800903275,38.4181636318136,39.1390025260354,43.7784033400194,36.5256171887413,37.6611939238539,29.4319108066439,43.5683349504519,40.3740929413436,45.2198271141505,48.4147208689002,37.0828315043371,42.8599010549615,40.1136038274377,30.3220189587035,41.4201054322347,39.3345719969187,20.1543218228621,22.4741245155934,22.866686335465,25.1404926177361,22.5968461305338,21.6272010928497,26.4458385628186,24.1786770280401,24.520717782618,20.4480579929439,23.9755964035051,21.8359790206883,21.8014780993349,23.2921299504991,27.5886872249209,28.7025891416983,31.8115577275815,27.9940924861737,28.5481216231642,28.5540712051367,27.3504277226504,29.1964784626031,28.9507296629547,26.8863152563299,25.4431022959554,25.5955304025239,25.2126132594371,26.0669858151886,22.3213609826108,23.4813376659327,25.2497721206081,24.5030481057283,28.8147465646543,22.7078649263727,23.2152719444317
17.1856713605746,12.2815701961611,16.9152836394141,21.8062983311248,13.9617088154479,17.1015924539593,14.33974735752,14.1381247499307,13.7053624590219,12.6546617349746,12.5555651933212,12.3539779334062,13.9093520208789,17.2360768213758,14.5561951411215,11.075856526055,10.0793944079677,6.44143979049359,8.4120607791618,8.86725945346692,8.0362901223471,12.1911506502354,10.7600478133869,9.35915332538603,17.938073756113,14.4621058087786,15.1425853088475,12.6231111341363,16.2889259356442,14.5659322592258,13.9483439876937,21.0559306666821,19.9655291534748,12.9986010642188,10.6504554694324,7.68123219478503,7.58240166633501,13.1344429124202,12.9367547897705,10.7331221339688,13.0284631694724,11.0147882210335,1.04411864865464,5.19300889541244,0.0412951687761556,0.0639824147970519,6.98319676688244,0.914623464690633,0.038815302243906,0.102212640821042,0.062115295652156,0.26001962217368,0.0382034322166074,3.94361518249034,2.07587059331482,5.02386405766161,1.64945856350789,7.64826226970456,7.79004146306688,7.86581281004019,8.10224517835204,4.1258045161744,4.17565872044503,1.35514709006715,4.87824138985183,2.26830007099541,4.51439236078657,3.44778616116132,3.66321736416232,2.3056855910595,26.0774597718361,18.7420589154716,17.6285710329167,20.3892362307521,16.1119227186528,11.8578712365776,11.4116011701893,15.9383468718739,18.1766606491463,19.8024956678358,17.4371178832248,13.319093350065,15.9609260409882,14.5419205653003,13.8849410836713,14.1045618865837,16.1470463017657,13.0602055084987,10.0598852041512,11.0968622942085,16.0973819614692
1.3219747200442,0.941587048372353,1.70971684097303,2.36657501268022,1.654422142871,0.994278631044144,1.88925397150912,1.71644965015134,1.80333716566077,1.78006750747724,0.106103367830883,0.307312883915576,0.512629681359172,0.62424423095526,0.279926829636951,0.255877873539224,0.1450272576686,0.272942364003966,0.208563490392441,0.600571357406126,0.20345038284423,0.459465476767665,0.456256444383895,0.26363812184186,0.295682534441423,0.505396170736888,0.663178918635658,0.395596075428771,0.551448013446286,0.825903375523111,0.778233784721106,0.331589459317829,0.29177182478982,0.232810765329292,0.166413366709881,0.833622098658841,0.243471613139197,0.632536910796442,0.6992840426903,0.187751407591291,0.421405816802343,0.317429055361196,0.67121913127798,0.480026032349049,0.247771012656933,0.959736221955778,0.340643744725973,0.304874488230211,0.659860138146402,0.306637922463126,0.683268252173716,1.21342490347717,0.343830889949466,0.394361518249034,0.356790258225984,0.285446821458046,1.67523135356271,0.588327866900351,0.556431533076206,1.50541871962492,2.18339723962084,0.465816638922917,0.512800193738864,0.855882372673987,0.431702777862993,2.73530302678858,0.910465686209056,0.815605328446763,0.64017390830021,4.65842599009981,0.913765436748974,0.203276127065852,0.240389604994318,1.06879060887007,0.490096508552176,0.356925890064208,0.261905600627295,0.285889629988769,0.476404412175205,0.563485649084759,0.419161487577519,0.672681482326516,0.670923882253929,0.338972507349657,0.483336556710077,0.669769698524926,0.503165748780234,0.283038509472109,0.707730617377473,0.471295309792641,0.474525998864171
6.43158565824748,5.40389088631089,7.16625995046144,10.2100807689918,7.908944878115,6.62852420696096,4.49084960440692,5.78172513735187,6.70841425625808,6.34351329937345,10.044452154657,8.45110430767835,10.3558030696971,11.2017159221416,8.39780488910854,8.37597942039682,6.59728995134463,9.22545190333404,8.37730019742973,8.65529309202947,10.002977156508,9.46498882141389,7.75635955452621,6.89853085486201,9.80680405897387,7.50318930401688,7.57129265442376,8.70311365943297,7.16882417480172,6.23181637894711,6.70478337605876,9.81504799580774,9.79519697508683,7.48874628475888,7.90463491871933,7.80032106602201,10.3301527289059,9.15318117976027,10.023071278561,11.5783163871423,8.9197564556496,11.4591888985392,5.33246309848617,5.76031238818859,3.79915552740631,5.24655801335825,5.62062178797855,5.1793820200481,6.24926366126887,3.33894626682071,5.83883779130266,5.72043168782095,5.1956667814586,4.29415875426726,3.89225736246528,3.54524952250893,8.35038397775872,6.27549724693708,6.86265557460654,7.3765517261621,7.26045347151027,6.38834247665714,6.37337383646874,6.06749278694801,5.74164694557781,8.03912231043962,10.5082914616628,9.71311800241145,9.28252167035305,12.5636337308752,9.11059285263217,7.31794057437068,7.88197449842204,7.64596358653203,7.35634859336816,6.06774013109154,4.04082926682113,7.433130379708,6.26655034476615,6.03734624019385,5.16239288100472,6.45774223033455,4.20210220990618,5.7286353742092,5.09700368894263,4.64898967211419,5.71779259977538,4.64991836989893,2.93202684342096,4.37019287262267,7.92056896104126
583.569662092594,599.655033769685,541.34109550556,543.253041557203,470.748469497321,632.503059762104,631.245279804772,633.500913115986,550.732678379004,546.768772083087,413.09754714437,471.545806086203,450.415234463819,431.754013909648,406.072216364058,372.290974265171,416.934874821873,469.788396923626,441.683593749506,399.421286115554,475.505591119421,457.909726663329,457.524076871875,399.957046105761,496.962013307509,494.936413834061,448.021018817197,456.823918554066,450.28996566892,365.741549174154,417.566724964465,498.682693299432,448.5570821082,472.730407377913,504.261623470112,538.117950793186,494.743361130194,484.177982932887,492.932314532819,515.011811512304,499.91196461505,499.401292499053,286.661283390061,297.743565148634,176.099943632413,217.36553831758,366.120831037773,301.28872871364,235.021609097559,282.391039807558,206.858221039679,301.607593910175,259.997660327665,278.965641676325,306.527592775789,309.9056178015,319.385434835735,361.946755870077,380.815911954628,383.808384341772,373.228871901153,330.470952674498,410.133199522111,357.14116999878,411.18092291172,243.958674797415,408.662902615637,375.859110805069,399.408413562385,644.816502261137,602.916844545014,623.423082023467,576.586887708464,646.921690469986,502.40160664065,745.983041920641,725.38647262653,660.015520653197,683.90015510852,593.0742805182,664.914191098268,632.731601772626,588.991010870912,630.178703826136,626.652436727661,736.9310520356,565.33233446544,546.252193059335,548.216730092373,550.453641575131,653.233220076416
28.6189662366326,26.1597445178232,33.9396981410179,28.3989001521626,23.5654275960161,26.9780935223311,27.9052103004871,28.5472678656749,27.4107249180438,26.3773639744355,22.2463394552086,20.8665448178676,19.9925575730077,19.5249723348784,25.8092536925269,24.2352900223579,22.2616840521302,17.4683112962538,17.5193331929651,19.6068884329647,17.1915573503375,26.2814252711104,24.5618052559997,26.8910884278697,22.1269096606998,24.1812629383342,23.0454674225891,23.5559481278041,27.7844960621014,24.7020191406458,28.4354652109635,28.9146008525147,26.4261909881066,24.9495536844558,20.6352574720252,21.5550856938929,21.2863753201698,28.7246173608737,31.0404416727527,29.8211819057501,29.1823528135623,28.8225582267966,22.746870559976,24.7867987612963,23.1665896834233,21.2421617126212,24.2538346244893,19.9910557282381,24.9970546450755,25.4850184447131,25.5293865130361,26.782021083889,26.1693510683761,25.5020448467709,22.7372700924013,23.7491755453094,28.3242962702371,25.4549857078885,27.3976288190856,28.4900492689016,29.72576964785,26.6180936527381,26.5190957333527,27.8875006429608,24.089015004755,31.5560568700244,26.0620802677342,27.5452163198157,24.4688693839192,21.3158280153052,22.3521083758595,19.1079559441901,22.8370124744603,16.7306837619276,19.3588120878109,17.8462945032104,19.3061842748121,26.6949442002013,23.2705232100965,26.7655683315261,25.7365153372597,24.2501674378709,24.7888718601188,23.5585892608011,21.310748182217,19.5021176923434,25.3869991430027,25.7969384347436,22.0913056995683,18.8946574198686,23.5072879437328
75.9242237863225,68.0398988867326,99.4909693630052,104.568807345999,94.90733853738,81.9285591980374,77.0258135597241,80.4021151912995,101.672149399954,74.4715515400934,84.2460740577214,79.2252614734355,79.696827795306,86.0416631666666,75.1043683915941,65.4681816441071,63.1956275290926,82.2102400379945,75.7085470124562,78.1096041897026,86.2968707230944,82.4587375639036,66.5754195096833,58.4397836749457,104.57305634745,88.6387130215466,103.732235856594,93.3247105216056,99.7696713558204,104.43923594115,103.325500956048,100.173175659916,94.8258430566916,94.7539814890218,102.801857285029,115.456660664249,108.936156050281,107.270818460361,107.534346120375,94.9709203399282,95.6240032627317,108.116336256023,83.4922019406332,79.6843213699421,81.227596982698,86.5042248056141,85.1609361814932,73.6489656567552,103.326334573278,86.0971144515911,101.12370132171,102.317721325343,93.7512226595545,86.1022648177058,91.8897092322012,91.2288041379914,58.6588701647495,61.3037637310166,52.4105510678445,70.0772413985399,50.8231743005719,75.9946573785672,77.7258579367049,90.9375020966112,70.6265744583857,41.1963321717549,90.1740390049552,79.5585924930343,80.590782011571,103.614687173735,68.1106698622889,66.2680174234679,65.2657777559574,65.4839784588469,74.2496210456546,113.938675794941,114.116011701893,109.317047266956,97.8461369621382,103.19837173238,91.6706173332034,68.8153156420026,69.9173308875147,76.980656419107,103.741600944772,105.153842668413,87.4136132653661,95.2626754737555,91.2466974547386,83.5906499459493,96.8763077681161
8.59640858493609,6.27219789917949,9.26884789531764,10.306772262367,9.83130270461194,9.11355793215062,8.42824070929141,8.15313583821885,7.96642226302303,7.92097675963601,7.93264145692961,8.17452271215433,9.47647228960566,8.9367497708256,8.58563579179493,6.19918979621671,7.24157354353739,8.79311119875176,9.81708349277221,7.10899848534322,8.25703378773309,8.29243292470282,9.112962049161,6.94290993870538,5.23111683849285,5.97533780325075,5.73649764619844,7.64435470846724,5.44788218206974,6.12294729762815,5.05432911107715,6.23023435112269,5.49281301011465,6.70417400559917,5.19084894109795,5.90383079157315,5.77688574661276,7.87024749245079,5.98315196748517,6.50496043501294,6.41871293292769,7.57512697713957,5.85974301605676,5.80046001998505,4.49621797634782,5.65476581976344,6.7229449459118,6.74643688955138,6.25974379287472,4.39446213769933,5.34005196721585,4.1867492830332,5.95782525417992,4.66529676088608,3.89193300768507,4.38617585852433,4.57698978583386,7.72239158093401,4.06618966980355,6.77363152895232,6.41629422549301,5.39415667872737,4.90749785408093,4.81291187567006,5.17913822602233,3.60059278916536,6.7935914619299,6.12742039480368,8.06761385326777,7.41960212241352,9.84055085729664,8.93479888905247,8.04383683245155,7.03182005974285,5.86400472482678,4.25495319388766,4.38467390535896,7.12544166543259,6.53443621038159,6.78114729698573,7.02137407841102,6.50382091187392,5.14563305905487,5.7225338690769,7.45612548255754,5.02366672111255,5.25762465134546,5.82938027294199,4.0669234405727,5.30592828770187,6.82477892366415
56.4286695703192,56.2819329666012,56.6087246046171,58.5372329386451,60.609553445281,60.0325551851833,69.4325611630866,59.5639647411859,64.693999483214,67.7700828473981,80.2148534359334,80.865390334893,74.5373809289864,77.9847509591374,80.2894530569593,85.1945379948845,81.7079944023453,96.7345949961015,91.6532258529583,93.520971775282,85.468488580947,82.9448520383238,79.2977502476246,87.1029596784624,62.0208900117607,61.2788969355625,59.920978544226,67.1481182104838,63.4602131966191,60.6310684396525,51.693879829413,65.1245013994809,57.8062507442518,65.740327877801,67.5396969460386,75.7953029874866,77.8069190440738,67.6788448914689,69.4905747600789,82.4400784782728,67.7097307862305,71.6408809335236,50.7516243149628,42.3369868912797,52.944535887909,37.7816159376591,56.5138191812731,50.3744116902778,48.4958386235362,52.9672718910694,47.766662356508,57.011902357801,51.7904828844438,48.5980462527579,55.5642443326533,50.9214293735437,25.6166069470787,39.8313654634655,34.6187852814312,30.8230719296403,25.8372180820578,36.8267980209045,49.791433668633,40.9696627092826,54.8711498774979,16.7277123029716,44.6044726887868,39.1920604100355,40.4184466570476,49.867273853819,62.1174229419503,80.7567266562135,81.1731592171148,69.1129336492719,69.654966277978,89.3341878555261,74.6374839159086,85.1976112709156,65.9134821438991,72.2151133174547,71.5617641281595,68.6572354936558,68.59631707514,64.4091830390303,77.4335921630424,68.3070536773279,81.5261165812293,72.3672861018288,69.7347198176807,85.8725761459089,79.3922148299662
163.751222119551,162.292353043132,137.081094844271,129.990218050065,139.906410270684,164.921659383713,150.645704836713,168.43655926118,159.293460519447,145.869735616368,165.141050081451,176.596734116318,175.088667668225,159.383424256899,173.651768984794,193.193643159223,182.139732905995,176.024897623982,168.750458105611,175.63780002796,168.680712416151,188.350827063594,190.055903190333,174.145282588901,200.463887875252,173.395205919263,176.506174493078,178.943569126655,183.629643332936,157.691233131129,177.218200173945,166.444976588637,144.56710374686,148.879380284544,188.027550811577,191.517531834595,189.313091879334,151.616865034693,173.71419942945,151.104836181572,157.340289819491,141.270213943223,154.448267906098,155.5096698271,144.443893151988,135.477644739574,165.941534449555,154.92589100903,185.813509677847,192.504902760731,188.702541273511,172.526486240532,190.200371702246,157.894902856013,201.215434029126,144.149503049027,135.142717387207,143.737518911048,152.343799636554,147.999972454405,121.945629491816,163.286699155698,190.108218109693,187.785585211847,193.102811052006,103.199981038875,168.905041777073,168.968955894316,169.011957878167,148.830593258651,159.163881151875,154.18697514072,178.281344699961,179.645203052059,172.658549480389,136.497581799966,162.125553202024,168.941831135376,144.061029592457,159.924069535994,147.943466201973,120.287893647404,142.341092151997,150.219056357074,121.486204132208,138.312170531504,126.556249133204,145.784645073799,168.064789708629,149.331632708925,118.279985456884
1.92936851033478,4.46230383793854,1.74609379503629,2.02849286801161,1.93688445994653,2.61826706174958,2.72548113922627,2.48433501995588,2.63287226186473,5.14601333979785,11.3530603579045,9.46523682459975,8.61217864683409,10.404070515921,10.4972561113857,8.00532204358428,8.62912183128173,11.1906369241626,10.880062082139,8.72594854584195,11.6983970135432,10.5983369974408,9.77149218388842,13.3137251530139,12.2215447569122,10.49668969992,10.3898030586253,9.88990188571929,10.1381596318202,9.98592263132489,11.9129633199615,11.9040615895101,9.00324487922874,9.8168539380518,10.3592320776901,11.4920760743683,8.5562881188918,10.3066308406244,10.4115624133889,9.98211650360365,9.79768524065448,10.9195595044251,9.76996735526837,6.06578349968344,6.6898173417372,9.53337980476072,7.28977613713582,9.58176963009234,5.12361989619559,7.9385151037676,5.65249190434619,8.71065734281827,5.46309080697486,6.13451250609609,6.09786986786227,6.67945562211827,63.4010635348347,23.0232305247004,34.2602843936921,35.5278817831481,55.7687005782673,23.0246510096184,9.23040348729955,13.4088238385591,8.11601222382428,83.6602437949484,11.9877982017526,11.1960367814056,11.9143477378095,21.2217183993436,12.5467023430532,11.6680496935799,9.81590887060134,14.4286732197459,6.55504080188535,9.79563276065105,7.93199819042666,6.82561491598186,9.27156279079437,7.848550112252,10.143707999376,9.75388149373448,10.205105366915,8.20313467786169,8.83187708170231,9.69196151983128,7.54748623170351,7.92507826521905,8.08834991288541,7.06942964688961,10.1840579756234
40.6432195415968,38.7565416823525,40.7058115967835,39.3199676713924,37.3253776135529,42.8202663769678,37.2697157238559,42.8660715261479,40.9454916811941,37.7730325086671,57.7909676785545,54.7016933369726,52.7666818679041,54.3786085632137,54.1938342177138,50.0424012678853,53.3337740076278,55.5710653112074,47.6219969729408,46.7385826969591,50.1166109739621,52.1925213679461,53.2679398818197,50.4427606457426,60.6641999828987,59.8322975883995,65.7099778548165,59.0517050776402,58.5807466591786,53.383390908812,68.0655240944537,59.9855279589732,57.687457929873,52.4212239933122,65.1508330669182,59.3658023116332,54.1202614349416,53.1331005069011,58.195971997226,48.5963226648792,53.7295928138128,52.3440512290612,49.2227362937185,45.1224470408106,42.5340238394402,49.330441808527,53.3914786171148,53.0917144503753,48.1697900846873,50.3226901642264,60.1897214869391,49.9671040610421,49.8180396791004,50.4782743358764,50.6966521461103,51.0995481901335,54.1744046952124,45.5757987558805,55.8021337456423,54.9854187343001,58.1625457445986,57.162356119255,50.6939620096134,51.7095600157201,55.986238152718,55.2064208455501,44.840435045796,47.4534009278117,44.1719996727145,45.0785060456123,50.5396634100959,48.7862704958046,46.5554535005663,50.1098366235621,44.355571885879,49.9696246089892,50.3607054920485,49.5661145993029,52.184606379807,45.6689018993224,47.7844095838371,43.8924667218051,42.3741399318271,47.3107318232989,51.2336750112681,49.0113826450004,45.0104633454318,52.9686353440661,47.5190557382018,45.6299549935602,46.6860578882519
4.39467271798478,3.6435324915278,3.52856454413583,5.17265681342961,4.3579900348797,5.20339150246435,4.2740499683321,5.91723432025856,4.9050770905973,9.06216185624778,9.3724641583947,8.78914847998548,7.96284771711248,8.35793664778986,11.840904893643,10.7834246705816,8.95543316103607,5.89555506248566,11.5057525533163,11.4815112445289,11.0541374678698,12.7731402541411,13.7637360722475,12.3909917265674,5.32228561994562,5.48160462106933,5.36069625897157,4.67522634597639,6.06592814790915,5.78132362866178,8.97962059293584,8.5218491044682,9.67015190731976,5.23824221990906,5.20041770968377,5.95444356184886,4.97377723984361,8.48343621538757,9.16839078193948,7.47876440238644,7.37460179404101,10.1577297715583,9.06145827225273,8.29135874057448,6.3181608227518,9.40541497516662,8.37983612025893,11.9336585392968,14.9438913639038,7.08674309692558,9.00671786956262,10.530794698034,8.48116195208684,7.84341241850857,7.75207924691002,4.11043422899586,200.615397786648,54.8713790529061,110.994842478868,69.5503448466712,115.509605773194,64.8816032785491,15.0909771300294,31.5963242578814,33.888668062245,148.573654650199,11.3808210776132,9.89848284978572,7.64652168247474,28.7504876762726,15.885460669636,11.220842214035,11.2181815664015,26.7608725528621,12.3749368409424,6.38500758892639,7.33335681756427,5.07454093230065,6.19325735827766,8.21079088666364,8.25748130527712,8.6103229737794,10.6288467662333,9.05056594623583,8.56823895986045,6.65829876768897,6.58689707494124,7.03552866402099,6.97620179986367,5.31278349220795,5.69431198637005
13.4048236612482,11.7460937356085,16.9880375475406,10.7844823327837,10.80700825131,11.847824167522,9.63488554093067,11.5634502747037,11.1410170094523,14.7163035572709,17.187330877032,15.2986499870852,16.5022329491936,18.3867670204366,18.7304640246677,14.9856704337343,14.0255860891303,8.95250953933007,15.5032194525048,18.7918777732377,12.2409313677945,18.9912397063968,13.117372776037,13.5857118153808,7.687745895477,8.7075872555114,7.84651190565756,7.33650903522449,9.07089563041184,7.27921202336051,9.08198826769531,11.2054025987274,14.3789323425349,11.9121508260154,10.1441428012175,7.20487670983713,8.30620799053882,9.19038923333654,15.4269829640177,7.88086533364445,8.47306628983912,8.82071859037691,9.79308712534573,7.91432011152941,3.44938544787227,10.0318028160298,5.98987960726151,5.58181634451198,6.079640790463,16.6749702235448,9.43531340956249,11.9526686652871,9.35372834391415,8.83676526503141,8.15460352914497,15.8685596984957,67.6994494601761,27.3874466413672,45.2357638999219,43.0090601103241,44.8204102510649,41.3245903958759,20.579404346446,27.2976550411263,16.145683892076,54.7994611269303,57.2038003431098,44.4234271326319,45.1610683610384,88.8065391021755,10.9655366892326,10.2040550264517,10.1616692524515,14.706147704741,6.52992335582205,17.2514180197701,18.3603309056895,16.2592579815363,25.2989066111656,18.7395202398124,16.9307708062311,20.966472781894,20.1856277921914,18.9360211780739,28.0339596860542,18.2705294114088,19.4061880836377,24.7213920987496,18.3651039990759,18.1624358885635,11.6054458522211
54.024819322628,53.3204370066335,51.437013045444,53.2932407926904,47.013431571648,57.1053988953893,55.1919222106294,54.7813939791326,57.3883199576891,56.2824981000532,64.756653776652,68.7766234203059,62.8825742467251,59.7890720338432,63.6746760106877,63.2062212420203,61.2431980727291,66.5433483441668,59.1513867218349,63.7729060566112,67.4661814549752,65.3944960670703,67.3358469169898,58.1322058661301,58.9896512295121,58.0152039714578,54.6652856140384,56.4263856679766,60.2346665087379,49.9303639778749,57.9484848930793,59.7855795150046,56.6054012767954,53.1584580835216,58.5288291721153,58.1820589315376,56.7330596605154,57.6996449223157,55.6711681119792,55.105038128044,55.0636933955062,56.5658576653651,69.0233277669016,56.5998694742764,61.9902426083259,61.2318107849266,66.9695382818921,68.1616604035946,71.8863279087364,80.7823978376996,71.3710958572837,70.6798337973605,66.0537343025142,60.5564020244628,66.0363627663661,62.2045713321373,62.4995313387174,58.0899247034289,61.3995700009923,60.6311152875735,61.1877346910612,59.0921679090785,69.4485302380543,65.266736798876,63.7612051820305,61.3114837719262,58.8551574814715,51.7538653868946,54.5214778569013,54.0198606581251,63.5773389512793,65.3000165063803,66.3964101981141,63.9975373658953,58.1481128778086,60.2962837771913,62.6702687215314,64.0399918415593,57.1703617856868,57.4352872317108,56.2539866018285,54.9950745876043,55.8985529267352,59.5913667920696,60.4166301918899,64.8888643217972,52.923888303521,58.8720099701986,54.6469140989321,55.9984518089983,52.5617848141877
19.6867046147123,20.3874065256275,21.9353033001434,20.6568190392516,19.4495481186298,23.8626871450594,22.299391139124,24.6626712890166,22.5417145707597,21.9757425014009,19.4169163130517,20.6821570875183,17.6002857266649,17.2013965863227,23.9897292998867,21.1647555398872,21.1377228051985,20.5252657730982,19.0487987891763,20.0308211558396,18.3783512502621,24.3823013004707,23.4211641450399,22.4971197305054,19.0715234714718,18.0387556324551,20.669076297478,20.6069592018805,22.6517876292552,21.5485698886484,25.561986621224,20.160639126524,18.6733967865485,15.8311320423918,20.4272407636378,20.6023747239971,20.3472705266329,20.1667650383336,19.1137638335349,18.4309298452118,20.0518934495115,16.1253960123487,12.604003687331,17.4118533552064,12.7602071518321,13.9481664257573,16.6574791171001,14.1548869535455,15.681382106538,16.4903060524614,18.2618969217339,13.6943667678138,15.9690346665419,15.0733735864075,19.9478189826346,16.8413624660247,24.252195441577,20.4345879103389,22.5752221990918,20.4360591189083,20.808038753495,28.6144506766934,25.1272094932043,24.3213240901525,23.5278013935331,24.0840095773336,19.005971199614,20.6125710280182,18.3160868208116,16.1397991374165,22.703556620763,23.4987202888125,23.7585059602718,25.0754719773362,21.1966739948816,18.0445866643572,19.7925803902627,20.6555257666886,18.5064790883445,20.2854833670513,20.0359191062054,19.2723244686547,21.2223817491901,22.4738772372822,16.4773826151163,18.2413747304142,16.9246660953351,22.0770037388245,22.1418578865238,19.8372480394539,17.3749519584112
5.32362792666449,4.74396118110384,6.87597185703665,6.42356074870344,5.18076241276115,5.24979117191308,4.98794019854989,6.42945903164582,5.37791209543356,5.14601333979785,4.14934903797308,3.07312883915576,3.58840776951421,2.88886357992073,2.57532683265995,2.89763414792204,2.58184775464526,3.54879661677956,3.10307713122221,2.98166015088689,4.184296207163,2.87992960837972,2.85806641036145,3.73487339275968,8.32839138676675,5.32609810699644,5.37893367923405,5.87783841527985,6.21481911153965,6.00657000380444,6.12709445124655,5.46757859469168,5.41861960323952,4.66048350395021,3.67274300328706,7.34718791096531,5.49550212514189,6.75623836837752,7.2111724446763,6.81068231037409,5.90003260674681,6.95201374146555,12.6084784815395,6.72036445288668,8.41265178307841,7.77002445295398,8.64621952863464,7.05566672761345,10.7906540238059,8.38109583852271,8.8824872782583,9.62072602042614,8.42920528427225,5.25815357665379,6.70506201640686,4.57171629247206,3.7125704073955,3.33503456816912,2.71194130525475,3.47300098617468,2.15709124878204,3.53821009879021,4.98368531143642,3.49485302175211,4.25011384806117,3.1132418474412,5.46279411725433,3.89266179485955,4.44565214097368,6.90764581158235,3.87717703777488,3.96957620934196,3.29894667920536,4.11073311103873,4.22708238626252,7.27613256112003,6.41893212051697,6.64693389723888,5.31410798534819,5.11161981669746,5.23574614133079,4.07005930881658,3.3256637489829,3.34057405993087,5.66821961959999,6.33444541934339,4.52117296449439,6.18317840978212,4.90356213468678,3.81320750650409,6.93976022338893
26.0118177144265,24.8087717962455,29.7927253778067,27.3170372892231,26.7148824314084,26.2966812338555,25.5823570568284,27.0114971260658,27.266818612224,22.2731755994684,25.6770150150738,24.9538061739448,26.8959706153112,27.7095078074029,25.3622105455967,25.1856935526464,22.8124250631267,25.8203476347752,24.6104918663081,24.4114592922137,27.6794245859575,25.3012322540061,27.4404032063584,25.0649550372451,32.820761322998,33.3172706401164,29.179872419969,29.1302564633914,30.6664482185276,32.7358065207342,31.4286720752754,32.3962901753519,32.3441572286292,29.5669671968201,30.3288360828757,28.879051274967,28.0514079995375,28.8734495751788,29.3310806795098,28.1940030399589,29.3930557219634,28.5051291714354,28.6021387818242,24.4813276498015,28.4936664555473,30.0730146029103,32.4974132468578,28.8759693852328,27.4602737254737,25.8257272474499,34.1634126086858,27.6054165541056,28.805387891322,31.1173146871724,26.1105598065379,34.1965292106739,14.0461705798719,22.866343093527,21.5948428312908,19.9844335030208,15.5205345948951,28.5479054425616,24.66715446225,30.0272065746457,26.3338694496426,10.741067983243,24.9239981599729,28.6203324345864,22.6906085275297,20.139457815785,34.7107859078894,31.9143519493388,32.8933109500559,34.9005351860299,32.7139419458577,23.6760840409258,21.8504101094772,23.978992715308,25.4693128047513,27.4498009054147,25.4850184447131,22.2657570650077,24.1797435985988,22.9484387475718,22.8925769132682,27.460557639522,26.347588299765,26.4034495264696,23.1529016256345,23.0077801235135,24.3833359416359
41.2670486932717,40.0788574068058,53.3649916107966,48.6838288322787,40.9166842163705,51.5699183301562,34.0685142403283,49.4156820333043,49.6999722856109,37.2843230657051,45.2000346959563,43.3311166320962,50.0326569006552,38.18293879343,40.029536638084,37.8699252838051,39.5199277146936,36.3559228853282,32.6401862464171,33.4906851071181,37.2992368547756,40.279806796632,41.1011013649159,31.6805143079969,48.8861790276486,40.7815833156151,33.2694757515555,38.2289661982531,43.9037456859159,30.9338355195929,39.5103306089177,58.0281553806201,42.8904582441036,41.2463072575062,36.0700972343666,43.1697158234043,38.0511349677546,48.0728052205296,53.5340783792907,42.8386128320796,46.8813971192607,44.344839033959,45.0835516508376,34.1691257572096,34.8118272782991,40.3089213221427,59.2379472078467,42.3340003656807,47.6651911555166,48.6191461505423,40.3128268782492,48.5369961390869,47.2576456519433,46.2717514745534,44.598782278248,40.9330741970838,25.4635165741531,32.5149201106927,33.889330038308,36.6569458228667,30.8306212630799,30.4111719982533,35.8227563911863,32.3808830994992,36.6947361183544,26.9860993740483,40.515723036303,39.6310043686177,30.7994780326657,34.8205579057966,41.3303136006459,32.6054907813627,36.739544629965,44.478132261439,28.7931698774403,42.6724730787876,39.9218965527606,43.1335979245556,43.6826199471418,44.3946193528921,42.4191425428449,32.9277585598829,29.732521518832,34.9141682570146,46.0927316353519,50.1145327366886,38.743762656078,35.5011159023588,33.8699652602077,28.7061688691881,34.3483819177834
11.1474625041565,13.2231572445335,12.1135257030643,12.2385736370034,14.3652264112701,11.8319157094253,12.4504933860109,11.8344686405171,13.3807617692029,13.6903373756886,11.5652670935663,11.8622773191412,11.2778529899018,13.2131695552197,9.71346098840221,9.83302114029302,10.4782193665564,12.39158332578,13.9389932745615,13.8484689472471,17.3271909389003,12.9262954130636,14.1439497759007,14.5879760752496,10.1024865934153,12.3627678687947,15.9715589571421,13.9537524787603,13.4892667904553,23.5007051398849,19.6354370298864,11.5724721301922,11.6291913023371,11.7569436491292,13.97872280363,14.8265644690037,12.0692356799002,10.827543590692,11.8101304987695,11.2963763567427,10.2190910574568,10.2847013937027,11.932784556053,12.698870492143,13.1731588395936,18.6828651207391,11.6840804441009,13.1531564922177,13.0419415539524,10.7663981664831,16.7711298260821,11.5708731867287,13.1297555842036,14.50374028227,13.0714976422792,17.2980773803576,22.8346919885624,17.5713922914238,16.3484883765723,19.6080788231146,21.7813604145308,30.3446267641214,18.7538356567356,18.9007357298839,15.0664269474185,23.4168624976291,23.7100439116942,15.5335742099633,19.3830433346453,48.8428906840768,14.3039435675705,15.0017781774599,12.48223023933,13.3598826108759,17.3371639900332,13.6028422546693,13.6190912326194,12.829297145746,12.7529796489978,17.2668102469544,11.988018544717,10.52746519841,11.7235120478055,11.6606542528282,15.0713126319597,11.7800670505266,12.1217203115238,17.952728315088,15.5195213953489,19.2802626733353,15.3673419632166
2.46530420765,1.76035839478309,2.51000983036467,1.48756143654185,2.25969853660429,1.55770318863583,2.07508223100182,1.26475237379572,1.11806904270968,2.20081073651732,1.2732404139706,1.13705767048763,1.29866185944324,1.24848846191052,1.93149512449496,1.27938936769612,1.48652939110315,1.20094640161745,1.52946559621124,2.22564679509329,1.28851909134679,1.71533777993262,0.646363296210518,2.76820027933953,0.88704760332427,0.855285827400888,2.10006657567958,0.611375752935374,0.933219715062946,2.027217376284,2.4544296287358,0.696337864567441,0.750270406602395,1.2804592093111,0.790463491871933,0.654988791803375,0.382598249218739,0.855785232254009,1.01007695055266,0.782297531630381,0.702343028003905,0.666601016258511,0.857668889966308,1.44007809704715,1.15626472573236,2.36734934749092,1.1922531065409,1.08883745796504,1.04801316058546,0.681417605473613,2.5467271217384,0.823395470216652,1.18430639871483,0.744905090025954,1.07037077467795,0.627983007207701,6.98442610485374,5.09884151313637,7.02163601262831,4.70443349882787,8.04963319667443,4.92434732575655,3.66285852670617,3.28088242858362,2.76289777832316,8.67291203615892,2.65552491810975,2.44681598534029,3.94773910118463,5.27013849385029,2.31955841636278,1.42293288946097,2.04331164245171,1.47986391997394,2.94057905131305,1.42770356025683,1.64626377537157,2.28711703991015,2.45531504736452,2.45518747101217,2.01197514037209,3.53157778221421,2.1893305631444,2.2711157992427,3.47123527091782,1.49713226729101,1.69246660953351,4.2051435692999,2.37595278691009,3.77036247834112,2.62814399370925
79.1287619658026,73.6906493339864,86.2875901162058,79.6186831516005,67.6412510700786,79.1127621149204,66.5277557534499,73.9798833160753,72.4631366603137,69.0242213185753,71.8691162002489,67.2124008411757,76.9293110222083,74.2888783095317,63.5187567665799,63.8788145096092,66.3235029088602,71.4568567809662,67.0354342644865,67.0474330635509,67.8510417625222,64.2222464806771,65.2887763365208,58.5245872708048,92.8965530623582,98.3302677448542,93.4004609533495,77.1110255537595,82.5144388243066,74.9342132612119,72.0273327000569,91.8254110215898,94.1947822813605,85.0539209515768,85.7257656935111,85.0830440552584,79.4096578917101,90.0814418692001,87.0037551181226,70.0394109258806,73.3955487694361,73.2534205347585,69.6598672430635,55.890303721004,42.536088597879,46.1447573757818,57.7874861428035,40.5983934576844,48.6301395693001,52.9918029248665,52.0557235212893,51.8318781180643,47.5663293842535,70.4176308780123,44.5796453462159,74.8515782036575,70.3878091907934,60.4404906409848,75.8469173062209,67.608731053035,75.0117959367618,68.7758303799447,61.8554245121924,65.4265015084418,72.8541607921588,76.9557492174577,71.1775518229059,69.4402669342627,70.5468090425119,70.2170666612782,65.660372698822,65.4573522287292,53.5700221743005,66.3081804476102,53.8805975295905,71.811109574985,75.9952773797321,75.6360325959412,76.4812314007425,67.5736015279937,64.1853602697703,59.4330906672535,60.1822253560102,64.5481617670437,69.0894456067476,85.0398706573586,66.4974705119797,65.9936632092447,60.6631298685101,60.7525361339612,65.4364052033709
6.2525831353442,2.90663827975813,3.78320322257863,3.88794466368893,6.01241217775069,2.68455230381919,2.2299391139124,2.84569284104037,3.17387341156296,3.20412151345904,1.76838946384806,1.38290797762009,1.29866185944324,1.90741292791885,2.18342927116822,2.01046900637961,2.28417930828046,2.07436196643014,2.53752246644137,1.05983180718728,2.10232062272371,1.40902746208751,1.74898303680493,4.17427026249612,7.78630674029081,10.49668969992,19.397983370093,7.15669263730232,14.8466772850923,34.3876132717804,30.830030702413,3.44853037690542,12.7962786014964,16.9175822805952,6.90615471846004,4.7040104138606,2.64340608551129,2.04644294669437,4.50649716400415,1.90880597717813,2.84448926341582,1.58714527680598,5.81723247107583,10.6914889023197,19.0370728058077,23.8014583045033,7.18758301371803,15.1130639165547,1.55261208975624,5.04249028050474,36.4616785478156,8.66732073912265,9.3216374608522,9.24558670561625,8.62783715346471,24.8909628311416,7.01019889490855,9.45246772819897,4.84890335966408,8.73142857382452,4.52463042427452,45.2507592096547,26.1528098806821,34.3779419690718,10.7062288910022,4.77010161988741,5.42485804699562,15.7560120268125,14.5461738052659,20.8452799354971,5.37715814702281,5.28517930371216,3.72603887741194,7.52264159320087,21.0741498677436,4.79867029975213,4.93879132611471,4.57423407982031,7.58582410155903,14.1273902020536,7.88023596645735,4.47333185747133,4.59053182594793,2.98295806467698,13.3137251530139,3.97921997358926,5.62630791817898,12.1302218345189,12.9413598606167,18.9375024480316,7.0448859831373
8.88259824730241,8.31871687953313,9.17281273659064,11.475860318631,8.04735141348202,8.6933094974293,8.67291458429013,7.71273099377213,7.72838175715581,8.53558552267224,6.01641463390386,4.76918864548583,5.14611849460428,6.30556033734918,5.44429690960907,5.63881725316581,4.12783832139254,7.24771153376131,5.9812532986379,4.64312314728748,4.90010247080329,6.31489351269478,6.12828447548302,4.52578775828526,5.7204714329934,5.70320140362319,6.53949678684645,5.94293195132768,5.47206105650546,4.78498382928071,5.30096935669646,7.09070899805245,7.02378145647609,5.50946676151769,6.73932531833339,5.5828862835895,6.91111564725122,6.77186575087955,5.502588433703,6.0853360390464,5.75183822783798,6.63077553744002,7.8446871470527,7.03499969772638,10.2135340934066,8.88779723945847,6.99648187292676,8.57699042388221,7.46612338661532,6.91638869555718,5.82455127330267,6.20666838128573,6.72647831037806,8.00422428206123,6.60159284152132,6.33691943636862,5.45403783139907,5.7569842869089,6.70208533220455,5.52300492762392,6.27660941413895,4.24625138995304,4.59542230760556,4.118220683183,6.46604420683192,6.12941379478539,5.49503977697424,5.97023100423031,5.1694043095242,5.29178370552146,7.97119764265518,7.43990625061019,7.57187190797937,7.01455498067648,5.4682517941709,9.27848680438024,9.10383867780478,8.67246192570932,9.01320501342243,9.2520318682224,7.9389185747182,8.10581186203452,8.11182285428276,9.14276646823494,8.2492368324318,9.96774904275331,10.002935085751,7.779111262477,7.02321533373231,7.70482141454641,10.5976256346334
117.209494293303,127.59732662465,115.416072312817,115.928367406864,113.779856493984,116.978869499606,117.304088804767,131.06267491824,132.273699098918,120.149702025148,112.115892007967,125.389802895233,110.007595594711,95.5724853639513,133.841694981145,144.125405509884,132.872160635251,100.45643707166,104.099947353762,121.919165048865,114.517473327418,138.970847034101,143.548543173172,116.709960158173,113.05569545635,97.3012033879768,85.2737559545684,110.094028159031,129.375218434633,92.0506853083031,125.774552438388,131.281572375278,108.408655134443,97.8883904262385,113.041687772104,108.30835116825,113.222995524482,128.372249804531,130.533021302189,139.02741396925,152.099054973012,130.937580762161,324.359187199736,161.966456349497,286.835416415801,299.234237171148,210.905827465894,287.123388920498,300.369887496332,264.288840409349,221.463390506371,214.290837954068,295.944415803238,163.309486501572,180.653611447562,190.966207130004,55.7545344534729,95.5495444261301,87.6271027962376,96.1349103712075,66.934804509615,101.094854240758,121.368084710704,105.003928891508,112.45857363331,45.0090777322663,115.305168108541,84.8185054021264,73.2366064138866,57.2657013126411,260.130744533698,219.589849367395,268.808063447405,226.736528352185,224.731303514057,98.7494962510976,93.3577479470316,101.64484168417,95.726503792891,117.20501500963,115.353241381333,91.0138045587776,109.579525863705,108.87796936071,104.532515310298,89.0005734686945,124.159807898787,128.650302391813,120.718622449815,104.54186871764,95.3443188317831
23.7240868678203,23.9081233151937,24.2270514061285,28.4327083666294,28.690101062958,21.6752741567623,28.2458954428904,22.9010519112297,27.2303912014777,30.2935124908854,26.6319453255517,28.3649791854077,26.9984965515831,27.3627054568722,23.2059341769033,23.0655626004643,22.2979408665473,31.8250796428624,27.6694230587305,26.9550556294632,27.2284429039862,27.4454044789218,23.2690786635786,24.8698628270821,26.6114280997281,30.7514131579137,34.3747739492816,32.4748414647437,28.5904585432921,35.2135166473036,31.069487251558,26.7592693669488,22.5081121980719,32.9815250883163,30.4536461079081,35.7862058067117,29.6339734849423,30.3617717182292,28.6706457503023,29.4143871893023,28.1990725743568,34.8854531841954,23.2689298843033,23.0412495527543,23.0427041770948,22.5218100085623,23.8450621308181,21.863856155938,21.1931550251727,20.1018193614716,20.5601628608636,21.1049259997637,19.2927332693867,22.872968058444,21.7966412298056,28.2592353243465,21.1336878449449,26.0433135747889,21.3298754345879,24.651231533858,21.2815465885935,29.9453553593303,29.5226397252517,24.8205888075456,28.2765319500261,19.9143403291803,39.5673212798352,35.3305399095348,39.0861736234406,49.2193291479233,25.3042736330485,30.6133847361174,25.5213630635635,28.6518097839399,31.6724868651844,36.3667823543199,36.8538595168408,32.0196385587422,31.4426912035635,25.0348624093372,26.8263352049612,33.7349763386748,29.2734683362372,29.8295806467698,31.1532380643131,25.6482396317486,28.9091593844643,30.3659886590791,27.652046264677,32.77644654467,34.4213859176087
8.03546255507949,7.33537249249383,16.4060062825285,17.5163739974249,11.2391755964356,9.10659798173331,11.0193060741513,9.09718314580208,13.3771550948716,10.4551455930082,5.34124353660667,6.44004879533481,5.66865901646973,7.72363514866921,7.7187024004093,6.49454597024484,6.82280733701931,7.639656768471,9.75416683983716,8.12078458393801,59.8961317933128,8.16163841898295,9.83156594906563,7.35506420251816,10.614510182223,17.6814794163726,13.9919698850147,32.8143348240208,14.4186687885021,17.3417184222339,17.7209819194724,11.7356141441766,9.46049301036365,11.8523960629142,9.70772374702088,12.8705297589363,10.5652767438804,12.7206893566522,8.83856180847056,11.5232426409155,11.5816365317844,22.6165027654298,48.4575464840616,11.9181736086226,13.1306248157542,21.7009156267161,12.7445044214328,16.8003264414174,4.80222919361605,7.043473078978,20.7036491938201,4.17851532833103,7.519963597517,16.2709180634904,6.5766175234455,4.51234335360879,70.9986243150924,25.6389362209394,25.3104806352564,29.41964532827,36.6153086485332,29.1241871701434,6.89643003408238,15.8438091888166,7.37521025701138,70.0234239122479,100.94067510508,154.064880706036,161.386064021627,208.756302866448,2.67030376477642,2.78285017953152,2.13145449761629,2.50343646462258,2.66367452398108,8.55234091026073,9.87907925566158,5.47085543187259,6.09651061611285,6.35370318318001,5.81041654079957,4.70708867257979,5.08242496698989,6.05845562386041,7.43239805159177,6.60353524528017,5.70132535708803,6.0703673467211,5.61988662384669,6.81578708016484,46.1713796894838
18.7220203595449,19.6505123138578,18.5158696181973,18.5269015278394,17.3916083799366,17.6981596325858,17.7156274049707,17.8872121436824,16.6267686673923,17.4122967095047,12.6616685611521,15.488569349345,12.3372876647107,13.1784893201666,14.1083122137023,14.000175080789,14.1039008082714,13.2649988905927,13.2785422216521,11.2342171561852,13.2920916791564,14.6110021612117,16.1590824052629,17.0046588588,15.868296015023,14.8119954654426,14.0925520210077,12.8388908116429,17.3069838066219,19.2210240121742,19.6354370298864,14.2583467506666,16.7560390807868,14.5506728330807,11.9401590614339,12.3852426086456,13.7387553128547,15.8506308234873,16.5885714571532,17.1166699920727,14.7843207394822,16.6332825009267,10.5157663900217,12.218844459794,10.1999066877104,14.9718850625101,13.7620072869293,12.8918355023061,11.4893294641962,11.1071069692199,13.0442120869528,15.1678112934646,15.2049660222097,12.1375711727758,12.2930461697862,13.6443580656946,33.6334910215282,23.415449102634,26.3112624926034,27.1728078892298,33.9084221912201,26.218822247947,17.9480067808602,20.8977945994565,15.5413000030678,42.7974851630458,18.6266104970269,17.2760037752814,15.1507824964383,24.4214453420384,13.7064815512346,12.399843751017,14.3833113654934,14.4697805508563,14.3353228751511,14.0390850091922,15.0034494073636,11.9358920520311,14.4387183382331,15.8580961242425,16.0119688254612,14.3953837217874,15.1487550256282,14.3046398101555,17.8834525982728,13.8287743636617,15.6896228937837,16.3353654038189,16.7327738822817,16.1097305892757,14.0167679664494
58.3098038678956,55.6355129886099,57.8029800065138,59.1643753170054,56.0485940597028,53.823616560523,51.9389985282097,47.0668561962551,53.1623796436796,55.4733765057453,60.5142874528805,59.6494307680133,56.0816871406935,67.0368943575843,57.9728464178126,59.7657604623758,65.1534955076187,66.9800561265732,67.8178949592755,67.829235659986,62.0184583703496,57.1575053098975,55.0929656593553,59.5382758492867,66.4300094045064,71.6496263590835,69.4127268171989,74.372062180609,58.2413940355193,54.9601155348107,53.1593539101802,62.3056594058201,65.8153873347323,65.7302394113034,66.5237433422748,64.1293571611123,70.8850210825264,70.5836776341676,62.8578656151614,66.9333768062954,67.4600478397751,67.167988114429,59.8503725389532,60.7451124572615,51.7841416452991,49.8423011269034,61.1796165527847,60.8006836527678,54.1861619324928,49.9479104812159,50.7481965478114,58.2010587632086,52.3004987045355,71.2479809636589,60.9138277225816,62.5699432636036,50.41157734721,50.2824216910833,56.4380554977294,48.7379310478567,49.8761586303749,48.6445661503789,53.990534683649,50.9250011741022,58.841088622726,49.5690280220468,58.8009089010015,70.809371696969,73.0865211976074,57.6421397764876,58.7621465478571,59.1940082015762,54.328050728716,53.06956446351,55.1971192756888,62.184421735631,54.8505157885164,63.9320685062385,59.9903094408315,55.8655772092604,55.8742262940832,57.9851437765457,60.3125258363005,59.25239428472,53.1230815511348,61.6976086994137,63.0329456199238,60.8532795365034,60.5615199727295,65.595738117503,62.7104358498958
34.7286331860261,31.481758269493,31.5024422187797,34.4505705417306,36.2762318644152,33.6066177292921,39.0549058700491,32.2511855317909,34.7322738106265,34.0802015522461,28.9662194178312,33.5892982119725,29.8350474551038,31.6283743683998,28.8044707696423,31.3267625175878,27.2288676272797,30.6241332412449,29.755057962655,31.8302819425247,29.9072062781019,32.6526798822887,30.4931390329903,30.3183840118139,30.5538618922804,29.0019648745937,29.4561969694005,29.7056689367423,33.0868808067772,30.3331785192124,33.1647320565764,32.4626080672155,30.1358613318629,28.5581205470598,28.9143224658417,31.6180953134175,28.9731219635645,31.8500938612797,32.5555570985817,33.1381234398629,30.5870388695701,33.2665650018533,33.7101163708497,30.7216660703391,39.7672475314378,34.8064336495962,31.2370313913717,37.2817945607229,33.8857588589299,43.6447976305849,38.5735985999889,36.0127176710546,34.9179370459791,33.2578213723352,33.0841875809549,32.7692951033837,29.2521167122103,33.1032479775931,30.7627147572131,29.6943842446015,30.7780092814022,34.2707955779003,31.1342974770025,30.169853636758,30.4782161171273,32.1898465957437,35.7737142539641,32.7725050157699,32.6488693233107,31.9031598109866,34.4419280005382,38.3378775646197,45.6339600147548,35.1878754304915,38.901410366329,33.9476179883291,35.8436522001356,30.9475524462843,35.4371589671864,33.8091389450856,33.2395059648972,35.51758226684,32.5574641809538,33.8633534842307,31.2411174382604,33.0157063155228,32.0653808995404,32.7111648804194,32.3533996515416,33.5905020797664,35.7354579144633
4.43040176447246,3.84822532813049,5.34741224729864,4.83457466876101,3.7527136411464,7.82165856421393,3.65462243668977,3.70391766611604,4.14767548101978,9.87128345055562,5.16369723443633,5.68528835243816,3.75928432996726,4.36970961668682,4.05893902973579,3.98438403082505,3.91573595705221,4.85837407927059,5.35312958673933,3.70941132515549,3.05175574266346,4.77844095838371,3.91620114762843,4.21820994946976,5.42084646475942,4.82070193625955,4.31066297113178,4.56733650722309,5.7689946022073,6.23181637894711,5.74695717947894,5.83597448399379,4.71003088589281,5.08303504302287,5.24202105136124,4.52537710700514,4.41727069552544,5.84166441147302,5.67197056848798,5.38220701761702,5.47827561843046,6.66601016258511,4.40021430504453,4.45115048178209,5.03801059069098,7.86983702003738,7.73261300527958,6.14104326292282,4.19205264234185,4.08850563284168,4.53441658260739,4.94037282129991,3.40010546727806,2.80434857421535,4.3463540547529,3.76789804324621,70.6947631203462,21.8073529331063,34.074807216,37.334384246698,60.003965103315,21.1613844539268,5.34777344899101,12.909559121166,7.46845805702979,92.6333720169743,5.80421874958273,4.59704821488176,4.37452170671811,7.52876927692899,10.8246059430263,17.1565051243579,11.0979867639044,18.9093723107781,12.4974609680805,2.77609025605495,2.28232023403786,3.57362037485962,2.67519400682999,2.9784241451623,3.98203413198643,3.69974815279584,3.67242546075835,2.71178005879725,2.59244153144496,3.50644136286579,3.11047917427781,4.40731393320855,4.39804026513144,3.81320750650409,2.84715599318502
22.4735702407514,29.5985841727483,21.8261724379536,19.338298675044,14.2038193729412,32.7780522034219,26.7592693669488,32.4318644423332,20.1973762554007,10.4214861346849,6.29546649129908,6.88380859970891,6.35660804885374,4.64715149711138,7.11014147277856,3.58229022954913,4.85841313189811,3.76660462325473,4.13650922611675,2.01368043365584,3.3569313169298,6.24873048404024,5.93133377699063,4.2621496364434,3.69603168051779,4.12092262293155,3.37115950306459,2.73320924841697,4.36916502961289,4.35476325275822,3.89116892360553,6.16756394331162,7.12756886272275,3.49216147993938,3.53628404258496,1.60769976169919,1.04344977059656,4.24171810769379,4.50649716400415,2.94143871893023,3.05519217181699,2.66640406503404,10.814086003923,6.41489334139183,9.33270814341116,15.9316212844659,9.980861720471,14.6775289333687,7.87950635551292,10.8004690467568,5.34191542608541,9.53405281303492,10.5441472917836,6.92323554259416,5.80595056567738,6.2227407077854,2.83500690602919,5.45183823327659,7.97551864075895,8.6937931058339,9.8384405737132,4.59162115509732,2.41748662762607,2.71029418013429,3.62630333404914,5.40389134560671,9.40814542416024,7.26630201707116,4.16113040395137,5.45835772577352,28.5727423106506,22.7262710059623,23.7585059602718,18.3749770063431,16.2957089093598,6.70227504676125,7.03403613113307,8.14785445467992,15.8312850815145,15.2946104751578,16.724543354343,11.3683170513181,18.9624276194926,9.49123020579039,12.8303885963039,8.78580251594461,9.011241137246,7.64203975574694,5.51018837815319,7.96917523831192,9.41751597745816
1.57207804545797,2.04692836602685,1.8188477031628,1.35232857867441,2.21934677702207,1.49141794656622,1.61051158227007,1.49060101197353,1.37053624590219,2.168445872745,0.778091364093145,0.829744786572056,1.05943467480896,0.901686111379819,1.65156829485801,0.511755747078447,0.797649917177302,0.545884728007931,0.834253961569765,0.565243630499883,0.406900765688461,1.16397920781142,0.49427781474922,1.36213029618294,1.37985182739331,1.51618851221066,3.4816893228372,1.69027414046839,1.86643943012589,7.35804825466044,4.54967443375416,1.1605631076124,2.08408446278443,1.59087356308349,1.41451361703398,1.25043314798826,1.28692138373576,1.37669798232167,1.3597189718978,1.28296795187382,1.08863169340605,1.20623041037254,1.56617797298195,1.35280063662005,2.93195698310704,2.94319108066439,0.919738110760127,2.39544240752309,1.12564376507327,2.21460721778924,4.96922365217248,1.60345433673769,1.5663407208809,1.92798964477306,1.45959651092448,3.1399150360385,9.40706837000596,4.47129178844267,4.76941314065319,4.74206896681849,7.07631153563864,6.9207043497119,3.15005833296731,2.78161771119046,2.46070583381906,9.94049148759753,1.36569852931358,1.9648673821672,1.77826085638947,5.08191926192707,2.31955841636278,3.25241803305364,2.36383111577746,3.20637182661021,5.51358572121198,0.991460805733912,1.83333920439107,1.42944814994385,1.61244570274685,2.73693029555455,1.46706520652132,1.54716740935099,1.4124713310609,0.915225769844073,2.06516528776124,0.906159003886664,1.5094972463407,2.22387400299514,1.97153529126582,2.78492683059288,1.60608799615566
62.4382951895472,55.5667361955114,73.280646421348,62.9765895802885,58.7892855705271,68.5866656742664,55.9024055894231,62.8148300391172,59.888105936728,52.9042536194991,62.7537758698977,62.0867292503478,73.7769802349703,51.5410717311715,64.8453300122294,60.0307768313986,57.6030139052472,50.2606986771463,45.3636019778079,50.6850430696555,53.4579444282072,62.6959021668549,69.0027037938057,56.3346332720384,74.9732634329673,63.4384936497498,53.6263053081759,50.578037141956,64.4774226860377,55.2784637450123,64.831663398251,72.6840778930088,64.8337835527609,52.316459148914,53.4411565183775,56.5570912835091,53.344282622208,60.7685651812857,59.4360356995968,60.1295787141996,58.8812789242214,58.7723070291807,65.4617644764371,54.2865803856561,56.0123539762896,52.6159388083556,75.6992155279846,58.085123032603,59.1296788262766,67.5618741651033,60.0375390125914,61.6393849004186,55.5974549048287,63.3958049558559,62.6030674178916,62.2314033333544,58.8060327959625,55.3059572372565,62.7183127343829,62.3299803126702,69.661946579874,62.1026743012032,61.7411433261592,52.8970968078052,61.1662397842961,74.4319318149354,43.5870272844482,44.6236211677962,40.2868553536748,42.0886435465119,56.7725980334587,60.7612671412539,52.365670253279,55.8734955185495,53.3402661289117,65.6521550497659,61.1231549235401,55.1113013349725,56.7086159708093,54.9185188290487,53.8517721165217,61.7958843739254,56.9102355176076,67.4863754607505,59.2935317928435,65.0054830457757,58.6997736761101,50.4200757366336,51.353439118779,51.809493405505,53.6513695115797
19.9725369866138,24.0309390171553,24.3725592223815,20.3863533235167,20.781156184843,20.5815676626138,19.0164252214196,20.6877352570872,19.8006420789553,21.1989857708653,20.7255245162992,19.7909497241631,22.0430762984444,20.9468619720543,18.8110829516031,20.6529997928088,19.1798548266724,20.3615003546958,21.1691942748328,22.0798293164017,22.8203512756945,20.2164809777773,21.672181108235,22.1016625477426,19.1203110896546,21.9264184842773,17.2426518845271,19.1684280185032,19.8945475620237,15.8423283850342,19.2163880688827,21.3212022341364,20.215619289009,18.4300762193512,17.6389848044138,20.6023747239971,21.7733185464482,19.7202683954185,17.6374975211887,17.0224813692644,19.3846675729078,17.8712558168353,26.6623154924309,19.2883187543891,24.9827512061986,23.9294231340974,23.8450621308181,23.4753355937262,21.2319703274166,24.7695299589658,20.4980475652115,20.2377605598144,21.7759563634662,20.988796360143,23.5468596237941,21.8652265236863,33.8386424303645,22.2387933688333,26.2317722735926,26.1566502534829,33.8295042187037,23.0246510096184,18.973607168338,22.4669122826922,19.8583277816977,47.6009441369184,15.8193412978823,17.6096605005551,14.5817390223937,16.4221279853014,28.5024526616699,23.7833068667047,24.6799994460834,27.4596971817387,21.3191981220196,18.0049282321278,18.0688673872771,16.9746967805832,18.2133071423905,19.8427446427705,20.2454998499942,18.7664679939451,20.1277164676179,22.3037130385927,19.7289194511659,23.4025412308121,21.3159308119626,20.055300099738,19.663284160094,17.6521516031425,17.8140710173601
23.080964031042,22.9665362668213,22.0444341623332,18.2564358121045,27.5602517946559,18.1290137060382,21.9587059967207,19.5133223385626,22.5056478274465,24.5972964669583,15.3849883354781,17.3631779412301,17.7369869750274,15.848867419253,19.4269219768044,22.7365767630567,24.2558088450734,16.8132496226443,19.2921228613008,16.9926366419027,18.7852520159506,19.2362879606729,18.8205783308357,22.1895419216899,21.9297879710722,22.1985548839049,26.6376865651989,18.0176030718013,30.6265742852476,59.6152072877591,38.3729120004791,13.3962141564403,19.673757328685,19.0128791685588,22.0081677473817,16.0769976169919,15.4430566048291,16.4087516271312,20.9396721672262,17.8050918199075,19.4900190271084,19.3314294714968,15.3634601159182,35.5655651240432,38.4458021306008,33.0149260352788,18.3266334662573,20.6443582030171,31.0522417951248,31.685918654523,49.5058906347683,28.6021584391048,33.8100375116975,21.33933993192,27.3755434493391,32.5409376462172,13.7368970992142,23.1408960980805,14.7851807360249,17.763940891574,10.7065382713938,33.0064361293952,37.6541856545394,56.3455895343708,26.5497208385741,9.273344407893,30.8799611905905,38.296377467523,46.0213909633596,31.9972694269482,25.2339839840678,29.9629011295066,31.0503239784328,28.4051657972776,46.6204303760257,24.6675448466597,31.0171061314325,26.4805269777097,22.8307652911656,33.0444084213277,27.1616643950232,25.292823735477,27.5078791724111,25.5246298034291,24.1668278355038,18.5959586884568,23.3285938070836,32.5494285892925,43.0704632861148,40.4457065858412,23.7993039430338
31.7273932810609,27.6335329413625,31.9167757255602,30.5964340925085,27.035678920087,31.3197768778905,29.206008116936,33.3524234915459,31.0895327359917,25.1151342873153,25.1464981759194,24.6157620016377,19.6508044521016,17.7562803471718,31.4637756511933,29.1700775834715,26.3949608956853,17.4683112962538,20.4392220584592,17.169275276434,15.4961374933022,28.1805492417501,30.1509466997024,28.5168568458945,25.62581965159,21.5765288276133,25.1455339982687,22.54897629944,30.8386696750346,27.8554683926431,33.7035092921525,29.5605371192658,28.7603655864251,18.6248612263433,23.8803181228679,20.2451081102861,19.9646722774142,29.766442861009,28.8260422042335,27.2239541007372,28.3395411799576,27.8385281551769,29.9367461545153,30.1107238473494,32.6958628302089,35.5102402123638,28.2679805123401,28.0467107772467,31.1686877018565,35.1611484424384,38.5114833043367,32.2857697532319,35.5291919614449,29.0372767681411,27.245801537257,27.3458054956808,29.8191180934162,29.8870556385378,32.2730289184199,31.1621674962358,33.5927503011544,28.6144506766934,28.5702965083081,29.3852947951402,25.9885072273522,32.3232760116846,29.4763265910182,24.5052328228777,23.5086085214688,21.5040472472284,34.1256245801251,30.3694533836383,29.8884408876269,29.9261370483619,27.1390941610767,18.7187800122563,17.84699592846,24.8009254015257,19.6791668721604,32.2796778975698,25.1916054034089,22.400293361473,21.8579938481675,23.2535140041864,21.6183259910325,21.1174446123153,23.7860172150656,27.980378364957,22.2935144473904,20.9083737435281,22.302721946616
136.52068662943,144.513142641496,180.938969510635,154.672581185886,142.320656046488,141.618419681721,147.733466296696,142.645999873103,138.063493402989,141.596279003872,133.195094417036,138.014216166485,147.876575416076,149.402452608625,118.660983083104,112.403494447588,122.946857688556,128.337499554665,138.764242274438,133.821429520847,128.41109997185,114.835738160132,109.463525281769,118.021999211206,116.794601104362,113.908521558391,98.9241886964857,109.58011289377,103.629807449944,94.8287239350627,95.0642500105474,133.829505780676,117.250591876252,145.273917565478,138.123094369201,116.766638247856,118.32720398565,122.674952640933,106.563118283305,120.317360364753,120.381594999869,149.794771224948,128.836783253634,158.801339247108,134.704840547819,105.379037170744,143.036308410436,136.10468224563,132.088473536012,125.823760850703,98.6390894956237,125.806160528365,121.907152203194,119.360086190041,121.730349011102,117.261554254965,85.565662981972,125.666832369915,118.122465450177,120.84748771789,109.275085944397,85.7768067959485,107.395012003025,114.331620283033,104.472072242844,79.490574546795,140.780756730075,161.601073940884,180.315650837893,173.96162510504,149.470938557438,140.138561999199,144.674477272414,134.051006750973,120.992575548818,145.46712941728,145.769174291992,153.451258896472,136.17836889562,118.090492458192,108.185579943758,113.985877180228,117.341055827884,117.250590292246,137.838798036319,174.06132518136,123.229866110359,93.8474829263949,100.85161297629,106.769810182115,135.604929675415
19.2579560568601,19.6914508811783,22.6628423814085,21.772490116658,24.8566839026472,17.9633006008642,21.0605360758393,17.8420424160468,17.0235028438377,20.5193236316468,34.4482267557602,37.7994847216159,34.482889899427,38.0095376181647,30.3720610156092,27.7810262699729,26.2499336380167,33.244379935683,32.8139891550774,34.055928737618,28.0422444353631,29.8652559898982,25.9685959595167,27.3304852976062,21.3384229021894,26.8637503060915,20.5585464777054,22.0454903852579,17.6039173523238,18.9957776370316,15.6844039689946,27.7871966908341,23.3417459831856,31.7398676732268,25.0036083481596,17.4465196362172,16.8691046246444,25.0782281104001,19.6188023088112,23.124715034994,19.4549018757082,24.7277234126371,20.621343310929,24.044940347666,15.2792124471776,19.5146365131008,23.2319033903114,16.4196688661128,10.4413163036107,11.7203828141462,11.0565226260838,15.687850537812,9.47445118971863,11.0859404574451,15.5690294498611,17.0126305588995,11.4173459942812,22.4741245155934,18.918672124591,21.3016748826926,19.3085972756831,16.9024894694887,17.4352065871214,12.053676748492,20.5058819484922,10.5742812133168,11.4566932181306,14.7550418509914,16.0043477075053,16.1868539453973,2.67100666126623,2.96783145516144,2.24363631328031,1.97315189329859,1.04145508067337,40.8085267640078,36.779029345233,41.5254687558687,43.4627409876764,36.3850733409016,37.3472885431569,47.9621896898806,42.7272577645923,36.507339041558,34.2290161524682,36.9555280715518,42.6318616239253,32.1046537886935,29.5224771820318,32.5193763756922,44.8609578926205
9.57216884451466,9.30820205167052,11.902903139038,9.57583866559349,9.21553485338727,6.14861905437698,9.06996763207287,9.22862705322157,9.60168840484422,9.88617128789088,7.93759294742839,7.39702111584792,8.02094574766652,7.11534382583837,6.75267491133218,8.23122565193748,8.07149202554596,7.74446663624852,7.48430085273276,8.51963462070949,6.8244040085383,7.76466024705569,8.17193313261921,9.61048833487527,5.00639811231736,6.00216267692832,5.50272707737937,5.30206630913307,6.21524330231922,7.61332747982213,8.27801290394112,6.08566134686011,7.04128776596348,7.04291366915329,5.78328052658512,6.84761009612619,5.69619229768662,7.14989957521437,8.32769596617181,7.12985970327929,8.63355167173801,5.87148523701604,8.55655232572474,9.47571387857022,14.8270303490787,16.3961336158925,7.3197527866717,10.3827184641714,10.5391308652654,9.60696611076974,14.9107767213,12.7665300826907,13.1400705109021,7.28035180634189,9.51689360600782,9.30956263503271,12.5345964431573,7.12818043536465,9.41243683307907,11.0027290670586,15.0386088427282,8.5723570608643,8.77694160169333,9.08376491531325,5.39326280384238,21.2593088418646,12.1801340779642,11.0217938248738,10.2598538370247,10.1718378412109,10.534661140981,8.68598890952387,10.7546302781042,13.7689005554242,12.3908649774704,5.34357715858349,5.49665025545085,5.63702877930356,7.12847586587083,9.28463353791945,7.28963743046063,8.44988844024453,8.13760045607462,7.64213517819801,10.5275096020152,5.91761227755552,7.88323501316232,7.07030196661328,9.44668717638061,8.55700902470783,7.41647634224786
12.3979791312254,11.7084302536736,12.6955569680764,14.5375322207499,12.0248243555014,11.5004894990773,12.1098082436076,10.5245465390858,11.6495580901686,11.7160806855775,11.7421060399511,14.1056613717249,9.77413925791489,8.49665758800214,11.0571097706596,12.5014618214878,13.5600485920141,10.8631060873578,11.5057525533163,10.8809398871228,11.1219542621513,12.0992575548818,13.0413300353063,11.6440170480155,13.0100315154226,15.5117747787706,11.3293065266925,12.4792580157985,13.9558766479868,11.9380578825613,14.8463060469873,15.8168172094604,16.3809038774856,15.4819158943979,16.0588898875035,16.2556309238474,14.6430784473717,18.083114038063,14.3741719886339,18.1180108325596,19.595370481309,20.5059169763332,23.0451901738773,23.5649143153169,23.5795413711848,21.7540210309976,25.4460877310302,26.3934199810725,25.7733606899536,21.6009380935135,19.0693957652119,26.9553674986714,22.3108044144987,25.6773166326593,20.0775608947167,26.8890905813479,3.84014571816682,7.76592784308463,8.8234143102084,7.48945813013396,5.9188479387312,8.65088043713988,12.1606903086645,7.98823547829055,12.3466994468816,3.16894862859653,5.6904105388066,7.41459389497057,6.50843473438547,4.84664522202304,19.2242189962188,21.0594067640223,22.1158436594773,17.8405817019081,14.2740608115821,15.2684964083022,12.4592235726985,8.71963371465746,9.89455317594656,8.69377858587914,9.72454651179843,11.5028533477834,10.6288467662333,10.813222984454,8.52429927288681,9.02219182130635,11.252615836358,10.2702544865594,10.0598852041512,9.12599099871204,10.9140979738759
20.1565415760253,21.3359531304443,22.8901983443039,22.2826560729629,19.9555591837908,20.6823212305596,21.137345089763,19.6488315214693,20.9785819155649,18.3887446495154,17.5799133380063,17.5844432176493,18.0271353746767,16.0229621992194,20.8688250762644,20.938851931534,17.035264253898,14.9026530746165,15.8164122939108,17.5010026320836,16.9864115476362,20.8539127492129,20.4174758861793,17.5776323769363,24.2942626381555,22.5523322034207,21.0653257013628,19.0483106646912,23.4980482345054,20.8743324057214,23.5685108495923,25.5307304201762,22.9832834555867,18.17941662868,22.594774865034,20.7833898082773,21.7385368874283,25.9355016647972,27.1994298227089,22.248541799568,24.9138630608685,23.4595943364692,23.418089691254,23.6997579916768,24.4851444224459,24.4681550666886,24.8002271910297,22.1164664461859,26.4083790346639,26.0584313597192,23.5410758992106,26.9558008647084,24.6171456174153,26.6413114550459,22.2559275985765,26.3758571963664,12.7577888050319,15.2702458946876,16.4380473566579,17.4895783299224,13.4465702771637,17.1021251718842,17.833725594827,17.7595592329852,18.4794691092033,12.2404810448789,21.6311472615168,20.8769013003739,18.899000729536,17.8780037442275,23.5828801295114,20.9378476400369,23.1807696096021,21.0605189477847,22.2522193501758,17.587721525075,16.9512787743146,19.8879121101687,17.8512397891374,20.8143548976923,20.0011287027365,17.1227707918803,16.9606026255465,16.9557437901372,15.959333705697,19.1877199162123,17.336347162519,19.1831371498361,19.1360248501478,14.3260920668514,17.9224819571006
19.7938917541754,18.7089252654854,23.2084966923573,24.5785719174074,27.1970859584159,19.8524299998481,21.6180208543174,18.7906066963936,18.4301058330531,19.3218236720712,19.3108129452208,19.0533988027657,18.4888438410208,18.6579664585516,20.1547317338605,20.4336759012037,19.6511934140954,19.5426732626839,18.7707141353197,19.9954934289334,18.9887023987948,21.5029843127267,19.1627706641236,22.4971197305054,19.6628885403546,22.2374315124231,23.3217919720206,18.2693460288924,21.379215290533,24.9272655157884,23.2871494043469,20.1274801805922,21.2159798311455,21.7678065582888,20.9264808637675,24.4132186035803,20.9733403889909,24.4456911996037,26.4950953952658,24.5015586906635,24.0201315577336,28.0607284939297,9.21061807920339,14.6626133517528,8.58939510544035,9.78930946394893,12.0587885632994,8.71069966372031,10.0143479789278,12.2995877787987,10.1247931913014,15.8178603488988,11.2700125038992,15.0295556399354,12.2606106917656,15.6424858159009,19.355365331163,19.1010447453647,19.1836395212939,18.7048275913396,19.2296793031667,21.7602915611134,21.6108653075664,12.6242649969413,20.0310088928429,19.0470491255644,24.7722538789381,35.9237074211324,33.7869562714,28.0917203645413,15.6394468982036,17.7256782801423,16.5468178104422,15.7030004841679,15.8668744643767,21.6138455649993,19.4558446180277,21.5846670641521,21.0717336154417,24.9946134344025,22.5928041804283,25.393725957826,24.6829365102893,23.7619727652109,21.6183259910325,20.4870731313507,24.7923487126261,21.551360792662,19.412039790925,22.0651895039282,22.8867539452181
96.2908521556953,96.2089082886478,85.1977365724707,89.0112812947836,96.6424641994155,88.9547948574161,100.316288749476,87.9454597064382,91.8259284754466,100.778036462867,105.961896673776,106.791227160663,116.127710483898,121.415502920798,98.3273781051052,95.6252167398013,101.845391697775,123.151594638589,118.394541379443,119.937632846694,123.765649563573,102.023696495624,101.631122986513,110.242477632522,113.838761368396,112.275703160626,122.259796895978,118.606896069463,104.732703476837,141.004230839309,108.773137449096,101.134785091938,105.218755455705,125.1753641946,109.957632053554,114.801671872446,111.092618909514,92.6852614584669,93.9760055148797,101.198008691706,96.5370491991368,92.3083692990357,108.364599749656,119.61375951534,132.104070818297,122.782253995543,122.222975607679,117.42023146695,107.945355540303,105.759760166335,122.553478321704,103.921175662081,106.931406774284,131.103295844568,121.178945884752,137.64245730707,98.3231940591034,101.42772425362,96.5541193585568,92.3198029809981,95.0698508914425,104.94183422592,107.541526344093,114.147605572909,106.069804223715,87.1294086094119,105.310531038181,103.730168590638,117.009564350427,121.024966126633,98.6167289681534,106.394724906267,106.252205407489,107.536778184773,111.435693632051,129.762390254454,127.398367162277,127.578247382488,123.462035739866,118.333998756546,115.814319017668,121.822616449332,114.021748199891,113.691378965075,123.514460082911,125.010544318799,120.66829502566,121.868295364134,125.622184584502,146.958446598978,129.608746149767
1.64353613843333,1.96505123138578,1.89160161128931,1.85945179567731,2.09829149827541,1.92227202001868,1.95119672467335,1.67127992251578,1.76727042234756,2.07135128142806,0.91956252120099,0.952669940138286,0.649330929721618,0.901686111379819,1.11970731854781,0.98695751222272,1.19647487576595,0.982592510414276,0.660451052909398,0.741882265031097,1.08506870850256,0.581989603905709,0.722406036941167,0.966673113420153,1.37985182739331,2.06046131146578,2.2658613053385,1.15082494670188,1.95127758604071,3.30361350209244,4.3102178846092,2.48692094488372,2.2091295305515,1.24165741508956,1.5393236420664,0.774077663040352,1.32170304275564,1.86040267881306,1.82590833369134,2.40947639742157,1.79097472140996,2.6029182539618,1.37972821429363,1.6582717481149,0.619427531642333,1.21566588114399,1.32851060443129,0.740409471416227,0.737490742634214,0.851772006842017,1.24230591304312,1.60345433673769,0.496644618815896,0.569633304137494,0.843322428534144,1.08469792154057,32.6283522093905,9.92313002171925,10.5986958681182,15.6187192161085,17.4934839078056,10.9799636317545,3.4430870151038,4.3507353944261,3.28094111175875,23.5836492675552,1.0622099672439,0.889751267396469,0.995826079578105,1.12931539153935,1.51122745308484,1.74817469276633,1.56253243246307,0.863253953318132,1.71533777993262,1.34838669579812,1.15986765992088,2.14417222491577,2.0522036216778,2.13319567153516,2.09580743788759,3.36340741163258,2.75431909556876,1.86434879042311,1.23031123526201,1.41833583217043,1.87543597272633,2.42604436690379,2.12319185213242,2.0994063799854,2.00760999519457
86.604707652885,86.5850698829359,88.5549656629686,69.164507074158,71.023939075856,87.3954345377285,83.092796518395,105.246820482687,86.6680235142236,90.6970286950673,92.5709442977326,103.680913462553,106.427048146978,81.2231913083931,88.8876855560879,84.2861715438203,82.8069384473291,84.4560098090191,77.8831690056147,90.7964974762725,77.8570706747729,83.0866737154861,78.6011987425319,83.529344936896,85.3985367931478,86.6948815956354,73.3486936993015,78.9516262028908,89.0384930141557,64.7958739160404,81.5954177625165,111.874967679242,93.8700819220587,88.9895869394685,85.3284537804913,80.8393121287287,87.8236890252105,95.7370660127918,111.691978245304,108.551918408044,100.636625453596,89.1966122693299,90.1693406987795,60.4396413457666,90.1068841729469,62.7130036874783,81.5388712438219,78.7882784583502,67.8836939413448,93.1071980679008,56.3199385678098,74.7374400013807,82.1518965699482,52.7646947827913,79.6939694964766,46.4136531690783,70.2159046811278,59.2908979890615,58.8497887425197,60.6299862235337,54.3226602618582,45.7831210827095,56.8482969061851,61.9166705451679,53.7474275467205,62.6801360059401,59.9769270790215,58.2716641502685,54.5965204650409,50.4413425111848,40.6428808336147,47.3230889331846,49.5230631742212,52.4796742620759,41.6349236427787,90.0646961771909,73.106832755671,83.2256875480681,78.8269734333067,73.294188335452,75.9432591578073,69.9016962359599,74.7649324957157,67.116556455232,91.3506092182045,80.0193557936509,72.6918983028724,69.0977869766981,66.1738237685329,70.2658461872664,73.7683517034275
72.8129384181752,66.3528205274533,69.0558269764414,73.0193196876694,73.2428823352823,71.5254218814226,63.6430817385915,68.5690016426114,70.3211327749418,72.4471293111351,66.595778819054,74.8638770249057,70.5812468013772,86.2757547532748,70.2731112388899,69.3644705784708,73.0708960718918,81.5819267160573,85.3977115644544,83.8178583032133,85.4291548402637,71.555315489889,69.1460443600829,72.8256371901165,72.0248157603622,80.0986840349487,77.8942325374501,83.2726142449605,76.5812823904041,74.1931526869925,73.9741144446054,74.5515897278868,76.1495285518952,73.1487544485213,68.5306885447959,81.8890805286827,85.3921032431303,74.459268494671,64.8115875322111,72.2257760672812,71.8402101339215,72.6372907383024,69.2634750560921,69.014215445427,59.0677835140374,64.4603634355858,80.0604773917112,65.7727510208193,65.2737530184645,66.0354987288424,69.0225165286757,66.9325176758008,63.7156842508578,77.3807407518961,66.4512125302489,78.4076747053819,93.3338396323926,75.1192709201485,75.8145912838231,77.6709497750079,84.4787959198311,77.2164278772279,75.5068982412264,77.3682003131756,80.0199952019066,95.7969834689332,77.6691721655764,83.4449518830831,82.8520185165558,85.8260875646712,68.0382715238388,67.3929475106503,64.1183180414512,67.561954046477,61.9904695048576,85.5138910788722,74.747110117314,69.8535574673809,76.4933247435131,65.9185636786819,72.0454764848239,67.3549241438717,71.2383446998894,67.7168767657483,72.9680017759111,84.5773355832008,75.4126527335495,70.2736098131908,77.8528955208699,77.7513010576184,70.3200077716815
47.586087855083,41.5460956595739,50.0288611536554,47.1986339707495,42.0102169010486,48.9261314502099,49.1144089839206,48.9825043452792,47.235892382452,48.0492004050143,41.3721788625108,41.7128069853968,41.9419935163239,35.1615967156066,43.3399513253706,41.9051193495187,43.6629938981414,38.4188212724702,36.3265459391035,37.5438352150713,43.0914692543508,40.7650023400986,39.9817522213607,35.5559946990722,44.9994321124161,40.3523853367739,37.0573326751628,38.5206283956828,43.9491340993303,36.5469751881481,39.6629841589976,46.8416533810738,40.6225575317016,32.2054892038854,37.7084368296254,35.4247710825074,40.8204506589178,44.43571798345,45.1819074716247,38.2840766029276,44.4618253877872,41.2172105514852,48.4370370106059,41.539270902976,36.765501713099,37.2921504644617,47.873049952554,34.0083136270968,46.6703549590053,55.1951667521654,46.2150222711171,47.3079700582793,39.2949042750359,55.6137376624083,37.538227422736,46.9896848547806,35.1458383419445,33.0840292672743,38.9176163255399,36.4947369558272,36.0050096610729,31.913097932609,36.6300504104724,33.3922507698756,41.2440199914747,36.6450547940106,50.4204516201497,39.3829862028309,37.012010160548,48.585030336342,50.5709423038923,48.5768960849267,43.3466529232338,43.7258681021189,41.7488710810171,34.0503333278032,31.6105093922824,34.784548642771,35.3096291706964,37.374795634544,31.9950155082796,25.7176220915662,27.3401482018476,28.4038622808571,33.480723283307,37.1221825318318,31.8499344743808,28.7740992136624,27.1910103196425,25.6748831266582,30.1747432477735
9.78975873762464,9.70244045496729,12.9138186924559,11.8666832778679,10.5318092509593,8.71650933215366,8.48615718349997,7.94987206385882,11.5052911169157,10.3891212709126,12.3787262469364,11.6471583004003,8.95393176774021,10.9589542767701,9.90940976914808,9.5771432667538,10.2244216656363,11.7911101249713,10.2891321926938,10.9869230678415,12.2748397649352,13.5389160487539,11.4064111095974,10.6334042476217,8.52551307639437,7.03666976179821,6.13440499737984,7.22861919647119,7.42333864254616,6.30689850399467,6.88437578791748,8.22341859108216,6.75243365942156,7.33353910787269,8.48708170220391,7.56214332354806,7.93021825653386,9.59967782267541,6.2935563842127,7.91685102009945,7.02343028003905,8.82452773904124,3.16964589770157,3.57837587751109,1.65180675104622,3.07115591025849,3.37237307278713,2.39544240752309,2.48417934360998,3.85000947092592,3.35422596521642,3.12023546608416,2.13939220413001,2.14707937713363,1.78395129112992,4.85259596478678,10.8761174031302,11.1782294711067,9.69780671932816,11.7422660130744,12.0481438041728,13.1759563581054,11.7211472854597,10.5558825963125,11.5696344467282,10.8411400451987,8.68736008924474,11.6038394456289,11.4164346980204,13.1753462346257,7.13439937154006,9.51332274668189,7.69246735981819,10.1124034531553,7.65775794612775,13.0476242034583,11.7857520282283,8.86257852965185,9.38150227052711,9.13651731016003,8.42514590030813,10.0902222348977,9.53418148466109,9.52512745652535,8.12884209012402,11.1890937871223,11.3441005179544,7.96551233800078,8.08834991288541,7.79779512566005,9.3445119776329
624.144639155399,512.261017796495,527.82669330152,577.041647259672,611.041449624803,465.339302065387,428.010177531625,434.272150525644,519.571733491252,550.399786149703,666.404129691215,610.319392388843,663.471990358471,601.628209270101,581.964519693266,628.758463532993,580.140574102945,658.712004785707,676.122165971668,662.521706031644,706.612001755582,513.589284689624,562.481309337946,571.690479276679,508.618311619414,609.583591334298,613.490238156881,615.489952119833,470.857703998128,456.717058451776,405.57773419015,502.188588652799,497.712715064327,582.601179877708,599.666406604887,568.977449996824,571.285271235715,506.433608098992,487.351250889881,493.2792731646,480.782949904335,525.912014915654,452.467324796417,462.419113869788,420.038764626919,393.718988574398,574.328078757948,533.235932754235,437.231090596255,433.282110110819,376.290112990065,394.508271252461,386.264588215419,687.802856721888,516.686136804739,574.257919153796,239.670195196205,402.824952718047,425.562016105443,335.554821766955,375.357815739738,379.305172742152,462.322340382326,391.704553148598,655.018739526519,226.1541871078,511.732170622933,568.247802976039,527.320139571165,455.198801444723,403.038035669319,475.989346376129,428.090215716641,363.139285515983,374.306920062274,312.592125259333,277.756501728117,296.835629196964,311.984423260906,208.629756594133,248.953420639891,274.137548151784,268.024203661127,315.081386059145,298.187018915496,325.274048070806,341.624842557748,312.70013658333,282.69339019591,319.632050651087,301.552876818201
62.4901023069543,50.3417468483912,71.1060321074466,79.9303948889849,71.6598828068718,50.4762118360077,54.2869385868999,58.4378834312313,99.4432246631977,114.659973832088,61.3171362694675,68.2234602292579,33.5601564729805,24.8657285330512,58.6749029065421,75.3377567663343,65.6610909094588,39.0853465253679,28.5731981837645,27.4849715330568,26.1094657983429,117.099065098689,132.726140312386,125.611701342163,49.8225070533798,41.8312522856071,40.067059667571,53.5432095436925,85.6636311718644,40.2612879142507,52.8923598578835,52.6368423615715,42.0151427697341,78.0304081795343,98.7247298006366,57.7450027740979,48.8591876915938,70.8184604522339,85.7143530416286,94.320674631637,109.157099897825,104.860466435183,71.8469229124776,34.998261631267,69.6236545565983,48.8499338734011,42.1035668481302,52.8739469587823,93.3026709218115,72.8663695149126,53.6421481722454,73.2258592644777,80.4946316803918,42.0652286132303,78.0397601174289,62.1703177135624,102.147360647436,69.8466765769876,84.2503582926551,56.3414246460023,50.9415512593465,80.1870071288735,65.272138945904,75.3640090904974,61.9061783455533,74.1617372476551,114.950086490919,99.0960474062817,150.240280625949,280.53229531613,81.4618372379261,101.829549644622,97.3041030109169,89.9880585337487,123.601726836223,42.0672854029676,27.2755975510426,51.9604402504588,36.0235028590943,35.2983510176667,43.5114773794719,49.0421798097558,47.3795852112741,47.422253778217,46.7518269399565,24.2693020171385,56.5832755673772,60.4489388086861,55.6074056510872,38.2177651213669,44.6784478930573
20.508472683929,20.7558536315123,23.7195928969461,23.3952844110673,25.9990422164198,21.2444200833099,20.5045998661903,21.9533910254356,18.5022393196795,19.3218236720712,17.0472744314953,17.610872125666,19.4775356198022,15.9185746917097,15.172594019982,15.2795644484851,16.2434154270274,16.5403072586403,17.1039442412668,16.3623899938954,19.429511561624,18.2564012538864,15.5914233457087,17.1364779197209,21.7819467038515,20.4782640719735,21.4831284201033,19.564024093932,20.3611574195552,19.6444871974424,17.9592411858717,24.5707789354511,19.3819855038952,18.3532486667925,19.8031906384758,19.5901193184828,18.0516810313205,20.0573733608194,21.4835597559853,20.214568217329,19.7007219355095,19.5218869047135,10.590346293497,10.8660438231739,6.35945599152795,8.95753807158726,12.1269173122446,11.3896753452975,4.34731385131747,10.2212640821042,7.51595077391087,6.5438271580376,6.1889560190904,5.43342536254225,9.95769175230701,7.82124290795046,16.1595393643664,17.257617429077,16.7991979183641,15.624740890987,18.1248276879369,13.9079539335556,14.7246912773588,14.9779415217948,16.44787583658,15.2443107712486,16.2745741409869,19.9452575774708,19.3830433346453,23.1999025268567,9.38366813892216,9.22873616878969,8.33350630646971,7.60485625542164,6.86135111973046,15.9426897562013,14.6292985493246,15.9026106681253,15.2456741194714,14.5149878306741,13.8298141211327,12.7136800159711,15.7843671246056,13.2877222881065,14.412217327355,12.6354023537605,14.9577454410124,12.8176010718084,11.5258986258617,13.5818739276606,16.2068879612071
2.46351775532562,1.64982426301764,1.6133179127054,1.75261783796203,1.37195982579546,1.61172566092256,1.51047403590983,1.7616193777869,1.89711069827513,3.8750451394591,2.58538539614586,1.92224208889193,2.51701173547354,1.87828153047427,2.74132344263466,2.38551286102425,2.47597785654718,1.4935406158297,2.19617355383241,3.69174746170236,2.65061940448891,3.0067420799676,3.2211704973503,4.35046840726043,1.08466209717595,1.74478308789781,1.61484066687783,1.12493138540109,2.28723668346337,2.37860172150656,2.14612932171167,2.88217558039057,2.21037998122917,1.42441386587305,2.07891898362318,1.75120185153975,2.34045783544809,1.99509583275913,1.83018173617445,2.72114373402312,1.83557350368821,2.29723407364897,3.84347532560119,2.35561865692742,2.33317703585279,4.58178072361688,3.23713750613092,2.51521452789924,3.13511196224029,2.55565672932879,2.67095771304271,3.22771024324928,2.91912425567097,1.61688222482104,2.43298520632101,2.08889983942998,33.3471553240192,10.0462866551904,16.0281427939585,17.2276354727077,26.2891550046685,10.6625428649456,3.94709634837857,5.35140453514411,3.8857567035448,37.4419619807176,3.74884246296579,2.92394510248165,2.99281302130348,5.72327629470545,2.7188036225731,3.08207263857245,1.94314930703741,3.50727749033824,2.18154208369287,3.27023432163274,3.56416107367945,2.96967853150834,3.43450934685078,2.73773527505324,2.92574718329108,5.13895018423342,4.3218091552136,4.08563563108541,3.47387165213624,3.45010191175457,2.8460884444642,2.59505879113142,2.83243903511856,3.01714688323616,2.55806015387701
55.1656477769797,58.6240284030091,70.3166522042739,60.8885942548153,63.0294484674267,54.9836082967411,63.3674364870107,61.5663387672703,67.2644762791468,78.355335192771,46.6501140563117,43.8535485347527,52.5274546832699,56.1126203158672,48.8192390886843,44.3034261042199,41.5865661364712,55.7894192024106,58.8844254541326,59.2092702948628,59.5431453790781,47.1717889481469,48.8194395490768,48.7291128537705,36.418232158702,39.4986545745137,36.6959001645064,44.9540994805422,36.9470169009012,29.056782393404,34.3021506650149,39.7575761722077,37.0133400590515,45.5921082103196,39.6063812769516,49.957781483912,51.5464186674701,42.7148455055479,42.9671195119706,47.688857528188,45.7576482744544,43.8369525453811,33.7101163708497,33.252712422725,41.1299881010509,44.1478662099658,37.7773912901104,38.3270785203694,43.3178773041991,48.2784373478055,39.443212739119,51.7872414162578,44.1631676423981,41.4955953090928,36.3601708610298,36.7655506037963,55.2568618775145,34.632900431534,39.8245997244542,46.8561576483256,49.6920166945033,42.123133205458,38.4600145304148,41.5102950746884,40.8822530636255,56.3072135270625,64.4913194398081,59.2796781902897,60.5319995514977,48.9840551080192,39.9948102700128,39.598189552428,42.1883756765029,41.2717604348288,35.6545209971708,44.5364193935673,45.7960650239728,44.8131995007396,44.9286007174462,41.3356972578606,44.598782278248,46.4822904287622,48.589013788495,46.439233506903,43.9396869736433,46.8838788967448,47.983715497315,42.4557764208163,44.03095483827,45.6728000217232,44.2404238941058
7.25299643699927,5.69046085755465,6.58422868544934,4.46268430962555,6.33522625440845,5.40224722867318,4.4598782278248,4.6976516740984,5.77067893011447,7.57337812272136,9.05415405490205,6.11552638991997,7.04011429066597,9.36366346432889,9.85342440322069,8.48052380872856,8.08526961502447,6.11390895368883,8.96823008687497,10.8809398871228,8.17192371090992,8.30100961360248,6.88186803612375,14.5000967013023,11.8273013776569,14.8119954654426,21.2769903062274,12.766964252474,18.4522989114719,30.8587533945453,37.0559009801819,10.9092932115566,13.8800025221443,14.3178620677514,14.0203261453074,27.1522626420308,16.1386897852268,11.6089127157935,13.8691335133576,14.3003988782034,15.7324838272875,15.8079669569875,10.4411864865464,12.6115930317159,17.261380548433,22.0099506901858,9.12925235865607,14.0677799569083,4.26968324682966,9.81241351882003,37.4555232782501,13.6510301641182,11.2318090716826,10.8668507250845,8.01156307107437,22.6073882594772,58.7361885349139,31.7697048126189,32.458506096112,35.03862069927,41.3267116077632,50.0420160671476,28.3505249967058,31.0970595404882,18.1315166702457,55.0062767216387,42.867759392343,59.6874808545131,53.4189561259398,74.3936514176546,11.0706197144587,10.6923242836638,8.33350630646971,12.4555213264473,22.0543428848479,11.2233363209079,16.724543354343,12.7578247382488,17.7735492234596,18.9572671942087,12.8682576686298,14.2608474253221,13.7362836945673,11.2538872440086,26.363812184186,10.1253419129945,13.6312175578645,23.9369710867841,25.5288544125446,30.9769553618254,12.4106799702937
40.3023644381043,39.9560417048442,37.2500009607742,38.3510242447722,37.1522685649452,44.8751088811257,39.4711611713128,46.7547333782933,39.9258848477295,37.3166879294775,44.634150067525,45.7896197034209,40.8053226361901,33.9762262814927,45.01363383977,42.0005252423669,41.9636370064095,39.0285745136551,35.9424415109641,33.0314246573369,34.6882902749413,46.3484268137793,44.3709392163338,43.8957472866697,40.0649834168128,43.7750837115182,40.6749736763204,39.4876809837083,40.3324835126818,32.7358065207342,36.6368520191782,47.0323173201815,39.8914607021568,36.3184793913695,41.6449450191476,41.4429271904681,39.755436259729,43.349614899559,40.0145868872782,38.5516223587451,41.543590106431,40.4404616530163,47.1717889481469,40.4858319556209,44.6855021326779,47.9228286829918,50.798157788516,49.8382681259758,55.0944400050002,45.1779872429006,41.1203257217273,48.7788143877084,54.5988171866866,52.933393876709,54.8860184872437,41.8465040257495,34.5443014220652,37.2301718546101,42.7956791436844,36.0547783350168,37.4968224015415,38.3300548599428,39.4892777764192,34.5205890311842,41.1412747303433,33.8593821627043,44.1955218513979,38.1110126201487,30.3858545574695,33.1265848184875,53.4436802577332,49.9652720327865,52.32480402043,56.8613046851321,46.8232078064392,49.8169396449062,51.7918325240476,50.1378938592804,51.05076387883,47.3327945231198,54.0927899718788,47.2558741334377,45.5938683309804,51.9644853767024,49.6079065932433,51.532868568859,52.1920108507497,47.8335081007864,46.7102207469133,38.089230036878,50.0807438801263
35.4110579739408,30.2163471536152,34.2310775430646,39.2807501426109,42.2846088662077,28.6093733296642,32.6240092365384,28.474996301458,33.4829218222567,36.4263305271011,36.0090072965524,31.7724644422636,32.812058891317,35.6925511142691,29.739986234289,26.3024177007355,26.1310112867284,32.6133371901059,34.1189013932995,28.1837539712623,31.2479443010453,30.2040352014349,29.681002561987,26.9613919270276,33.9980706142989,36.7524095359865,49.146531712792,31.8325372913657,43.9741613553252,84.896860433772,66.863452217746,34.1785835191852,46.0982810492214,41.2769606749412,32.6527987489792,30.0008684420193,26.1168521248515,31.9479510421852,29.3167065075212,31.4855981340469,27.1891033000872,32.4387100254713,37.1728612892093,31.3823564457723,49.0206689507987,59.3628844487047,38.278818882347,31.7483225993446,23.9719425128139,22.4537322267638,54.0800610065931,34.0292013199064,36.3169467337513,31.5243834098984,27.4783639146643,69.4971667267475,21.7813580590223,35.6942439034222,26.6846015545579,36.3505931134231,28.1829232851541,63.6278910675051,56.4197424585605,54.5667806698301,38.9780121104718,23.286101670007,33.6834367827092,37.4303529005904,41.5903205614083,41.3771748498421,22.4937420185556,29.6209906837819,20.8870521286147,24.9496835441384,47.8750774379193,40.3131929454632,40.1665912139181,29.7389540355067,35.7281321235457,39.8517175520209,31.0569320990811,29.7974352818765,25.8531690080732,25.3090432887548,34.0110753050789,33.9588996439161,33.1325497103624,43.2240238036692,40.0535087686086,47.7512123379087,39.0593300265073
99.9662991678831,105.343530814879,118.456821902965,111.098863970273,106.091635740784,116.919875634164,105.229587930463,119.81721952609,107.14131035597,92.321097559162,82.4730867812674,82.3635406439814,84.7376863286712,75.2495208205018,82.035356693405,78.5344024864779,80.8628480582815,77.3824355034923,74.0212683751814,72.8888727074981,70.7146059010548,80.4965136677878,80.2387791641664,75.1105009127459,99.3547524187829,99.1610612962886,85.1394622235446,91.745922547849,90.7912493153558,72.3251094158093,87.7057502553229,121.40319079274,101.038082023359,91.8155216126239,92.7450815013339,90.6361581210387,91.8973169296195,109.554276708336,107.665267632812,96.8424889546007,104.887205459075,99.5482911937139,84.951357752128,78.5532054828069,74.9474277152202,71.9930131296427,108.316535372986,78.0064931635313,80.8293735457323,86.8115808109301,85.3687777324971,96.5010823773177,93.1376755381558,79.5102929504408,82.2920512859222,96.4616152689604,42.4431461180636,68.9104508314602,69.8557394993704,68.7652689843868,61.4415875026557,62.0760562075505,76.1764687799082,58.9802807715856,76.978217429084,37.9246428928839,89.5704761271391,85.3931364289866,74.6777090119047,84.4003268828528,103.538410189781,100.109833609645,97.66508806775,101.126500971419,82.0004973284073,93.2960652352388,90.5617185849062,99.5903673306627,96.4924155016957,93.1087586957683,92.6791198723149,88.1565899625957,93.0401928126472,88.3836915663495,93.018559735724,100.389022236672,91.2408749199517,86.9736905535009,83.6851013299298,75.7268734769182,84.5364416776529
16.8841182082186,16.2562956973121,16.6220853896642,16.5636585137488,16.0386138811447,16.345277841945,13.3018965282533,15.7768824685489,15.7849708784619,15.9882427035229,14.3904461010099,13.1563718733097,15.6714311122708,16.0465447590555,14.7977719950982,15.9481367780611,16.4939500146499,15.6865435440359,16.7260967178392,15.4028889311218,16.6069765836317,14.1509240638084,14.7332810165633,11.5275768775353,16.8696741983313,17.9384539308781,20.4071206246169,16.2834537302399,18.0751933084305,15.6561247149163,20.3603917324227,13.5666511385297,16.5176198182443,14.1917562365314,14.8673701818607,18.8672498700743,18.1480262268056,15.1808858591146,16.2237782815498,13.1648157812887,17.1017015603811,14.3366832853884,14.2037426168768,15.6217926418466,8.6534026170434,13.9667213260484,17.0948656853282,12.7855649664087,12.4523371128675,11.3789925938039,17.6525458713862,15.96433806939,17.58427578066,14.0042156924879,11.7059640176143,20.26843700445,12.5333078036545,12.6004140346938,14.1948333761707,13.7275369495797,12.5960975933452,16.3035823623021,16.1165775175071,15.0863532890002,15.3686188919226,11.9012367548492,16.0317832913311,20.5358299812052,18.6973459484215,17.974936648668,18.5466267800449,15.9197731672893,18.4298697162311,20.2231626130661,19.5015526959268,14.2461020254294,14.3138893759978,11.4913336773986,12.2062139697936,10.3278869682249,10.4849054502641,11.2872589326978,12.5024899868856,13.7616058533814,15.8837574441023,11.0775968314267,12.0695740430139,12.705598690203,14.7880312501023,11.8817832101541,11.4999550724736
9.43246827274782,9.98901042621105,7.56640644515725,9.432491836254,6.61768857148398,9.7107879631978,8.64101406641055,10.5245465390858,9.99048789776068,7.28209434877054,10.7164401509192,11.5856957236172,9.46656144909938,7.90709359209996,10.9451390388048,10.3813308693056,9.68056944937908,10.5355752505531,9.45487823112401,9.53848626468553,9.96906875936729,11.5478989827606,12.0907957761732,9.18339457749146,9.06759772287031,7.46431267549866,8.67659085214986,7.76806839023769,7.6354340323332,6.53214487913733,6.764647513345,9.38398169869456,8.29465616188203,7.56634987320198,8.07104828542921,8.3957654222069,7.79109162045432,9.15318117976027,9.24608900890507,7.38488869859079,8.53346779024745,7.3008682733075,7.60715015448377,5.76031238818859,3.3449086708686,4.35080420619953,7.39196926055361,4.05047534362994,3.8815302243906,5.79204964652571,7.26748959130225,6.06712451738586,6.99122809563915,4.07506902190669,5.1572410052665,8.62049400803298,5.02569406068812,6.55005025149057,7.60456428537481,7.7152709380777,7.07631153563864,7.31997575450297,8.49783178195832,6.06250013977408,8.15918250161058,4.20302660213856,6.86642871682663,6.26533184125013,4.94356518076274,5.3642481098119,8.29417857972146,8.21235553346043,8.61396084562974,6.7827096332139,6.49377873831633,8.48690449708229,7.78233784721106,7.29018556471361,9.19826980430587,7.60705626264425,9.89221110682944,5.88596297035701,8.54545155291846,9.0844631969708,7.55762615946666,10.0859436954342,7.82194027649272,8.45072121138153,7.83558897810774,5.09855835139311,7.88443198112776
69.7788277904413,71.863970460144,67.8099162997749,64.3475126769197,67.0646244256486,74.869180917624,74.7649030692296,74.9379332392256,73.6122231022728,68.8400652437108,69.7099126648904,69.0224737274384,67.1886635701422,62.6325045058444,73.6767415604456,76.657355514158,77.4445555950326,68.8906526746009,64.4464661370817,67.1237409536683,58.8310690391233,72.4742464434244,68.6285735094109,77.6414268824278,58.5944222418087,62.474742028783,67.9758391601549,66.1389885853446,72.8356778067651,76.0581926731738,79.0206612178354,64.4278319454542,60.7302212455383,61.462042046933,71.3081276351838,55.3763251251944,62.2243879865749,60.968744509526,60.5296382441375,65.2120093176959,68.338678967808,57.7403451702015,57.5011055794803,62.0106356334544,68.5086849996421,64.110379626646,67.8272792311121,64.5898380064861,66.1028478743944,66.1656494914879,81.3710373043243,64.3981930916813,66.5885823535467,53.6331664818687,70.1579389584367,58.5165983988994,100.049970992776,75.1883013898648,80.7384804167542,87.57585224078,97.4655374771325,79.3884643192913,70.4733980538267,79.8110312518493,66.050525013038,119.589449772436,70.2196660488734,68.4737746200532,70.2413038273842,64.2768677017812,73.100883491673,74.6434004108351,74.6013080659118,67.3773821297913,73.5763509670311,62.6603229223833,70.602266911958,74.4027762045772,61.5661086503341,73.2531343810187,66.9413470505925,65.250103785672,69.2110952219842,68.2690629802208,60.9004061454697,51.9662489620222,62.36739456131,71.5683088236618,74.3117148246347,79.8631324957711,62.1636358912046
96.2661991136189,94.9103369332404,82.4960201941927,82.8656240689977,80.870978966705,94.283465467392,91.4058237068009,102.517665538947,91.9251120195579,95.3507724568882,100.096148822192,96.2792826534465,98.9911837423025,98.3826248103016,104.078474819996,107.423014409056,104.456244903954,103.488280851016,94.7423987514877,95.4085322238825,102.058171882037,102.402602358799,101.755452867607,106.376224575712,108.149829405743,86.4472374719744,81.5218212223871,99.0083472271295,88.6957468642599,74.3906186758676,88.0685269272775,88.2223599566423,81.5289673672344,82.4968827123767,93.0400491938271,102.135379527681,103.755775755859,87.6007809372707,89.6769626168737,91.1376624349393,98.5295963695839,85.3296915169198,93.8852843894379,87.3931030621657,84.6084324504018,93.6184295068983,101.948200565334,93.4440306425597,90.0278238714931,99.709112538532,89.7795848767567,97.4336860888473,99.4442981284733,96.0910038954891,102.234680592073,88.0420758232338,69.6153986728507,84.2489427587082,87.603520697931,73.5035744044062,73.3161117672924,80.5716385821555,96.4987404577794,90.4888770862679,97.472011699796,58.2496122496223,89.1345906798665,85.806870768326,78.4526011578482,94.5684003394252,102.498826281357,88.5629364877964,93.3424823206105,106.992517120872,92.353786071572,94.6293817267898,91.5704292981793,100.405152776131,99.9060363473973,95.3148050119351,104.429893015063,79.572501566627,86.7638764530781,94.6919699281266,97.0759504308703,102.385723902627,95.3348144213909,106.545399142769,94.6736302084542,93.0902495902424,90.4198340235704
22.6522154731899,21.1247101230703,19.4303862433476,21.594996990707,19.3232471111374,21.562589245244,21.3374201824835,20.6421138321752,22.7642463770022,20.9212952396989,22.7061207158091,21.5586134324455,19.652854970827,20.5632985723673,22.7009461762382,20.3474085038391,20.7446989369166,19.479350634235,18.0355278316864,20.1710722316574,18.7594816341237,20.7586502403631,22.3945871451762,20.7395322515597,27.3521128485038,31.2568093286506,28.3508987716744,32.414063522246,27.266983311021,25.139747929673,26.89755552408,29.4759818071398,29.6773627500503,25.7643913631083,29.621163240942,31.803278508191,30.9901103701276,28.932610380365,27.8548143671636,30.074959225011,29.2877042677629,29.4869372396675,22.2225738385444,18.9832840301963,12.6974384952923,13.9481664257573,22.7553427914397,11.4981235561108,14.3383726488989,14.7724522690625,18.1997816260817,24.9662173890428,21.0103595818454,17.8339042141508,15.59887008964,31.2467217577264,19.7927295783931,18.8264917408112,20.9692548076752,21.9358325183346,20.3326894990378,18.5661203227848,21.8423579664542,23.3227946553662,23.2251777462512,18.9389712986523,22.5719618039328,19.5656303700483,20.9329754970743,21.8334309030941,31.0374488521585,28.0102306529121,27.8851941793409,25.8565112684336,26.5264735253865,22.7639400996506,25.1665091642768,26.5098306647836,26.4606004470082,24.9527545004705,22.8497501723133,23.6353365630245,24.7592099621666,26.2381669314002,20.9337456679832,20.8834192000072,23.4992127382609,25.7569087026897,26.0849284690555,21.4653591096466,26.242382797186
70.6488300724163,71.4787385416577,77.657521534239,77.0080128304695,71.9875390946794,70.7260218620631,74.0918950561002,64.6026478589328,72.2777535996838,71.2027002990897,78.3739600040676,75.65612963964,73.3743950585429,78.5517728022551,78.3795122983464,75.4379146768339,77.6258396671184,78.6074008331421,76.9599279548109,77.6150160130152,74.602542717208,77.7051077412653,75.4724201751693,77.861125317296,71.752295024452,74.6314637664311,68.3405875654045,73.868576266427,71.4243950831222,67.619712639079,72.6732667413755,74.1284815777973,72.9846378867108,71.0848870138771,75.5221301136948,75.5023443642436,73.1806105778388,79.9921060614611,77.0032163253816,81.1086080794378,78.233638717841,81.5453023189036,59.0672835524622,56.7299128903127,43.2360417086349,51.6338087412208,57.1252747030562,43.4663913219644,42.7232268738225,47.6627765412601,62.5209085327646,62.0515160015638,58.547141906273,38.0777954842679,44.5913221183033,68.9616684896922,82.3461260483251,85.2777320886279,82.9459237986865,75.8332098730258,87.7491567009114,78.5233762755773,76.6270003786931,67.9713250965258,76.4545619595361,79.5746350788378,82.9642888522872,79.5204073344751,81.0933185295866,91.707938562272,46.2066579986813,46.2087292046095,42.4351756709637,44.5603469236598,48.7646026009415,80.0703746710707,75.1294922942298,79.3429490107831,81.1606221231003,75.0683631505703,77.750264330754,75.3033285390418,78.285517288385,77.1294653498335,75.6202012816402,71.9411452650891,81.0947663075023,75.8397642723237,74.3733884927205,78.620626679045,82.4580178026278
59.6003370270307,60.340173145086,47.2118298309968,48.4512283167467,55.296840778686,56.3686384297856,57.6228655585597,60.1353617957757,65.3673655808717,57.5712669754667,51.8141649686408,60.0925759466196,57.4134990528646,54.5540905525823,53.3070260214239,53.5523146132048,54.1477394912928,59.6155252610182,54.3141041679996,59.8119613158833,58.9483920932301,58.8030043373614,56.6012734217477,52.5233048239446,59.3883298467839,55.0360879281064,64.9395850110014,59.1088866921795,68.0771056415032,80.9505439412725,74.9822265165057,50.9493836031031,51.7286436338798,63.3741944661709,63.1817469053236,72.2857539521328,73.3618230213324,51.7839364842259,51.2843262175021,54.3277473006161,53.6038734118001,50.051896020298,48.7528829018239,55.355729275888,47.4419546484863,51.0144589659854,55.4217153356816,49.1383634079958,54.917442226768,52.1308317803506,69.9213248567624,57.1380118745552,61.2832717216264,46.1714083771322,55.379037753156,58.1192564234298,47.9270803859263,50.4883364444985,45.8133928247343,50.4142147921591,40.4693993663265,59.3410470847317,59.22036408808,67.8607736233888,53.4508477383287,37.1887796639697,73.0610777112508,65.7611454435783,65.9706325546793,97.5723792809199,45.304841802259,58.4731910550007,51.1953735262983,52.9791283350671,68.5185549987726,49.5540042392255,60.9042766715873,55.0948626812482,47.0900108889919,54.9724524554611,54.5547059311892,47.5693437042019,50.1437916061603,53.1017381388605,51.3799941688904,49.7914673526942,43.1588133899206,53.9811045265206,60.4285677210365,63.6090141615862,41.6944094001999
44.3293852677309,46.7260525826414,49.7745862447532,46.3831798378089,42.4637706787528,47.6809631779323,44.0840379994532,51.7098524999144,45.459244606843,41.460037789609,32.3954802661253,33.2515613525493,35.039947486504,31.4029528405549,33.4910057514241,36.5006131205509,35.0741171308627,31.8081572162942,29.6236629637077,26.4000570397661,29.4446957411026,34.1529878190941,36.017644147072,35.9492548974863,39.4716471310337,35.5305171016588,33.6458297878812,33.6461654808087,39.3479367132904,36.7069001144994,36.9571251536596,39.4525138696353,40.4416590003319,33.7335038603299,37.9297666073495,36.2530341819606,34.4213210324393,40.3201351773798,42.6376790296365,38.2759407085986,46.6401422891413,43.4658779796639,33.4942075502886,34.5780206593105,33.2384813479276,35.1679342931995,40.5945150589942,31.2936240768984,32.2892854776381,35.8483580975586,39.6121663432929,39.1455207522105,38.9793439249267,31.3959968267351,35.878828367205,38.1653818162266,40.1029767810868,34.7019309012503,39.9406554442101,39.886821685822,43.1986459158526,40.4528478287487,43.4825261422343,40.2913759289385,37.3716460740436,47.9632050011979,33.7684135800887,32.055884515821,31.4705936798671,33.3317437812839,36.0378544806448,34.0589150898836,32.5126940754816,38.4131566294125,32.851781588888,29.3615168853264,30.7398603456257,33.6552846043154,32.4248172225093,31.5250096175455,32.2691471211553,25.2211831576092,30.6326188745506,30.4593915654254,29.8056078648315,31.4464753100965,29.5262235618321,33.6201228365527,32.7244527037953,28.5039403362589,30.1258305678906
95.360825075621,96.4922031745059,92.5429711369233,100.816095540177,107.537439286615,93.4621913181495,105.767251027928,94.8112583070436,99.7966787476672,105.153442396247,92.0977232772068,88.0758725302041,84.0712677429043,99.3588734270455,103.600919648636,107.505260868408,105.97866854133,100.115259116655,104.94219624913,100.648693955886,96.6728402481501,108.98521108929,115.622987280952,113.100754270158,98.0187601673318,95.7531360403812,95.6082941033074,92.6414082095014,106.556723829006,111.79728419581,106.198979545788,95.0666979864216,103.328907664852,104.687240809738,107.128604819486,93.1870417429347,93.6322260815314,119.847140569138,113.050920234932,124.103680417844,116.694294102849,118.464523460798,94.3062879445562,92.3831918620851,113.355238290547,101.476109868124,83.9686830749523,80.0077764112711,100.919785834156,96.9657252588952,102.738699008666,103.704492643603,103.875132196955,86.6280801753712,97.663224319858,118.974235183714,69.0195317667835,103.428039001082,85.6904560937357,80.7657143078768,67.027664657276,102.280024860646,110.984613359197,102.634561189822,105.119626409639,58.8090150759545,79.0208343488943,65.0259884588919,68.4986081881225,85.9691341809329,86.8780061401332,93.3850527740525,96.7167510760475,90.7238797606247,108.617638707876,100.732417862565,99.1499773803332,94.6652037300312,89.9671409146252,119.177214781427,116.610725844066,113.952243106112,112.326782602618,101.420574199017,111.167408043318,98.6531367709655,114.493079017902,122.030031655261,112.326959415196,118.080897617138,115.382821723819
99.8269558865811,113.072322939323,88.0322288330796,92.7697404970644,111.774374042748,99.2293388044159,129.801348969417,94.0045269714724,122.37446006174,120.623847279412,89.3036679243269,97.9098848155026,88.3431817542307,81.1517500241837,99.5419806188999,107.761138741947,100.25009186342,101.206482687942,93.7388607568827,90.4743086068876,80.7358935920187,112.293362522017,105.47128139341,106.641620285032,95.2590565125452,91.6403775094385,102.682202568754,114.183412680577,107.998972479557,109.019245569051,99.7336527188741,91.0544655286758,92.6583952153958,118.540645400658,117.945473655628,115.933016149197,116.727247670735,93.2061742085345,100.696902147403,110.773330478862,111.040432727417,119.381258572681,85.8041789483684,106.129391879353,88.5368418560775,69.101007980816,79.5062500190421,69.8162578047183,85.2772190298615,75.7054959681184,90.7504469477999,88.1488187470622,101.126395248971,58.2340508614407,85.9540167544416,98.1366172172762,76.4165802404147,93.5049089793624,74.3233547751789,81.1804571651335,58.3335346850508,93.296418252847,103.585639135251,123.603679320335,91.9958619626039,55.4068985430013,93.5503492579804,68.3996286811035,84.7874776326501,94.438999617478,76.5102829154814,83.5871434494785,97.3569887240157,69.8824628876583,92.07688154424,116.000914270868,130.653479627216,100.275787718561,95.7206403539719,101.185922985649,117.700545711767,124.109733489242,115.9638962801,110.708420900398,89.8135989678665,96.1324388114582,114.171510362091,108.484617273381,117.887699980305,123.222300996694,108.118923741206
2.60822039360072,3.3160239529635,2.80102546287071,2.77227358628254,2.5018090940976,2.38626871450594,3.06616628162955,2.71018365813369,2.27220482873257,2.55682423801277,1.66228609601717,1.25998282405386,1.33283717153385,1.87273269286578,1.62357561189432,1.35249733156447,1.450272576686,1.31012334721904,1.25138094235465,1.37778134934347,1.72932825417596,1.43965849387202,0.874491518402465,1.49394935710387,1.47841267220712,1.32180536961955,2.04480166579328,1.61834758129952,2.29063020969996,2.62787437666444,2.93334272702571,1.72426518845271,2.33417459831856,1.94008971107743,1.99696040051857,1.30997758360675,1.73908295099427,1.33948992874541,1.43741719886339,1.65847076705641,1.79097472140996,1.42843074912538,0.932248793441639,1.3091619064065,2.06475843880778,2.36734934749092,1.32851060443129,1.04528395964644,0.97038255609765,1.2265516898525,1.5528823913039,1.3000981108684,1.41352699201447,1.57744607299614,1.3298545988423,1.76977029303988,1.88141367400119,1.7257617429077,1.56330764054744,1.84413793154052,1.86772534955518,2.26253796048274,2.41748662762607,1.85441180746031,1.46778944473418,1.80129711520224,0.910465686209056,0.630240481072499,0.889130428194737,0.658767311731286,2.35470324085312,1.99210604524535,3.0449349965947,1.31543459553239,2.02164809777772,1.66565415363297,1.90816937599887,2.21564463241296,2.30872907438753,2.77717927048917,1.59281365279457,1.88350815051424,1.97745986348526,1.62706803527835,1.09849217434108,1.57592870241159,2.01266299512094,3.07298953141147,2.83092246950989,3.81320750650409,2.15361799484508
51.6642012211869,56.9455471428671,44.7800304518682,47.4329248970049,45.1536189725035,55.18246402295,57.080247040841,54.2036731626738,54.6771828628346,56.3472278275978,61.9643668132359,64.7200933526203,60.6611789608354,78.2732905147789,61.6398878860567,64.6274400596211,69.323029165591,83.6295403308151,82.5216210319426,80.7945114345771,101.318290656427,61.5071118232981,61.3664917696339,56.550377135079,55.7361577422083,64.7295864828399,64.9915340262945,74.3360989010246,55.2720585785009,54.5096227845253,58.9661752269453,54.3806713281239,49.3511200787353,46.6397566543015,62.9874592996898,87.4707759235598,85.7367894840174,50.975033399478,52.6405487691864,50.3799610369965,55.1690448497068,52.566251567814,36.8797622685512,39.2312184619814,30.4345393880266,35.4462577975667,48.2010898787252,42.4646608606365,35.3995556464423,35.1611484424384,45.0957046434652,41.5164663403975,37.171939546759,32.5567342287814,34.997880784167,39.8483762755432,59.3289627061746,58.9112304056218,55.0072315555335,58.0338916415406,51.8491079432853,53.9681848809265,56.8475643344798,65.6176485716723,56.3803827889069,59.7763783415261,38.277494891039,35.033956153736,35.6363475620451,38.9143262001267,42.0332100904528,45.1273002086192,44.3518821214518,43.7793076325624,43.1284927525915,47.6297771074571,50.4729507494602,43.2765427395499,49.3628264,42.8651583053763,47.1137512037131,45.3050978346908,44.3869115785889,47.8290207870365,42.6654360514077,46.6474895913831,38.6065356336834,40.9597157278923,47.4179513642907,49.871612781694,50.701277878641
0.302625023750659,0.225980891609365,0.570754409252487,0.327939680328544,0.128318595471458,0.29198649131663,0.222374483859598,0.116989594576104,0.19584241619076,0.833718890774796,0.101859233117648,0.0888134234516015,0.0341753120906115,0.12380843913946,0.0489871951864665,0.237235342752795,0.101156512223849,0.289318905844204,0.238109984864704,0.343032228259617,0.0339083971407051,0.0346130659164974,0.314056519217581,0.244744056443193,0.269071106341695,0.697446715616906,0.311694091758759,0.835426984746396,0.414010200864289,0.879962505557351,0.50106282908582,0.435708549543627,0.365965231664946,0.629753120215734,0.984751097505718,0.671661233776552,1.56030522363206,0.646303890619658,0.207065774863294,0.651497384341781,0.219833367765222,0.485349025647268,0.271470848650205,0.422422908467163,0.0412951687761556,0.385174137078252,0.138642004103471,0.328393377322256,0.176221472187333,0.0834736566705176,0.991360118608409,0.113975267719463,0.124925223348306,0.0438179464721149,0.29094623784428,0.2980064816022,9.81505163657362,2.26780781761189,3.46868819023839,5.2501477846919,5.5116312005465,3.50227567235901,0.603639085201177,1.90005886733625,0.983418927971899,9.28868879072621,1.57965796557271,1.14370110829921,1.16796173047661,4.5586697971805,0.0829417857972145,0.290278309450037,0.0460746742905777,0.0760485625542164,0.061262063569022,0.555614635533284,0.573199114515738,0.430263893133098,0.544200424677061,0.43871382678742,0.415808195676899,0.658218830456496,0.537445341468674,0.752179993808888,0.431927122950914,0.472778610723477,0.122589473339184,0.55232943419843,0.352854264949626,0.492717823874124,0.0773842398147725
4.21602748554638,5.32201375166982,5.27465833917212,5.34169788576392,6.13346745649735,6.13138489143889,6.22524669300545,4.42663330828503,4.97721057722373,5.34020252243173,4.35023808106622,4.4253055283843,4.81871900477622,5.37543643322585,6.41032439868619,6.25073091074389,5.07595401840102,3.93037004165711,4.69267853382993,5.12252040140519,4.57763361399518,6.67756492902339,6.23550473991323,4.39396869736433,13.7492378515262,9.95241690066488,9.39503468067182,10.1056815632259,11.580408282372,12.0131400076089,12.4517405555377,9.81504799580774,9.29501670401856,12.1837633855663,10.5256454443999,9.46756526333969,9.07801300419008,9.37642950121784,12.470565427977,10.2011598124602,11.0619026910615,11.7131321428281,10.6276362452347,7.33130667587638,3.38620383964476,4.03089213221427,6.60848864768387,3.04874488230211,6.21044835902496,4.49735619612585,9.93844730434496,8.97067696499195,8.02272076548755,3.15489214599227,6.61683751619098,7.30743862932597,5.10301243085255,5.21650708651644,3.94801421087403,4.77970443480911,4.34048848840288,3.65998787725149,6.51988817753698,5.84852954660558,5.48262527886002,3.76938100033061,8.914976510797,7.26630201707116,9.31808688748084,9.78740006000768,3.971365167409,4.47207479544875,6.61071413734376,5.05620172657763,7.10639937400655,3.01404084943109,4.34014995325232,4.96733232105487,3.26153789873794,3.26016696970468,3.3113757518624,4.20425926454072,2.86025444539833,3.11854706761684,3.77881307973333,2.60028235897912,3.29344853747062,4.16470949651817,3.99362276948717,3.72751745017816,3.5771959914376
77.210469459879,84.9065886227939,60.385743745005,63.7961006989652,75.4577904187503,69.7983598992989,69.4687976736877,63.7796554214128,69.2120804180605,92.7576995714505,85.9437279430156,84.3573866348257,84.4130208638104,93.5672741731828,75.4402805871584,81.4422717493415,79.6924780888959,91.4902804141293,101.361856330726,108.986037505759,106.065466256125,77.6190345419508,73.2671806939805,95.7445779155689,98.7086860810284,104.850267113645,114.398363464651,140.292753658876,87.7226532159169,86.494608054784,82.7921018668684,83.0300006131844,85.7392347989515,107.946591524348,113.743536146203,118.136160267081,130.152968052411,69.7651004554899,70.3557445173407,80.6705214617248,89.2677988592964,84.1821854817891,76.8918804830664,88.4557061428657,76.4786525734401,82.2174030142116,94.3923816635671,103.570219001635,70.0228052480064,63.6103334709618,72.0537429565009,73.4988798677601,75.6809992210992,93.9018592897423,93.5114831332284,80.3818249225857,152.652235494645,102.133717693901,105.748488024149,106.771822689397,127.452525614012,98.2207655786035,87.3225472766751,118.68235567746,98.3850630749762,166.720055218163,94.3470067334134,97.9467853525613,114.519999151482,128.036132515774,67.2320492500303,63.7880486732645,68.1504530158893,72.1433660987296,68.0008905616144,94.9819451893088,93.1261485659054,88.1612146477867,95.4274684080179,66.12906581759,78.2993658794805,89.7693438164735,92.375625051383,108.030538092336,83.4414655629487,96.8408187631922,84.9435268622631,83.2133217848,82.3495125505646,97.9865794087063,91.8390317801734
417.352421184463,418.139976441194,347.326429856887,346.061897529215,362.623912108785,396.586923285947,396.119570492551,428.814744032716,421.458650321446,440.182213519002,406.51595523782,437.248766302573,454.291056608015,418.461426616157,430.809070372246,447.618130376744,421.734189346272,434.143215954164,423.024113475729,443.43680762258,442.619193068537,440.098087990954,423.418527440475,426.120932714217,506.895960856293,451.064527317532,444.917894127081,478.37383494665,506.955066767542,450.468724005318,495.827111638765,562.627067813201,492.430811401846,472.702858104016,527.395577643286,534.457158891362,542.735094245832,503.359106631985,516.681943078256,524.888161389631,526.078105294849,521.668623303585,488.78960228649,443.201926245647,446.822398143446,390.157727366795,492.527593118177,424.250707306649,452.26115193114,520.272222334383,515.158794867764,527.17201594962,516.625013865182,421.806012662914,496.556354790409,504.048277160689,318.042157018079,355.821478338488,333.061897916441,359.560228670094,319.888740397125,330.313905921947,413.360177884139,453.328797216436,398.078311900801,273.854202586055,409.791121345131,363.714376734802,383.149774552416,448.037530218124,410.101091047144,416.579865479863,427.191559243303,420.506621447084,409.24712539823,444.969592534991,467.300578108955,507.122461259278,466.273489117833,449.462718033461,451.812909975345,358.299419131584,352.600162022392,402.350874993837,431.643272573064,450.946088462442,416.333978089821,446.018552677794,460.239242568049,440.581851354017,415.820562444689
68.5997692563478,77.2101379665329,70.0983904798944,70.7944010936053,76.3455291295591,68.5389402999763,67.7653719616713,70.6454540220182,68.130078118664,67.0276328724612,123.786908791471,88.4139167025113,167.834957676993,228.854871115209,74.740463513066,74.7163390734533,91.7297404753898,179.65066398741,189.09756462248,191.864884827804,185.987558316767,68.9504525469342,62.6200563505786,76.9383918908495,116.203236035479,125.96027639904,149.546846152341,179.600618244662,88.6130296622429,120.656974951422,104.702376113632,73.7454957522852,86.6562319625766,90.9506296194256,101.220930301285,150.408648927946,153.874059503973,60.4630870614246,66.1592632789292,65.9320359658085,68.4784452303808,66.3426725704899,82.5972430989292,97.6630418306225,119.011437557817,119.071273937313,128.899593004308,139.066320131295,72.7398764050799,74.8196530810027,111.186379217359,82.6853731191562,81.1051225272131,145.913761752143,112.453802297226,110.582098632847,45.9528846677278,70.3247910234886,60.8365142829985,64.2791211999046,55.1633997290664,88.437950708881,90.9121486328472,115.258826186764,125.539167802558,53.5385531462887,52.0103523246923,63.5056259807282,64.1237308292331,60.0889897914895,87.4403233319787,91.4336019542204,85.7389591146403,85.5032487096055,104.145508067337,101.366952778235,94.2482269891644,95.2012467862602,119.100003649004,86.0921548954149,78.7181082055704,67.0663437879536,67.233635358499,79.5558305574423,108.531026824899,108.620885813719,86.6817358125948,90.248850448821,95.9986030285587,133.247180686265,98.7014077637475
15.1208897640515,14.4156977105807,15.3146976606308,16.9162781906382,17.6502631588586,18.2688755668051,17.4040553565546,15.7926918732214,14.9060243439188,14.2984731659704,14.5184774981925,12.9621501306751,11.9405122913387,11.0664630054346,14.761661434075,14.958620487103,14.6600803414305,9.85048991690312,10.0266898006166,10.2097130759041,9.10745638802197,15.5213564258474,16.1944422797027,15.1051461909294,13.1987755332411,14.3392556626611,12.7965898841739,14.1245780567864,15.6471252861486,18.6158620842909,14.3638011004602,17.6316063203069,15.4589049111498,14.9138576269944,15.2497048918767,11.5444751777126,10.3475435584159,17.0211961889965,17.9308083279838,16.5615516636278,16.9851126177324,16.6262990617087,14.1451973926487,12.9367015718069,11.2822530613335,13.2846687843119,11.8499739477824,11.9362717491959,13.2049658233768,14.3741636786631,12.3522476933877,15.2562179650037,17.0253595673311,12.3281792399295,11.0900142900042,14.6468473026552,17.4953430729073,15.7746389859101,16.3882334860778,17.0740827633059,18.3884137161417,15.6241555218159,12.1511668764951,11.700625269764,13.9064415833006,18.9393048721921,15.147114132898,14.0710455641804,12.2305225180755,15.5167934797506,14.5148125145125,12.405942034829,15.1525581014752,11.1191219920486,12.9207818273424,10.7157083883721,9.24040374098902,11.7296941564017,11.7580273574165,14.3290375664761,15.5274181458216,17.4917365849364,14.5562233022481,13.594492407258,12.1097777299361,13.5652002881834,13.8393452084963,15.4729066313846,11.8180902664647,10.9169131759241,14.1802969260579
30.0123990496522,31.6045739714546,29.4653327912374,34.0786801825951,33.9358298086465,29.4306474789067,30.2280635441459,31.2574515238086,27.0500574849116,28.2221612094574,35.6860993804538,37.0619338002185,29.7666968309226,34.2987524674862,31.7437024808303,28.1100121073804,29.8393582653145,36.4650998309298,40.7046412082581,38.1892727856484,46.6918628627509,31.3355455155547,29.2764551812999,27.5501837324744,31.1452269611632,28.5743219608933,29.3456671496279,31.7915391526395,24.9424178389551,23.3505408897898,23.3470135416332,30.6720249868992,30.4276331566527,27.8596882510719,28.7895124408093,32.2730841052208,31.0252398457377,32.2221743970423,30.6519505379248,28.8198410652632,26.443215004347,32.6317068911309,27.7810140445608,29.761614005641,27.2961065610388,31.8632425689318,35.6654000728094,32.6215702406326,27.0154503617586,26.5412157331972,21.6782381826024,30.595642209103,27.735691789257,34.6161777129708,29.9055107349416,34.76742285359,21.5718252758767,32.4756982528994,31.0806756332566,26.645911337361,27.6739023624232,29.3464482521437,31.1342974770025,31.3823536647129,34.7952438957573,15.9114578509531,27.5415870078239,29.3617918240835,27.5630432740368,27.43295305281,31.4897627433492,32.1582833018178,29.2073370068097,28.1585218106153,24.6273495547468,41.6810122730537,44.224631420209,33.6635039311776,40.4943750348924,35.1373551179282,36.2993848242131,41.5717156077787,41.2088510837018,41.5580294010679,39.9411754590418,39.3982175602898,39.8873211760331,38.5336713609885,36.1953658601622,33.7618821924183,41.6852839002218
16.8641099421855,17.5626453805104,15.9694828337694,18.5945179567731,18.3600506099098,18.3941546743167,18.2421408068667,16.2159322211666,17.9612381699813,16.4737156601076,19.982800941483,20.006068742904,19.4457525795579,21.1549433823727,18.7550975856757,16.5955077981154,18.599745795998,19.3789078442816,20.0916162411385,20.8786866015894,18.6157100302471,22.176867011986,19.0867279233929,18.3667891549829,20.993459945341,20.7212430002124,20.8901359370232,21.7577841485824,20.4884146534274,24.7020191406458,19.9347577163176,20.624864369569,20.215619289009,23.9407070346955,19.8447939801533,22.9841521487366,20.3472705266329,19.0133153774695,16.5108732301876,18.2744703388857,18.2960358795017,16.9189686507517,13.5362524807726,16.0590527185864,13.2144540083698,15.4837443808865,17.2706378576068,13.3709239838107,14.1287700167818,13.1172889053671,16.7711298260821,14.5177622380304,14.7083214033938,13.8464710851883,12.2930461697862,17.5835242018156,16.3141761046953,19.6109288966784,19.6605808353593,18.8177339953115,17.2041180085787,22.6253796048274,16.8491492228484,20.1845592888949,17.742984170169,14.7439504614702,17.0332955461611,16.6086903247341,18.0315650837893,18.9630876162649,20.6300119758326,25.5314815594711,21.1542852395,19.395672037814,25.3624943175751,18.7584384444856,20.8776178785758,20.0480103029624,20.9251476424648,19.6817487430319,19.8263383624166,21.5930755826812,18.1855683874091,19.4570219218703,20.1243766339287,19.3445248221023,18.3884210008776,18.8827119890678,18.6032047996364,20.0514731802687,18.8715339548289
83.3915945022478,77.7014007743794,82.7939474479707,86.819494750897,74.9735693037637,82.856552587012,79.4415809331293,82.7961107559842,82.1961080108181,72.4002002586653,80.6385595514714,82.7593596384647,76.00589408952,85.0706165851807,83.7821001103395,79.1028169055543,76.1393102760152,76.0963310843056,75.8823499211166,79.2754191776087,80.4985348120338,83.8371339942066,86.802788544036,80.8929637184774,81.1155752817638,77.1312309801528,71.78911794231,72.8975677176472,82.0384967696245,69.2257192938462,76.5063674518133,87.4732993680433,86.3227784485311,73.7234090209424,81.3761363211316,84.2553764001614,79.9630340867164,90.6016104581962,81.5054400869027,79.6378887199727,83.438351726864,85.8963023807396,70.8509083015645,78.7679080354576,74.3725989658561,77.8665988080121,80.698503125583,73.0392166802948,79.4161083910317,78.0904575872761,75.656430104326,88.3633349353554,84.849822953085,77.4263114162271,76.3531152603606,80.2105568297109,42.9374682313149,66.7948238220865,65.2349730682675,61.7974384406029,54.3744830638106,69.6063149019101,74.2827709216011,73.0352958015136,74.6414102925116,37.7271673572913,73.3683598803464,70.4015690327456,69.8145212218507,59.1949484398542,87.4403233319787,83.953040478197,84.1764266821772,86.407609994034,84.1740753438362,49.176455964402,50.2858753204407,43.8840582032761,53.3206476703787,48.9025045455702,59.2275181947034,53.4109096967253,49.9308615530029,55.1847241965241,48.1139572361395,50.1145327366886,51.139937012391,54.019921236391,52.1193047511554,47.9864315425234,52.6358838740103
4.64013126735515,4.99327705608591,4.18516856497761,4.61820209617311,5.69524734743445,5.59745726656818,4.79901480139898,4.899108659353,4.31213983052804,5.25993766027639,5.22276144252885,5.06697483000002,4.65433575362038,4.03643255782681,5.22007551906987,4.75896290801022,5.14121628435189,4.97028044851221,4.19177855107075,3.51298916355678,4.42979300246171,4.81550450684297,4.79905736751127,4.36716548831041,4.76048880450691,4.17534990285706,4.53669645256676,3.77794252034477,4.87098272184901,4.86006595432827,4.16175482413933,4.46883114322638,4.32614252784792,2.87831709535448,6.00253013722539,3.49585381516147,4.32266458299135,5.10494495066305,4.81262817824857,3.73062046883896,3.66623060618039,4.40115385258298,7.7488519710869,5.81486080095552,7.32534998920223,7.7847404083573,6.3635657952259,8.2625341660219,8.17372634652173,8.18416615054083,8.73713748643226,6.48315591286374,7.8206246090617,7.22426483485759,8.77476986889777,5.26877743047261,5.85454698885083,6.54769694002297,5.97845937180878,6.02167487849967,6.53651260362635,5.67497756676376,4.76684408665541,5.69090454297145,5.98340050118109,6.11073367655367,4.11682234447528,3.75104305146561,4.25893475105279,5.63716599610058,6.27581130924093,7.28460328953188,6.10589596685569,6.87314576165675,6.814791951418,4.39970647152481,4.87930133968651,5.116709652724,5.4031589639317,4.0860759353632,3.81185456802995,6.49642141556833,5.31089220478899,5.49982893174818,6.24031434399683,4.65450542257263,5.014732821707,4.35798436441484,5.88528560536325,4.58656026484565,4.64524450888111
191.798166321916,191.511846082492,189.563945319033,184.369716773576,187.597347885717,188.28687578704,194.163895786011,187.750231403593,193.153279809327,201.651872922501,174.199094593173,177.937847541726,174.459500172637,180.080935338922,175.920575939001,180.898711335664,196.627955947088,173.916144919687,173.122991681688,168.815662685095,202.44533795298,166.414107340798,175.15608857157,167.305191517714,185.856185065397,197.51659884968,193.090621300859,196.573488044536,184.784714825716,147.556647892209,158.728562731717,187.388830018069,180.073650739319,188.142915857329,204.011138650644,208.660970293514,204.6803244675,193.030172826143,234.933020946772,211.495076433311,211.320970265815,196.500012714573,224.455677499356,220.539232816728,166.940262246174,178.276121821469,210.468100253921,183.372858435825,245.212566701697,232.015539778908,202.251750714116,211.417621129049,204.290179538053,219.445972265393,220.089963044061,182.675689647577,113.576562125143,134.219550680334,136.894345636995,123.406699541253,109.472906995505,117.100979406491,130.978692913075,172.837599573096,157.59223565333,90.6589502345888,218.43209894263,219.242868339774,214.644976670491,284.556893042728,131.808204113325,145.794110406425,141.81584421969,157.473964017672,135.190671401575,243.594384866699,241.350126637491,215.804501921097,226.355127751602,202.192335543089,202.289848873836,216.364971723653,192.789977565666,210.35955861105,227.914277538549,230.94683558796,194.467615399257,197.449281570654,202.595977574215,187.144940764433,220.829434051421
19.0078527314464,17.685461082472,18.9833134779102,18.7973672435743,18.2716802564248,19.9518578629525,19.4785181600248,21.0490930781717,19.2957076725703,16.3410197186411,16.126650876616,15.1197938886463,13.395697080157,10.9936345118232,19.2309731960586,18.0576670754824,19.1435980122553,13.7017066729991,12.0261184618455,12.1174103288413,12.6817405306237,21.5008401405018,19.2388134048542,17.3561763545891,17.5931107992647,15.2396383791431,16.5794729658914,15.6080633396443,21.7185679141922,19.4462703873169,21.551089423046,18.7679633973891,18.5900334080371,12.377772356674,13.97872280363,15.8983643101365,17.7038644411216,18.4533341711468,19.4944851456662,18.1180108325596,19.4549018757082,16.2206247289571,18.6076859170951,18.2409892292639,16.5593626792384,17.5951640691893,22.1077790327156,18.4666832870871,21.1543397229288,24.326608515408,24.4100688853843,22.3140172428713,20.3964304261245,19.3237143942027,17.5800290871349,17.2347081859939,13.7368970992142,17.6890578648039,16.8230449840673,16.7477832558272,14.9154968056026,21.8933820293771,19.7061788736792,19.3942945647926,18.6029361036721,14.3436622136474,17.4126562487482,17.8691712868791,15.8976520561219,19.9912351706455,17.5021225961919,18.4456823222096,17.3857775318724,16.9362204174796,18.7461914521207,13.5929276466119,13.8054183599228,14.0443280731983,11.3545494667973,18.7133584061049,16.892207949374,15.0320767448095,15.6060426190591,15.3876569711377,13.9288807706449,12.2528456612501,12.2132049931202,16.2937183088537,16.8298340812363,14.9957598570386,13.9054368667158
13.6181260687797,12.715928395432,7.02075213420841,8.16874077948277,5.7198619207796,12.2995580922264,11.8047401842738,14.4845765608955,8.56116286025796,8.14267607647635,5.9647776615595,6.45326324934318,5.6279903950819,5.89217193551659,5.09550807988143,5.30032738045535,4.96101991669865,4.42166629686424,3.72459633259168,3.89629500048951,4.24973941364456,4.64519597012109,5.35949236669615,3.60437252244796,7.73702631788391,7.03666976179821,4.62622560658258,6.89164326676504,6.96181907436958,4.12951687761556,6.69221190722865,7.50652218003701,5.41861960323952,4.07418839326261,3.78049565823171,4.92551571436138,5.37724448447428,3.99354039034012,4.01311342277266,4.25006602984153,4.52519612942916,4.75699182364288,6.45116165061614,4.24081180215278,4.25588009407059,5.69443491693761,5.76403280450819,4.43418166381683,3.33811599297592,3.82104922269329,2.04980475652115,3.07689886238854,4.99471672799925,2.57824797041924,5.27011646877799,1.37014474299862,3.40071964773229,7.51490795320715,5.89393477226053,8.70960000238996,5.26198734748623,5.25707349641577,4.8056703870385,4.27941186336994,7.21245830975703,4.30643439949276,2.61758884785103,3.26242131378705,2.14458259280571,4.20152380460618,21.4485349382127,18.2135409851004,14.6589581125535,17.0056918070561,13.4010764057236,5.4728636476512,4.91559397291629,6.10624513452262,5.92793674718931,6.1552757367523,6.40981746803542,5.71779259977538,5.67778163303206,6.00015235259627,6.84009107118706,6.3632061181624,5.28507005582438,4.16470949651817,3.41227261949853,4.02743264731893,7.22374578270918
33.3480628297421,34.334357640388,35.5410116588824,34.2595541299928,35.7476238138882,34.9641394868777,36.3288053032912,33.9161416924377,31.6676826313026,30.027473310677,31.0624682882767,32.4863522715995,29.6477667448473,31.444222320268,36.8574058046381,38.8499375394603,36.245937372825,28.974469593205,27.2686335513597,29.0729528574924,31.5510853714832,40.732533446407,37.7597833372112,34.2404404710813,33.6895751700317,31.7000028937584,28.7167524751217,27.6669106171007,35.1713542976041,34.1188192641102,41.1039139434774,37.9252128200174,33.8226067465285,30.1711111328496,28.8044896438132,24.3221156170841,26.0455497238608,35.4756466017506,33.5920514463027,37.2276620162139,36.509546453213,36.149773111699,33.6202475871619,34.8280705834342,34.1907479399058,33.5907677684522,34.5211777342748,34.5405373765501,38.8184074680855,38.5644886729764,38.3499835356411,36.0829229690415,40.8085242594578,32.7823966531128,31.1841172785114,36.2511754315289,32.601290779833,33.2832763048646,32.6567017088458,33.4421241471077,29.951475049247,38.382625594907,32.4097048160015,32.7966992855566,29.2362072252155,35.7540798690652,34.0256201364427,29.0685446355374,27.1380389293598,24.2369904947536,40.958481357538,37.6215324928397,41.2424425808502,41.1788578665193,37.5701857249741,25.3540323085499,24.5285819513203,27.9385640906525,27.6992519186637,30.5377022623992,33.6004040057015,30.6564495348075,30.3398841911882,31.2027582740432,25.8967333116562,29.5612705998366,31.9857892265515,31.7079955347047,30.1665120438453,28.6890308579229,29.0482915304698
28.1544886322928,29.1073213649019,31.6479500350327,32.6925433894538,29.6988950525135,30.5906392151248,28.3388095726367,30.0378688776484,29.286195570331,27.5424990702388,31.0529189851719,33.0975975977076,30.7236055694597,28.8192753291012,30.4560390645003,30.5956828789043,31.652198986172,27.8947096012053,27.1132537510174,23.139661123589,26.9910841240012,29.3445284495615,32.2801434401606,29.0441330895783,31.8351528748599,28.4576920753386,27.8535145826976,27.0803495270786,31.8991466239698,26.1285795165493,31.0096231142718,31.8325880945116,31.8031289020904,27.2388595435271,31.5353329915224,29.0576845818225,27.7557638978685,33.1895837900251,32.9828973468925,29.0075924728545,29.9549301443666,33.5522511516784,29.9065412936078,25.9650444770622,25.0661674471264,25.8488955780089,29.6360057911596,27.0902759541702,34.4679883925885,30.4934378449442,31.3061090086866,33.7592142788827,32.1672899263834,29.6647497616218,29.9055107349416,29.9719162530948,22.216145027247,24.6705485520214,28.3780081868865,25.1028571497455,25.3063631869307,27.7493626329795,28.6435536788423,25.5338241181073,30.3055350059821,18.846905001653,27.0863541647194,29.992032305156,27.4563476226535,31.4326117311785,27.5183975759403,26.2632756169081,27.2842201668551,26.1853699173167,24.5048254276088,30.1800669265403,31.0919363030403,35.3431055073616,32.6153789873794,33.6481430453471,29.6766333204883,32.4232474481381,29.0969094198546,30.3041421570593,31.7244539949705,33.449086708686,29.8697485412266,31.9429174975666,30.0279990515871,27.9778033904177,28.4715599318502
7.89611927377753,8.35146773338957,6.51147477732283,5.54454717256508,4.3579900348797,7.82165856421393,5.41999090187042,6.0979132308008,4.21980896764621,8.57668889966308,3.50141113841915,5.00920000782389,4.23773869923583,3.60674444551928,3.89098293195362,3.9112760669567,4.45958817330946,4.8037856064698,5.94405947618458,6.39431857002993,4.98453437968364,5.08475127622882,6.00737651772128,3.86669245368061,2.21761900831067,2.87687051034844,2.37639112511111,1.00697182836415,1.61192496238145,2.32754587647422,1.91565239315965,2.81851040420155,2.79267318013114,2.25050406484982,1.37291027535651,2.85813290968746,2.19124451825278,1.97202683954185,2.7971361707612,2.2530168910955,1.96656047841093,1.87283142663105,20.4721835039784,19.9865384378059,10.9432197256812,14.9718850625101,28.8865895527625,19.7732882366451,8.84988891161057,23.9858997126712,21.491892295646,25.6119327841074,11.193605639466,19.06080671537,13.6229007686285,29.2868438815955,1.77832251378195,2.82397376112168,3.73604029351167,4.06463054298728,4.86660830517899,2.39562842874643,3.36982984456968,2.85294124224662,2.20168416710127,3.30237804453744,4.70407271208012,3.44778616116132,3.84104344980126,6.82294715721689,1.65180675104622,2.72390010268242,1.80292203745739,2.09647388662975,1.83786190707066,4.20379381631179,3.81633875199773,3.57362037485962,4.69075113526355,3.50166081931243,3.47904034689341,5.07874519156519,5.08489679181925,3.83038933305112,2.76820027933953,5.23996293551854,5.39759621418796,4.36687986042682,3.8925183955761,2.61354671794101,3.46768999169971
38.1228926023558,36.3534477806369,25.9731452011648,32.1854201724509,29.9006538504246,27.3758049747488,33.0154874365364,32.0253368936131,38.7356823183934,46.0875660117744,57.2250830501231,65.2425252552768,60.9345814575603,61.4186962789869,64.2432074016803,71.2437107897067,68.9967178358366,63.0496860849161,68.1307401948642,72.9870837882975,76.6668859351341,76.6388415248465,72.506753286674,58.1761455531038,44.3523801662135,34.4835694956631,29.5114618792868,46.7882267393483,58.411070347349,41.6705794013933,57.1702511083582,52.9216777071255,40.7646920920635,50.4423324880132,54.4171709141309,63.9507238542568,69.1111564725122,53.2075166140536,68.2578923892698,79.4501373123814,82.0336656708561,73.4213405050446,62.0504796914755,61.5306096011054,65.6180231853112,44.9156551875304,44.5902661846299,48.3879366319663,68.6642696694697,67.3922011813404,47.4560858782472,79.5660043851459,84.9262298175182,59.6362251485484,60.9462632006022,45.1576871546629,44.1745621539458,51.7728522872309,48.1710727205972,44.0711330170195,28.6209180326202,51.9718278569711,92.3772920435296,80.2389724381863,84.5705741833604,22.4494992320575,103.489599665763,75.8142225760741,66.6492168974775,69.2646773477467,58.4809879519343,68.9512623007371,83.8559072088514,63.2230752477756,67.4495319894932,64.5639276693924,70.8641725125853,57.3566070164968,50.4988676905717,55.3020915601757,56.4610523766918,50.484745248605,51.9789449830412,62.7777083611564,48.2018366100868,50.0751345191283,52.2377531915479,72.8217650798954,71.3291357942582,60.0258844563172,51.2488078773304
20.6871179163674,19.6058892754784,23.9327618477568,21.8401065455917,18.2357671903966,22.0269173659416,15.9161904255498,21.2333855669247,21.7359835251424,21.7168235912224,19.0278706310051,19.0530914898818,17.4639262314234,17.2516829271497,18.5090419024249,18.9013329785231,19.0348275690038,17.7052252682092,15.9526737743005,19.3949220715273,16.7161616224248,18.7768224839052,19.5429843677768,19.1572641236388,18.6279996698097,14.6572664839401,13.6504327419173,15.3203571029688,16.5010213254312,18.9957776370316,17.8389142699263,19.8502713926025,17.5067263042818,14.4148665533053,13.2460879566897,13.5767267653716,13.5300653587354,18.5508192715166,19.1409582129728,17.4011133745735,16.7508812178931,16.3428349152712,19.9993469159448,15.3228673398838,16.5259135925297,23.9339019031332,18.7694703344011,18.3795762904499,18.6313450770749,16.2909914028604,17.0817063043429,18.7647494002005,16.4297680590742,13.4074152615377,14.6248326846831,12.274213322696,36.1133488806021,22.6310119467668,29.4927260248158,32.4790325212277,39.6273445995764,24.0880438510453,19.4864073620768,21.4683828479058,17.7891763674004,58.0084385803091,27.4255026328323,28.0690573784953,22.5483476590185,25.5507607335778,30.3356067070863,24.5964113749681,28.1307922257768,31.0360349883424,26.2814252711104,19.7498992502195,17.5854644786907,22.2114800779025,19.3859949262064,20.930271945504,19.3652607260814,21.5930755826812,19.754470918385,18.0336763635091,23.9910690876093,17.9967117993648,18.7543597272633,19.9400629923101,14.8603208774487,16.1478626643408,19.8570879524699
40.4585003712555,46.0546600785846,47.3686145030095,43.0689605736226,43.0900299874688,39.2965429085473,37.5822169135695,43.7373955722378,45.1490706143494,43.7424079828326,50.7036163853443,48.1236610567597,52.7509612243425,45.1658041213657,35.1842831438981,33.8259582624273,38.8553403064273,49.4762623229989,46.7620201808893,47.7917022360342,44.6834685001069,38.7843998249121,35.0442970657197,36.3460302708583,45.1098202586076,49.9922341441523,47.5747976756255,53.3784977231958,40.3799928799941,35.152700126015,41.2835063553361,50.9891743382212,41.5653973426652,49.3302730656236,47.5817418765226,52.1787889324816,57.2770448075864,41.9524524877704,43.5145035209432,42.8007496315487,45.2010414247613,45.8700856449696,43.9793961798854,49.2964915857366,51.548759183275,40.3249169258419,56.9314484123071,47.0883002421393,44.0181053566792,37.5328224182894,38.0977954352934,41.1949087409761,41.7972290852236,52.1437944812815,52.5422308454792,48.5938959913748,36.7357617604257,38.4593848778539,33.8999287341761,32.3138128167489,36.5605921875884,31.50983381377,36.8461590635481,40.7699568223254,37.8201852602433,32.6505116542797,43.7171480054356,43.4228276865057,38.1764153693118,40.3603204493769,38.5190790896632,33.5039712629938,36.6381803465257,41.4008374545154,38.9087618139572,50.3055315299718,46.5447408909088,54.0670894614385,58.2250478612562,40.2622570963541,37.7731566145357,34.9791007402377,35.9018431750733,39.0672594170626,48.8556591522546,54.1205434982188,46.8346678964642,39.1324999788859,37.9651979254755,41.6200888077881,45.0682892521242
44.2486376226687,37.8071763061892,45.5897814493162,47.8903500387415,43.003273704367,41.9559068203801,41.4152344793722,44.8743176168249,48.2093337844757,42.0617006071363,26.267657095999,23.8929620986682,28.3545729353385,26.6243632525924,26.2053501564632,24.2988939509234,25.2651985584469,20.2397680603501,20.7579765929424,22.3592716362301,23.8186144875169,25.8403384134135,25.8841885173057,24.0319329964948,29.5337571484575,27.8543268007358,26.375178243239,25.7961008131185,26.5377993609332,16.9723143669999,24.1414106434216,28.693762272609,25.2499337173111,23.6233083579632,24.1981676532837,26.5615818406954,23.2143226796421,30.3867011141253,30.8656206620802,31.6226566615885,30.2878407396404,32.0247825372803,14.4450086046195,17.9555919336672,11.6518448218801,11.5437072776841,18.8573564205404,13.3234506706434,18.9484660964076,21.2895302478121,19.8017351009508,17.2171992822302,12.9410306290536,14.8091513691807,11.0144396262163,21.1287737243246,48.5268132105017,26.3425763497522,29.6188505056464,37.7427290743962,43.053173786514,27.1923790232959,21.1735199994777,21.5789343210429,20.2753526651134,48.70373825967,39.8730860061204,43.9388834215956,36.5158753816153,39.1063098166884,27.4217493085918,22.8466104731853,22.5645709221334,23.277848387879,20.1172364347954,18.854808434803,16.6729105359336,18.2218902914092,20.0496629188597,15.6886479397677,18.2943031253208,17.3191937847196,17.4461396455987,16.1527179202258,18.8369438056009,20.534350992423,16.3903955548121,14.4543723380128,15.7925032049088,14.2678228285497,16.7850796398231
52.6149511482241,49.7665599775377,47.2522082500071,47.5911473407098,51.1611889391043,48.4392663472086,51.9046203002035,45.9154798388246,52.071721325888,53.5567292731489,50.8072440079258,56.0855232532444,51.1457468154464,54.0782777276541,52.6340819229767,50.7091458983647,51.2809131753288,58.9675600888728,56.5516428140931,56.3968299558568,58.1895221652211,52.5659136453993,53.0534993529593,53.9930873532129,48.3026988263509,48.453497187401,53.4489049474409,49.8325183561707,55.7136411800375,50.0985479379814,49.5585260524129,49.2722041178735,47.0682139582013,53.0901669256917,51.4704062231157,54.1634049716458,54.9953679758819,50.1631536704439,51.4012620490853,52.294712475415,50.3994333465322,54.3435368487813,45.4877747276739,45.9646745339321,43.6440379761433,41.9615870963505,40.0995596979074,46.6396992094577,52.4518942282351,45.3452752650443,44.5931919016393,49.4912681524643,49.9677971333895,45.5189591541624,45.6886143397383,41.6478330380147,37.698890924774,45.3804739040696,41.2204479702853,39.5759527202195,34.3706184502579,45.7718083929071,51.2756239436543,46.5600010734649,49.1985753763782,30.744138874024,56.1928040707151,63.0726136972619,67.3960864571611,56.3495442012548,54.0899935801106,63.7290985964154,61.9471992590109,53.5459984310793,58.1542390841655,56.5937725442586,55.077251208488,53.0739803592651,50.4878737425984,45.315113409647,46.21800310476,56.6253181600226,52.6781182919164,53.9501863247566,44.2384768450641,47.0816579488975,48.7197097607581,47.9665362002383,45.7340580168019,55.7221013773472,48.1629288047168
9.96840397006304,12.0359387922379,10.6948244945973,8.08016325757959,6.6580403310662,10.6719239732071,10.623182167666,11.6989594576104,8.33141770535277,10.6156753173188,6.93208669828438,7.06819633005825,8.3387761501092,6.97072724566707,8.59375366985441,6.90870258555904,10.0431375935506,7.20567840970469,8.51634252435802,8.65529309202947,8.40928249089485,6.30999254760926,5.85529103625999,10.8091629955163,9.51112152453245,8.55285827400888,7.68182247419637,7.9838480677443,8.48381559148133,6.68230912923244,11.3741860843854,8.38921332074107,7.12756886272275,8.84680908251309,5.94927785987823,7.02624340298166,6.50417023671856,7.51602682240478,8.3914085122836,5.25703941255616,5.47827561843046,5.33280813006809,8.09191952707342,8.02952635929318,10.1586115189343,12.0286939818457,7.59635550738919,10.3221791015086,5.74466473209809,8.41550742759913,11.8640214695618,7.71391545781916,8.06092419770416,5.78396893431917,8.33591785127981,9.19138765094908,17.0100414361752,9.0602491502654,11.5260817565785,10.9895566532619,13.7054212270176,12.6435944850506,8.86411763462893,10.9838237826495,8.59088527947357,13.4096563020611,9.59782577545379,8.74922079606528,9.38921732173642,18.3043203045336,6.74780630214627,7.60252715226288,7.33188295232671,8.30368088429823,9.06678540821525,7.29715153020159,8.45580939168125,8.43374408466869,10.9206549867855,11.8734476057146,9.89221110682944,10.6956355689916,11.7235120478055,9.83020271314004,11.5561376740682,9.06159003886664,8.55381772926397,8.93593008476229,11.1214811302174,11.3110874350234,7.51941198200148
36.335725697042,40.6986673160387,36.4300644161884,35.2629819353692,36.4973595069258,37.1445925247575,41.0686647754183,37.9529602512278,37.2353057965636,36.475525120035,34.2922548050488,35.7958047184863,34.184539424876,32.4763061154474,34.877483338616,36.3394100602212,32.8885563577969,34.1674710107444,31.6373434634467,31.707341452891,28.8326491727129,34.1603392667223,34.3964129146945,38.9749417424914,30.5863869710689,35.2268906329315,36.6135554487758,34.7977096931023,33.8652708872956,38.3774773968075,39.2636903632984,34.454797538797,36.376027030332,33.1460446958157,34.0169723225835,36.302456063524,32.0752981315481,33.5389674131062,38.5103492132245,36.8462137397909,37.3642979182938,35.1403487156504,39.6612197686637,44.5328877956255,48.2620767003808,44.0064650732643,43.3080831294813,43.7494890610353,42.3680668582907,43.8839752101062,46.9554365952908,43.2759324504394,42.0077299967371,44.9795602330907,43.4103463635753,46.7442005883267,25.3975382316128,33.9210237125846,28.1824622481197,27.3399093671081,25.0917063016861,33.7078228971449,35.5758797264863,38.694442068591,32.8616471537089,21.4561172303775,31.3924774997856,32.8232949839505,32.9782032339141,34.2653111716231,35.3838092968795,33.4840502025413,37.7007024006006,34.2115763166198,34.6351202593823,33.1052728877776,32.374525444398,34.2613706198916,35.0435756297432,38.1069244886049,36.1212411919927,36.6540776312307,36.7789878716621,35.4863538494209,36.5661681025963,33.5239433220505,36.2270190653609,40.6831466700653,38.0046286313008,36.6376404827166,38.1340043287221
48.5557741767587,49.699420727132,51.5097669535705,39.9275012853619,46.1220612024768,40.5334255255663,48.3772902212662,47.7895718384241,52.2607110608492,51.719052308157,46.1195972171573,62.2001277045126,60.2852505278387,48.6216895444041,36.6984073654043,44.4130880500224,43.8344886303345,55.5710653112074,45.6406438142126,49.7414394839897,55.2028705450678,45.9465476767665,45.2454307347363,43.5881694778542,38.0444860981298,43.2696875407813,29.2904022397416,43.443641737996,37.4560458363901,28.0807147677858,29.9320686431195,57.4976122457115,34.9709372855228,59.9487720722926,51.1305069216108,51.4463923743742,47.1291479719447,45.9891542202589,41.8404952209696,47.4698142193315,52.3245555862909,48.5349025647268,31.6964589770157,41.8495422747944,25.3552336285595,14.3320609145396,33.4852801065631,22.299391139124,30.2371204480028,28.5513976693444,25.902078286949,31.1156814534503,28.4997604335891,26.1593140438526,45.2150563606383,27.8596097743053,16.4430400549693,24.5528829786413,19.2366330006345,19.3069950791896,12.968853483531,18.4330298545211,32.5261837171508,30.3838242299265,26.9814236164371,7.30526052276463,65.8570179691217,53.9040976164361,51.5695648352947,82.8635168541997,44.3527685068156,43.7450225445714,60.0974012485796,48.4655433791466,45.3951891046453,73.5267333532269,68.6192673643514,66.5050751761374,49.509412372977,40.4502198092988,43.8023754518507,47.9285556157642,48.8008844881542,55.5914912053437,56.1549199523162,58.2699637716685,48.1209425197096,46.9439584995883,44.3848201469587,45.5014199090713,53.2199158726124
18.9006655919833,17.7673382171131,22.8083501976615,22.0767640468597,16.3424626307989,14.1187565608268,15.5166596676405,18.8357764240291,21.928579934435,20.3251344490129,13.8641733965688,14.4129742556405,13.3283717153385,10.7161926313986,15.703895142633,17.143817527128,17.1857300337292,13.974649037003,13.0004575677955,13.389208497466,12.98691610489,17.6741053396628,16.5392961089162,16.257684180248,17.0017457303818,16.0171709495075,13.8714923814625,14.6370547908645,15.9495733119849,13.4397003835124,13.4694308894038,15.3525919664155,15.5472700923719,17.7324199592477,19.3455538800236,16.7319864087953,19.6516373462352,17.9342818237579,16.7439679110844,20.7152386375725,22.1940396849234,22.569205836181,25.6927767472516,30.9398597214069,25.5204143036641,15.8676388696689,15.8058697552851,19.0328787652289,26.7049279438073,39.3518667161012,27.7034218608616,28.9488512686697,30.0278977222534,26.5536755621016,27.5377208394419,27.2887161313892,9.92252417110218,13.4923190809147,14.5997035583328,12.4573399048962,11.0222101614594,16.0374014257747,20.6585220906228,15.4772062391879,19.7288169483388,7.50540464667599,36.0772028160338,33.9588400389652,32.8266954089497,27.9035011326181,13.2144540083698,11.220842214035,13.7022074846761,13.6065265975382,11.8235782688212,22.3673557773571,25.4422583466515,23.2285324365875,18.579772074833,20.2452343921167,20.0778352549631,16.1107215017201,20.6927050000422,20.9485009542088,21.3546878691907,23.8753198415356,19.0288137720525,22.1983059571697,24.0628409908341,17.5236165186536,18.5795179555279
69.7916902471769,64.6927616226055,70.9368792710524,69.9302631318323,69.1068269781048,68.9091433769351,73.7902338481904,67.3860064758361,66.2275574088919,65.3029092820347,79.2715944959168,77.5614695199166,78.4569474726586,75.1919516303137,79.9241485442831,77.3818554360933,74.8826490883168,71.0474432349603,63.1895235016499,67.3003795881996,74.2302285166031,75.767694980895,71.5413906930984,77.626047991987,131.159351431751,134.375122641809,133.7206339082,136.726275222488,132.38570039727,122.424408175041,113.666432030873,138.959194716323,129.645892627109,130.419426683643,124.816681567079,122.958664107823,124.328779249531,133.29227072892,122.349844038173,127.941632108022,124.88326263786,132.600909012254,75.4472677527492,74.6968508938355,65.4995060509236,61.0520201993469,61.1676940217193,57.3608283555646,80.5374824728581,69.247701321045,71.5735917211098,66.7830063930509,71.1309704441013,78.0862096900971,68.257544301213,69.0707091754892,35.8138690601652,59.8505938997727,58.6065486723464,50.9117556789951,47.2163598966633,54.8931636353591,61.3917066227114,58.0231189848118,66.5776341048087,31.1450942689264,166.482064969649,150.589289817768,159.676444034294,113.603952359981,74.9087332634564,79.3033023476927,79.7516553529151,73.7588842113679,78.6267954876612,73.6242930965111,75.5474188026594,87.9249983410085,84.7695687777937,80.6287590377889,88.0993614590429,79.9788011819522,77.5958781609945,80.7198621476811,88.3534831697323,75.4858028989883,81.3143295433337,76.416758490919,73.4902417866073,74.1261832247498,89.9478631647001
63.5519695685682,59.1095598114307,58.2966152731522,62.5735956638436,55.8738709407117,60.1167374426117,61.1653716120222,60.1620119350807,58.1821489780129,60.4896067418162,58.3006175220355,57.9564440905224,54.4761309786765,56.6865782059955,55.8899108784841,52.9626988846065,57.2810533932229,56.6633806519513,52.7081652919778,54.1369152656645,54.7217103896412,53.9415532828417,52.3417392997204,53.942996110063,56.1151241905174,55.4423486961218,57.0836780706631,51.6357171945342,58.2265473582342,58.7607727047179,60.3681933221891,59.1048263550251,56.7121064012899,51.1648218964184,51.9521729197408,54.8570976466012,57.0725286525495,52.8145995682883,51.0329724532684,56.4637324809797,55.4426074591143,52.6024384801252,66.6796543001893,65.2028087485756,53.8212323210268,56.9501075867079,60.8103587335018,56.4483825657899,64.9993288316001,59.8226737109367,57.1342700938096,67.5197286558763,64.4419314972955,61.8783894695265,58.7828168166319,67.8392915877192,44.5098661525589,47.7781060709775,46.1647395927625,48.800782279401,48.1546945898835,51.9651733335579,53.4630830558033,54.5090086096746,52.989789171571,46.5561918101011,55.5296815625929,55.6072298341108,54.7910622027299,53.4947290010593,57.4052048742849,58.8317701431448,53.5371689282847,53.0843631027097,50.4027501807771,58.0016468884007,59.5910071598705,58.67527293482,60.3138979761782,57.6940881405405,55.2119511437108,63.5784903020906,57.2301602740929,60.1371125289026,52.2218785713054,51.5722667864193,58.1595566312833,60.3349147234416,56.2625619940309,57.9530419937929,61.1605609336056
25.7249134711304,30.2945398171974,28.3740241693397,28.770790511298,27.3584929967448,25.6192460599041,25.5823570568284,26.7404787602524,26.4008561052737,25.3416883337215,23.0597986085787,26.3367141515649,22.9999850369815,23.9293621866183,20.7145853931344,20.5433378470062,22.5517385674674,25.3836398523688,26.0356757173231,26.8844001756507,21.9387329500362,20.7678395498985,19.2388134048542,22.0137831737953,23.3589202208724,26.7859970490551,26.4166269256537,25.533928504948,21.9306633039792,18.6954491368413,18.0191053231579,24.2723484220651,26.2177825418281,29.4117600199339,25.4196417649343,26.6163627214644,25.0775761533373,26.6037583070268,26.0677551469551,27.6933326197155,25.8813405819439,28.5686149825076,18.3093663031938,18.7210152616129,14.9901462657445,16.5074630176394,17.2706378576068,17.0729713408918,19.1747593084896,17.8872121436824,13.8517109304308,19.3714618519391,18.3376474639715,18.1406298394556,15.147368235594,15.4141283587345,12.1389841158159,18.5519387362577,19.2631297403048,16.5972413838647,17.8091557978712,19.6308440688943,22.3434370129076,17.6882357019291,22.4485444488757,10.8411400451987,25.4930392138536,25.1725462734251,25.1801737264749,24.6567193819424,27.0263700330754,23.620685965052,23.3578566186146,22.3212807929403,23.4633703469354,28.593729637366,26.6021260065724,29.2679508701002,31.4426912035635,25.6385970333565,27.4550774363275,28.2526222577137,26.7310199403276,28.3042043636963,26.3198724972124,31.9125562238347,30.5101413124014,24.6647843968552,25.6299587864556,27.8064232777658,30.1141499279185
1.06508287579778,2.37443690459115,1.08221438338187,0.414826791508375,0.928090470391046,0.961136010009339,1.26641958844275,1.02761130370902,1.87222464538901,2.33027019160657,1.8331125182249,0.327595534254004,1.12470952090202,1.87273269286578,1.70139527053339,1.129518041766,0.942677174845903,2.82549935216905,2.27612289181618,1.58727476989749,1.96160077458979,1.1088433505993,1.59385584571441,1.27425092223566,1.06741394933354,1.78599231412713,0.884238558180877,1.72371999048191,1.14531510484998,0.600657000380444,0.943458803631125,1.22688099947597,0.791952095858084,0.338739663554119,0.540843441807112,4.14369727469062,1.24935719199428,0.663047514728976,1.34845272898779,1.32114407141739,1.08863169340605,2.81623057916453,1.04411864865464,0.610942222989699,1.15626472573236,1.08770105154988,0.88567373628753,1.43726544451385,1.58444063759624,0.572731497400572,1.29883083208658,3.97873358529425,0.993289237631792,0.744905090025954,2.52542631867956,0.913429828665747,8.27899334930689,1.99247037590252,3.65337046574034,4.24415172530255,6.7490650096039,2.7948998335375,1.00948380996022,1.71176474534797,1.11983700577661,10.5946291992478,1.13390914003286,0.51902157264794,0.707036516500455,8.67972988013951,2.66151755865384,0.569173155784386,0.548088299387046,1.47986391997394,0.44598782278248,2.0150449415736,1.74915526133229,0.321625833737365,0.893807970227172,1.07142771275974,1.04119713514256,2.38364683262401,1.83338778771705,1.62130550265341,2.50456215749767,0.69616650429032,1.27300934441399,1.19159212487758,1.01104373911068,1.32819587305199,2.13098675489925
142.844727857749,128.178654280602,202.183110683577,186.858001358336,168.266837457855,144.36925722761,115.492263274713,151.725115127851,184.62565902035,150.367157086169,153.814515565504,148.401391642832,173.610585420306,155.818296093443,155.975229473709,147.385655158593,137.123272125662,145.314514595711,127.536574374978,143.395243512439,164.625268118123,160.843547900467,171.704508569806,152.07525661578,133.747066412337,131.791770676773,116.443165130444,125.116249674245,127.002719404475,85.5185404291658,107.75544711523,141.688175966508,134.08999433555,131.53808241105,126.390952016154,147.908378076326,146.430784473717,150.655408930282,152.987808895244,135.18101346573,152.443554228248,144.715906339169,113.659772896405,88.2811512220115,89.9408775944668,85.9923654872377,103.862277766949,93.6835748833119,151.767831773672,113.626385712725,116.838871121705,115.622058659896,115.909213345187,95.5231233092105,122.638542395677,85.8624038945802,87.6017133963021,81.2676893478351,86.9887963375802,93.9381281045949,80.8646158384876,83.846995006125,87.5423187882775,85.7308843295111,91.1324564068779,80.4579378123666,175.492261016795,176.838064395048,164.311303130387,202.853277205255,129.649257544883,119.688983616374,128.007464659475,131.62567421546,121.911506502354,116.119889567556,107.830277286838,108.030543932006,110.305944665182,100.340694512022,96.4490582915871,96.1934519726918,86.160751194715,98.3020271314004,114.682583001209,119.100811684756,102.188389343186,99.9934619892179,99.6889126763127,86.8468720863348,93.6276297758922
115.317283991315,114.604653514131,125.999219558441,120.424183766667,111.03916498316,116.355456797941,109.522840152276,114.178230728067,106.99271537352,108.450451068732,145.946243485058,157.428400294968,161.229895109241,168.960371166804,140.933921136827,149.027660027076,148.631547589809,160.064319946486,186.214174367805,187.862253369327,209.61730303221,141.032928093835,147.041946682338,138.984745072592,118.586930067301,128.46665263961,126.856732100321,114.480109737149,113.191491812323,124.399818885042,117.695288470237,124.966782712029,126.039592872707,123.062994517179,115.004949465864,125.963276329132,129.098040334338,132.72670831456,132.905148171449,114.828760882834,123.760216136082,122.614273501535,89.9314308066932,85.8544014348359,91.582360553319,98.8374750818938,96.9352872179465,81.6514854378151,87.9186003475593,84.7550624776108,91.8250415625822,87.1395092469913,87.0816674631792,97.9103250330113,85.1285338388188,90.1138488533763,107.016613872492,96.9242705417873,108.245540770678,102.405355693125,115.18235924716,104.493319347871,104.140195916194,105.350561252441,108.948398346506,124.41158886454,105.282078985487,131.287618990381,118.985923466219,117.72501244294,139.181236843155,135.736007639206,132.047612620746,146.665613448817,137.216607843802,121.780734183974,114.792476453227,101.38325267273,114.591752050097,189.111418689336,165.912500012933,159.337390037199,155.016609876937,153.279639125934,127.398728411382,134.507090679532,147.49983729107,148.082109089257,143.830576804015,119.706437985641,124.357933462336
95.4322831685964,97.1472202516345,101.928225285243,109.40338201476,98.4986451401976,98.7981533047531,94.6485268349485,89.4360607184118,99.2196108546557,84.8283079472337,120.038276806006,105.961482374091,103.3803190741,105.878757617023,126.051051385519,111.160659061826,104.093314191638,104.809867777523,105.811210792432,91.3928295064499,85.6187027802803,111.49695569562,99.6540117275157,95.0854826109642,103.833850011346,106.599715396965,100.692665812847,124.540837200894,98.2425845493538,94.6785596849676,91.951314871663,131.740492186973,115.33323417049,98.0133322036318,109.083961878327,96.2833523950961,96.3451954850824,122.265664051595,104.737209949614,105.046912547327,101.172513183963,116.464720412023,95.9470458210135,112.675201411386,112.653220421352,105.762931659527,112.855272627715,104.789716954555,109.265075816595,105.040523883758,94.4152493912771,98.3740903890421,94.7063084649697,99.6858282240614,98.3119338802689,99.2213151388167,51.5455801096217,101.859164689347,103.231297755471,104.174975398044,91.9920499633023,85.9098972642122,101.534438360295,80.8095606866356,114.401236133693,44.6321396322332,98.1026776890257,81.9312625394248,82.5468689535994,62.6770042304338,102.201149617924,91.5149124050467,87.9825954279205,73.8287666742555,75.9649588255872,90.5798592118502,92.3404317640235,137.405703413352,120.200497841129,112.214142117736,110.868213464254,94.0072371551306,100.991700170855,98.2681298806655,114.550763940288,104.838656927931,118.289693304153,103.106885593411,85.8376134504964,94.5589771556689,130.312139688084
5.43081506612754,4.78981237650284,4.47436534978049,6.89687575123948,4.68080411153745,5.70053081798642,5.60581916136312,4.24595439774278,5.19361103710303,5.987499797878,5.02222607732848,4.4253055283843,4.34026463550766,5.02863408269515,4.98269756753773,6.10451498300719,5.11221083281816,4.36707782406345,4.62315737036578,4.6279322247178,4.84890079112082,5.72800294370355,4.9427781474922,4.83336556710077,7.34278293862868,5.83149427773333,5.96861026772092,6.14972080893817,8.35655835760911,6.45706275408978,7.00410406248995,6.53231234856123,6.79411534867724,6.01427810434004,6.57332798504028,7.44305445231108,6.33026194161913,9.59967782267541,8.70220142014595,8.41752144034289,8.46323348744706,8.6023274002884,4.51208416025753,5.84758984861569,3.79915552740631,4.54275145059068,4.39430430696505,4.22468933690435,4.61902096702481,4.9402776396837,3.91326362608583,5.15705583977798,4.20237754382681,4.38179464721149,3.27598328007494,5.82311515774414,3.94323687838606,4.86351036637623,4.45145226460965,4.62916256284662,4.81399632350138,4.65816638922916,5.86057364272987,4.5647059875946,5.78481722336411,4.87017368184309,5.61453839828918,5.15314275700455,5.51260865480737,5.69363176567755,5.0608547266097,4.18748821755656,5.96967519069224,4.56291375325299,6.1262063569022,5.23491305427506,4.41498012486012,3.93098241234558,4.61745814877506,5.15186879163209,4.98802170217247,4.54060000570398,5.29676749147838,4.91510135657002,2.98789871420775,4.84598075991564,3.75087194545265,4.93295687937104,4.85300994773125,4.75579812608937,4.16122799003965
51.2354526633348,46.8337210146944,51.8371595401398,52.0308420644979,48.1396491815877,50.7744954253209,46.178322483936,46.976516740984,48.9425706760334,49.1622280701442,49.9039506697922,51.2905203255097,46.9568788125002,52.1590735198172,53.2980683628755,53.4419215877636,51.9560150597761,49.8938641399249,48.0043633719936,44.4776081749596,50.1166109739621,52.5015884786518,50.0741447711325,47.1033444357457,52.1879673289112,43.5418239404088,46.4225243044961,47.0399696964394,49.4182258203787,40.4692654006324,48.1906305154223,51.926909329172,50.0180271068263,44.0012346472361,49.9240100129642,48.7073483359237,49.2160475131378,50.4541206494103,50.076507279322,49.7854149129574,49.6205349284759,48.5349025647268,57.7994251933816,54.8538838784322,53.1881773836883,55.7926657030292,56.2402822542581,52.8739469587823,67.6162565088842,58.7722684720991,60.3760673738956,58.8944444223384,60.9726778177054,59.8991328273811,55.9511995854384,65.881126392517,43.0921049716437,43.4185965772459,45.547895493238,44.5603941008976,40.8268977818259,42.5224046102491,48.7160184051921,45.5757363448898,46.580729731417,42.9309145789867,47.723576385458,48.8992467373309,47.8707822540046,47.8076849084991,48.9567405150508,48.4610286924992,43.0698042281487,48.1777920613739,42.2095617990561,65.0001704239153,62.5580234641197,61.323325632591,69.5916906708241,63.6738783465778,70.1257168717189,61.1803808175966,62.3959210496154,67.7945014699313,59.1867583534976,68.946880730507,64.4509581846681,63.8049668495697,60.9659374683738,57.75509796368,64.3895278458767
6.03785156595324,6.64105439073752,5.56094496764995,5.56517018338986,6.77304284587553,5.49637227241203,5.72196182354605,6.25420048841984,5.08541080716338,6.45873221440288,7.06153280703806,7.20064818302587,6.89794499236902,8.20152878770052,6.28351754486065,7.39413946564488,7.60885507358312,6.09917006603262,6.84957263030509,6.90586405563233,5.93498675153761,5.5809739911379,6.74080875206839,5.29736866154244,7.88240356398427,6.38898513068463,5.01694851947875,6.62731316181945,6.17749032293713,4.75269851551027,7.58059570455644,7.28269929499748,6.95125531717119,5.58086206288534,5.20541011068506,6.86011442760608,6.62834075941955,7.96884883442788,6.75508385238829,7.97317644237684,7.64711088890652,6.85456302146966,6.60964394550122,7.03543608502851,8.24499339784722,6.69511988436351,8.48747954359234,8.52254855098395,6.61994979769817,7.14670784620726,5.85871468591135,7.73168346533436,6.45523394164015,5.87773933976949,5.4319695041005,6.67660115390369,17.6329697717999,11.4563124428616,11.5785453011257,13.3681182302693,15.0138812113398,8.41597576065446,7.26564617357436,8.38550754627339,7.31865719311133,21.303674122665,7.21847544882746,5.983948002936,6.17269908469914,5.63951873649962,8.99356058707932,8.1696675467766,6.77457971808155,7.74585440113027,6.44354384618973,4.60196447589453,4.05130549084622,5.4247557290369,4.40967253208018,5.57931290543781,5.01065642250166,5.04410209522538,5.34479151673446,6.65742004434726,3.89129867838585,5.40740536014977,4.74622528122155,5.78207240778737,4.07652835609425,4.44388632106297,5.23694192746481
68.9499139119271,69.5546258775925,65.9514177166832,66.5920400353746,63.7961318994889,70.5434060201613,64.968966370072,72.6713163064731,69.2842139046869,65.1828356374394,69.0708167126557,74.4926430611357,70.1916482435442,66.6460481085362,71.8272649970343,66.9928482305815,65.7176515399496,62.1751787506474,62.1098598330517,61.1169675477999,67.560107715055,66.7422614655888,69.0441470875039,69.2050069834883,95.2590565125452,86.0728555393439,87.5578546801693,81.4496356028256,94.7642201568464,95.1395639327596,95.9508378837566,87.2909251654185,90.4830278531414,94.2107563699201,90.528871490175,83.2341893293043,79.775213128009,85.8017715468585,88.3782367531439,83.8419556549544,77.9600761084335,82.2439636697536,94.6791874619328,84.833691535141,92.6250635649169,92.0067124781606,86.3872536625067,86.0181591792381,91.4876673888865,81.2914167889884,96.0302470782331,88.7967009723116,102.646127782547,93.5074977714932,103.923271577823,100.968820579783,48.0873871400672,66.6771582487064,58.3988142333313,60.2543842529873,48.4556351250794,76.1277478468309,73.9787536638845,81.1661783419165,72.727240175467,36.8575411388965,71.9267892105154,73.6183905940786,73.7935577141078,82.588246227512,84.8396063196932,81.9609344329516,81.3197968761614,87.1245218485992,90.7291161457215,100.796664522777,91.2015165521528,85.8297847152283,99.0074643330483,92.0494056754889,89.7734924404275,75.1354945092013,80.2636833875358,81.963552277147,101.669844703965,95.6982704539438,90.8845420851337,96.6030649864698,88.6685359200063,90.1318003955895,89.5346605256891
0.92895520867971,0.491262807846445,0.800292989391633,0.574739645936624,0.766683432062169,0.298283589313243,0.27874238923905,0.271018365813369,0.901668582830387,0.873851321852464,0.212206735661767,0.153656441957788,0.102525936271834,0.48552329074298,0.363904878528037,0.146215927736699,0.398824958588651,0.382119309605552,1.1818597788905,0.38860499596867,1.42415267990961,0.245048254276088,0.41823507401857,3.29547652302325,0.837767180917366,1.67169502628355,4.03433842170025,3.27265844218347,3.56320254842216,8.70952650551644,7.00410406248995,0.934087506898324,2.45921966608563,2.67732380128686,0.540843441807112,2.67949960283199,0.899453702254235,0.645559729548133,0.6992840426903,0.500670420243444,0.210702908401172,0.146652223576872,0.372899517376655,0.261832381281299,0.908493713075422,0.767788977564622,0.0340643744725973,0.304874488230211,0.19407651121953,0.136283521094723,0.869614139130184,0.172046316671585,0.267424025516252,0.306725625304804,0.194612868123264,0.68507237149931,4.35560151926303,4.47129178844267,1.7752815579098,3.31192118317482,3.02518894646261,10.0416758304954,5.05474476685452,6.6330883882234,3.15143027839985,5.07031780575445,1.82093137241811,7.22922904759631,8.60678254492505,4.61137118211901,1.0894895592007,1.21965676239511,0.600974012485796,1.31543459553239,3.92077206841741,1.5466788569449,1.42177326054817,1.03634990870929,2.38202206087602,5.47386059110909,2.89221426428488,0.739949630559167,1.12997706484872,0.813534017639176,6.45913398512557,1.18194652680869,1.87543597272633,5.78207240778737,5.76294931293086,7.84064015382302,3.24867799222394
61.3846456086255,66.589445446566,71.9339715819263,55.2422843567049,58.9632016543265,59.6739520255867,61.1678493221488,74.0679642849647,70.4754984363224,62.2055918190243,63.101794916383,62.0369445631535,69.606225147432,57.9884742298878,62.1230415940101,61.2184157044399,62.9537945769302,56.6268063751747,59.8194851027254,67.1293933899733,60.4342580559358,54.2083495696848,52.2044821527016,54.8569415991148,53.8314694161814,57.8037151123186,51.8616967355062,53.2569418382004,56.3944673812538,58.0790270092861,57.0247812547526,78.1287768150076,61.031579858857,51.6882581004671,47.7019755339705,52.1841479316873,56.5330651211511,58.2823230413199,56.5336184312973,57.2547917449643,57.1468428165658,57.4543415913211,55.3121854124793,67.4462758688542,69.300313385081,60.6930788523354,62.9884348372796,66.9608904549508,62.3719210227101,67.2508070282046,62.1687148064168,62.030281065753,62.600526064455,62.6824487872898,63.6296502972418,51.8331465212807,39.0156227686743,52.338823695189,44.6785374646556,48.6912630675483,42.4241975455582,46.7786377853219,63.4136045294533,56.0217807033758,47.4190965260269,29.922213671828,64.4723514046787,66.1856309440653,59.9874960772712,52.8778404684309,70.4298768304068,64.2348496005552,63.5049238993741,61.8172045238004,64.9359495212562,60.9581830110993,60.9978143860971,62.0191095195762,56.133632491807,64.4023847928945,48.2660261330637,48.6826315574523,56.3378315106952,59.9808462030144,63.172087962007,54.1701852523448,49.5458164355737,44.1952502318863,52.1789563317629,45.8831691100033,56.9318042437276
37.872789276942,41.4011731312591,36.08593843075,40.1641587866299,43.5443908003646,40.2474047060359,45.4170460475475,36.6778188400759,39.5652174145974,39.4527689384502,42.7242894465691,40.9033448491632,37.2852654908571,33.3623861210533,44.1693745215849,42.4622020341955,42.6380137545685,39.1399349981687,42.3036279679335,37.1647687053673,34.249854699912,44.1282896300379,43.4055766227582,40.4245120157519,33.2642851246601,37.1271802349022,39.2933509291627,34.7045647989786,38.0499129277938,48.5030527807209,40.2885643936388,37.6108660125841,39.4725597251371,40.2374606077459,36.1533039177216,37.2289674817477,38.0163533087347,41.30093946965,38.732566142346,40.3039688295972,37.048594727206,45.0114400502175,40.056493257083,43.2459816416279,48.5218233119828,44.1478662099658,36.2785588133161,42.2904468673621,39.5139776842963,40.6806310467747,39.1326362608583,39.8263387962686,42.9402757771445,45.6583002239437,39.7425425090122,47.8979766406601,50.5025552961035,53.8429819415642,43.3486661006035,47.7217734121099,49.6920166945033,51.57255645218,45.3461885606224,47.0371554962307,40.8390827858392,54.9729193676535,42.9436315328605,36.034926329557,41.6113040395137,47.0077531728254,37.4643829067079,50.3718242869182,43.310193833143,44.2725956058871,46.0078097403355,44.4571025291086,42.2416318726023,34.6998538398869,36.9763116834447,40.8124605837104,41.2366879863887,50.0138682109764,45.9406300427558,40.2360366224042,36.338121127203,38.6496514266442,39.8873211760331,43.547496385923,45.9013857556247,50.1286829506718,42.5248298982122
5.75237648451667,5.0763823477466,4.94726575260282,6.52498539210402,5.89135689900403,5.20339150246435,5.82261879743793,4.87833058464064,4.40014268421229,4.98418902093628,5.87105301997555,6.668689580968,6.8350624181223,6.5892446600833,6.66225854535944,5.70242118173127,5.83734712116117,6.22308589929042,6.25690471177324,6.00571357406126,5.69661071963845,6.27936151582475,6.15946199918258,5.84397836749457,9.70824321416006,10.3023065573289,8.40026630271834,9.92586516530372,9.92606424203316,6.53214487913733,6.94423992520372,10.4450679685116,8.00288433709222,7.52754807898043,9.48556190246319,8.21713211535143,9.53017457144859,8.96714091187897,8.08061560442124,11.1399168504166,8.70905354724843,11.2687314653224,7.08509083015645,6.72036445288668,4.00563137128709,5.1825755985612,8.27764299684114,6.70723874106464,4.541390362537,5.38319908324155,4.53441658260739,5.85044149890779,5.92153199357414,5.56487920195859,5.22211196130758,7.99251100082528,3.99478245849568,7.64826226970456,6.96864253328772,6.73674877032151,6.47127374634611,7.45306622276666,8.27806027035595,6.20514720188641,9.06575833512286,3.33573539852266,5.42485804699562,5.37558057385367,5.51260865480737,4.09376829433014,5.30686849804212,5.93566291032289,4.64753236322349,4.31626976659066,4.96222714909078,8.40758763262358,7.81975293301496,8.46948028841729,9.9311996691908,8.65352961094452,7.54490677639534,8.03854371380186,9.392934351555,8.77938794035611,7.38186741157208,8.8252007335049,9.97183029400827,9.70417746761516,7.0267539868192,9.25452608320094,9.05249597833187
1.76644405835096,1.6309925220502,2.3976050423092,2.41187802006581,1.35501208677093,1.90835211918406,1.79169413527545,1.69612327271533,1.87402798255468,3.35461813000029,1.49535013062992,1.64012886145743,0.948364910514469,0.70366196922679,1.18381056253467,1.67197913366916,1.1576800843396,0.568266001856257,1.40432750197577,1.62966804218498,0.787013897635764,1.74413094981006,1.9615224971471,3.02964141683271,2.02788938204409,1.87812992371531,1.94587747709679,1.14003596282655,1.7256080913073,2.57006114037783,4.33117033265939,1.79986758517718,2.2245517555761,1.53034276409788,1.96242962692627,0.907457198825767,1.17144627578974,2.45275489174714,2.87328043318748,2.02333433580882,1.93355035609475,1.76109639914391,3.08686220484395,2.87361038456226,1.05674336898182,4.78076603363571,2.48465547403125,3.32661620157479,3.88657621368231,3.62377882590868,3.85052717747715,5.31350097911914,3.97315695052717,2.84115564925193,2.76220530822953,5.59704127514936,27.9807449788065,10.0176546990012,13.2094196278324,13.1419290676456,25.3155702837243,8.73738924151128,1.93691958892222,6.60099279924813,1.86452429759027,34.7760422502183,2.67676911745462,1.9771014620939,2.03433041970956,3.77755998469912,1.56148455210603,1.70467360157424,0.624211674301914,3.67211788809089,1.00714832507472,1.13224824014813,1.27473197333885,1.42373035734407,1.68500575937045,1.93315826611007,1.40838259826046,1.16239360146022,1.40152467824518,1.35555105689128,0.768944522038759,0.956194740188232,0.618436447591705,1.76130821037215,1.00801060789334,1.38989271360666,1.00270993759991
11.9531525024537,11.0128839948977,12.6482669277941,11.9217906674489,12.1039138042825,12.1000395135969,13.5406858417014,11.6081683050629,11.6405414043403,12.0513806742587,9.69431104081505,11.4732192081041,9.88418376284666,10.3846495842913,10.8267299898684,12.5358225645059,11.3070501441324,11.8664422174364,11.0872351492622,12.534984060873,9.92905685074125,12.6451025412818,10.4110116334332,12.365067311253,8.19089900825149,10.4830828799386,9.67854366838857,10.2905328202899,10.3125020422251,12.853308986891,11.7010442739683,11.0986307928271,10.6029881128621,11.3790141734114,9.77220892662096,9.85579498357224,8.85506256987261,11.7558845274198,11.3194661954818,10.6652187082233,11.4474890134357,10.6519668107556,12.4507419856891,11.7811479957521,13.3181048819979,13.9712000950842,13.2098237767285,14.0629890720933,12.9154036686373,13.9257908942615,14.0504798765177,11.9453014426588,13.6653677038805,11.9662430020699,12.4714412988992,10.5244243071582,8.86790160205932,11.3629644213134,10.6111493357632,9.21015172666525,10.2419744731805,12.7680340728771,11.4347117486713,11.4074855571231,12.0306930134859,9.50384372393092,10.0390222725626,10.391924073496,10.6549833993144,10.367585842411,10.8724029043332,12.1103785460752,13.5575730723379,11.698324287394,11.9056694340037,13.4346905020168,12.896231774888,10.8845329377474,11.9954966336392,11.9145015601479,13.4793951175178,11.5126072292772,12.0766298805707,12.6067265208411,12.7469031910539,11.444394236913,11.9424103355949,12.7415850149787,12.1092708633286,14.0617382430859,11.6682292920708
149.45460145797,140.009900236237,116.260745186166,112.141847386575,119.804374199609,135.951031484769,123.358992926571,138.761403296445,132.220680986248,127.873576764411,156.502467550553,185.678444461791,182.325290003412,141.842161367056,153.091983128449,174.07006197054,157.717142714603,149.135707691767,145.125428731407,153.428317953812,164.625268118123,180.814980623968,173.149320643688,163.89503241169,186.969922611793,153.640435904014,162.368305245964,163.345215872498,180.832529332425,165.030510854527,191.625103453251,172.22756516968,139.50861393879,140.966918406886,164.166786259297,166.367153118057,193.281679173503,129.409610338237,151.900033717726,142.346858855464,145.385006796808,134.843862717436,183.914041970166,186.511932932712,209.572981538989,168.977557479014,221.043725952684,216.722207633361,214.532175502068,236.145271176881,204.794129765158,214.559524896981,209.736842869175,203.753451095334,260.164969202783,168.013999110206,118.864107732788,111.5861854221,111.392293573922,127.659507424193,114.27322420377,113.59271466306,138.236280797891,175.455886398167,143.238981694941,96.6362544952015,150.94762355941,163.083992719878,157.980694481641,118.342842071728,148.522028296199,155.059029725832,166.910515734388,166.936871639283,176.741053396628,141.897870516637,156.133153059672,169.711231602083,145.633164152636,147.633240060207,138.700536239401,101.642171979537,113.42144788419,128.572272037725,120.96595823844,125.404526494402,123.275608451157,139.335814805841,166.316695083706,146.529996317348,121.843675708354
85.7014773576764,79.9939605443295,100.052993303283,87.3546787859074,77.1380376877539,100.434073079031,83.6533784345313,100.560461240498,86.2615513170837,82.9378762542928,96.1296512547804,95.0401971054989,107.105086338856,79.4676778100067,101.80854815847,91.6408327089762,88.176572662509,72.6736338396959,66.1622484513768,69.4896388245794,68.8001377984906,95.4616105564285,96.1488215935365,82.5187321365022,84.4893129997404,74.0988539557315,66.2073620437932,69.0275592015663,88.2316821514058,66.8636356398501,80.8764494737088,103.725161948129,81.0708856023144,66.7712915502675,69.3943739180202,66.952954298141,70.9344110383346,83.7553286001641,86.2838810452864,80.2324348440118,82.4059074756982,76.8257671237934,95.8571770373257,75.4387093074658,71.688412995406,73.3743934651111,95.7890210169436,74.6032228049158,81.6852509602104,104.965227238353,83.8556491304106,92.3503024753519,86.6453842672655,68.7503580147483,72.6726615693695,81.7519696655843,104.323099583863,76.6995195706429,91.6593766392632,98.6049261354321,108.233368707181,71.4462906256556,70.4001408832926,64.266067658158,66.2059380130687,117.643048167398,81.74616163628,81.8141119558843,68.6369568827496,75.2876927692899,97.0257227634755,94.1005847413243,93.5932888084879,95.7706268010469,80.1920412118498,81.2569549633731,80.6122989679333,96.3219341358161,88.8508887304054,92.8688748051579,89.700558341589,72.1645967425063,74.4506576245547,80.9401942774584,82.3869130755813,86.3214946745948,86.1328277230164,86.0186377543964,75.0624148009244,70.9822150581512,74.9608720405731
38.4087249742572,40.324488810729,32.7403499655523,30.2921601623068,33.7340710107354,37.4843043903642,34.3472566295674,42.8660715261479,39.3848836980313,33.6918231869783,36.6056619016548,42.4706405571326,37.0118629941322,36.4489270407765,38.8538439536089,45.9118013093236,42.1304183527284,41.9785355838099,40.8436835351864,45.9613727050218,44.2843666657608,42.0257756083491,42.0736880188609,41.0396676333829,34.6934173744603,34.9112124093635,39.2933509291627,36.6106186169536,36.7773405890716,41.1450045260604,42.1443526495122,29.3788260955596,27.5099149087545,30.6146156408019,37.8590409264978,38.2870721026882,38.9206764432517,29.0594898430601,32.0116695098226,27.5368731133894,31.464967654575,25.2356099012151,32.665997722195,35.4346489334025,32.4580026580583,36.2140467751313,41.7288587289317,45.2085312547084,43.9001068378577,44.1899317149638,45.5926270086825,38.0062014410528,43.4755058624992,34.0465444088333,45.2799273166794,34.8816015821732,41.4941919882455,31.0244895145452,34.6312387490762,35.7160591231012,35.0395797972887,45.3173044437866,39.2658434062902,46.4316187175638,42.0046802860693,39.1615335786561,30.0453676448988,36.3685830548307,35.4229562592783,37.1732983048369,30.4354180086389,31.5891101460334,33.8548693700332,30.0083517105827,34.7968521072045,29.9421163331641,36.779029345233,40.0602844021763,32.1023280819599,38.6390159372406,35.9221394853934,28.8916696659238,35.5236539761817,37.1174895547874,26.0562343753705,28.5243095136498,28.6347053396751,35.5415499751405,44.4343612901751,40.8313118393079,28.0335359328987
5.46654411261522,5.28107518434928,6.80249040982888,6.18690324743542,4.47904531362635,7.39080449076147,6.41107495249815,5.33002786099626,6.45594705306557,6.21405384428419,4.06729576685053,4.48676810516741,4.64784244432316,3.78014562078463,3.07919512600647,3.43607430181243,3.80696551380076,5.34967033447773,5.28360842327518,4.80457085924901,4.44200002543236,5.78926500727258,5.77924829552934,4.30608932341705,4.53379886143516,4.31530576552266,4.80804716010852,7.58825199231553,5.0902893548888,3.37869562714,4.66940270832664,5.47122607874418,3.83471541152335,5.6650619563461,6.11569122658811,7.74077663040352,7.37371171221569,4.31613421484631,5.63312145500519,5.66383412900396,5.44315846703027,4.88840745256241,4.58666406373286,3.49109841708399,3.79915552740631,3.4550503990408,5.45029991561557,5.00865230663918,4.34731385131747,3.8840803511996,6.14941426956344,5.37373885825604,4.46980156934306,3.02343830657593,4.054434752568,5.25222151482804,8.45347513797796,7.92281527425806,7.41908710768274,8.99487684975888,8.49683504093412,9.78214941738125,8.64434612302656,9.05808844413303,8.46137444611467,10.8744973991839,5.3489859064782,5.41265354332852,4.51678257522926,5.45835772577352,5.72860639192626,5.97631813573606,6.45125569936419,5.01509439546725,5.88115810262611,3.72789262955951,3.77892366619383,3.14478592987646,2.82177997980698,3.01867312009693,2.93413041304263,2.75799407753871,2.57776017918615,3.52531407643643,2.9439590272341,5.79153798136259,3.70512960465445,3.8008028414826,3.48810089993183,4.02743264731893,3.39468599187445
91.3591718690007,78.3154792841874,84.4309103808172,97.23242480669,71.4629662201106,79.0451511680094,73.0924487337953,82.615431845442,78.9501011126287,90.5245239711608,133.301197784867,109.679968269469,134.308976516103,121.901026211541,141.139107502951,130.278391613399,136.941988053576,122.714886856183,115.544173677412,121.032792380788,109.18503879307,144.149635577909,140.679070351701,125.799323805541,102.306156916732,90.6602977044941,86.9869681610438,83.4707719154708,92.006980089615,65.6217772915635,91.2928093615144,101.764805064642,101.41154995909,84.3551006376467,105.298057785677,147.074755977667,117.214190897014,112.740402336072,123.617879102252,128.734881805095,134.639158468349,128.146109649315,68.9864107146813,55.0284387992864,30.0628828690412,37.8136071450576,41.9673093502399,33.449086708686,53.5263017943464,41.2257651311536,75.656430104326,108.774875275989,79.0811046883773,23.8369628808305,40.3497346575567,114.178728583218,220.76971960951,120.371881567812,140.326733293885,162.698128123463,161.518783750265,142.606436744544,126.515133512431,121.535296919706,114.703428078197,155.078338677319,448.783711160547,334.880133266346,360.204519070252,526.355082073298,141.809366818543,104.727860664327,117.18993243473,144.656698177453,123.626844282286,247.309983382267,269.762768646114,237.431337705673,250.00237691225,227.648202230243,217.20948286267,358.640132302382,267.628005452765,306.397249393355,303.095960744192,242.496029083583,211.512583850891,228.573813435119,214.139063943641,184.362156185248,205.94428350705
0.823554521541051,1.22979456230893,0.436523448759072,0.439506788069183,0.443869355404413,0.696989320361945,1.1149695569562,1.67127992251578,0.829535096203956,1.39557292586216,1.48544714963237,1.04486380531296,0.84002917118723,0.86700587632675,0.966027489077119,0.616665675229529,0.906420360428753,1.25553487441824,1.11233861542635,0.481163640463026,1.22070229706538,1.62589516712184,0.798448777671816,0.52727624368372,0.70717406153907,0.311013028145777,0.442119279090439,0.323669516259904,0.466609857531473,0.450492750285333,0.894968852429272,0.497715778436061,0.457664948027461,0.194008971107743,0.166413366709881,1.23376070601508,0.452509383848708,0.930201339406532,0.625859218207818,0.320116149943152,0.527108442516931,1.6188881823421,1.32565778427401,1.04427481401025,2.32326619534651,2.87920866586733,1.23960258705782,2.6567633974347,2.17365692565874,2.89909120248749,1.24416937191268,2.72457227434321,1.14610296649822,1.24705875659639,2.03694801969016,0.456714914332873,5.02569406068812,1.91794884609514,3.04712506208398,3.32960985313041,5.00155803818206,2.32908319461458,1.46514341068247,0.525654423883941,1.03608666687118,6.90497227494191,1.42222327399906,0.721810715675385,0.248956519894526,4.18787791029175,1.01919991022001,0.203276127065852,0.280454539160038,0.698824628876583,0.430059686254534,0.951802373504556,1.15986765992088,0.400245481984277,0.769576358129177,0.965975398431016,0.628742231366278,1.86164600233863,0.849954623465898,0.542356011759451,1.23031123526201,0.472778610723477,1.00633149756047,1.01085181954325,0.960491552155143,0.795632172986303,0.73003999825257
79.7472317605043,78.1107864475847,78.283205144127,74.4118800415594,87.4019112550872,74.537754707276,66.8052592876257,64.5475407912174,74.6942254016692,74.0508083110533,77.8091364093145,80.1779314135738,99.3818075594982,109.485502062542,83.3902025488478,72.4865461754686,72.6223992775517,77.3518659587239,82.3478181232822,91.1455354181062,90.2980615856976,81.7542238328598,71.8223686200981,79.706592170189,101.369828891001,89.4939988489474,102.074288560005,88.1819615410316,86.3228236433225,104.43923594115,90.3349831649345,90.4576045019037,91.5329896054922,83.0358396341141,91.5689550321118,85.4462651125312,78.8152393390602,71.2534225985404,75.6003748375179,69.0299341910648,71.217583039596,75.6433438925729,66.338824141307,73.8367315213264,64.0488067718173,63.2146258194872,79.2337350232613,63.5010005485211,69.0136073896649,74.2404481163502,83.4208420608455,76.4891055227574,78.3934429084783,73.7894218590415,67.4657942827315,85.3485996159557,61.9062417116557,78.4044937289201,72.2036156015553,80.5022660319425,73.919834257043,80.7193690019282,80.5096304170016,73.7485311120752,81.764506127251,64.2462637755465,80.4244689484666,98.020931291511,95.5281732052425,70.158718699382,59.359608564193,61.1048037959952,62.7817518376828,55.0427163568085,62.2422565861263,82.211930011456,83.8472072865384,103.206156425946,96.6001561918338,81.9469129668979,78.0897851356917,62.1557689669701,73.3425738653374,65.116618661869,79.5747731092681,66.898173417372,80.2778081008464,77.2695130858857,87.7080443678512,83.6334949741122,78.5888058118892
6.64560264670869,5.77233799219573,5.34741224729864,5.54454717256508,5.2053769861063,5.66738819695162,7.52604450945435,5.60104622680963,5.87887916005412,5.85804034278874,5.37590397009809,6.60722700418489,6.2540821125819,5.65287831365041,5.57054390977533,5.227219416587,4.89466994631526,5.78637811688407,5.56169307713177,6.2883353893112,9.96906875936729,5.78926500727258,4.7906926660309,6.37125461117829,4.09027505977302,5.40385136403288,6.13440499737984,4.81907946431413,5.7265755242499,5.78132362866178,5.44763649304774,4.94068294383565,5.96048156356347,6.59630501766327,6.73974135175016,6.72852122488922,5.35637548906234,4.46496642915135,5.08923386624607,5.72641793153439,4.60034683342558,5.49152265774868,4.88498367763419,4.71298286306339,4.50117339660096,3.4550503990408,5.24591366877998,4.57311732345316,4.34731385131747,5.2809864424205,5.71460719999835,4.16031395477887,4.73722559485932,5.21433563018168,4.67070883495834,3.82498740753781,4.81951174024963,6.62849396707729,5.56431533076206,4.74206896681849,4.62985438762974,5.32361873054762,5.34777344899101,5.06397070498776,4.61921972313403,3.46916481446357,6.90436478708534,7.00679123074719,8.00217385375263,6.72883754125528,3.09274455515037,6.78942264399947,4.00649341657197,3.90519645548679,5.20727540336687,5.98842326663283,6.09865898603559,4.78865130231188,6.92618722316259,5.19211776656671,6.24550616490503,7.7022029726386,6.17956207339145,6.94893640066796,6.72277210696743,5.94913085160375,5.9007619629682,5.82250648056909,4.75190557382018,6.34106416811916,7.99393798086565
3.93019511364493,3.76634819348941,3.67407236038886,5.7812046738331,3.63165836239975,3.38054734555009,3.56170830694342,3.61357821084492,3.53454084469512,3.72195933381605,2.5464808279412,1.47510184279477,2.6656743430677,4.09226773626226,2.40737073487778,2.01046900637961,2.61049063803481,2.18353891203173,1.87707141353197,1.51909225696844,2.7126717712564,2.05227912956224,2.96566688849532,1.80152716591938,1.52769309461402,1.049668969992,0.773708738408268,0.86311871002641,1.35741049463701,1.80197100114133,1.73605998130093,2.42060305302015,2.08408446278443,0.737234090209424,0.873670175226873,0.595444356184886,0.660851521377822,0.744161071525226,0.621585815724711,0.938757037956457,1.05351454200586,1.33320203251702,1.60346792471962,1.0473295251252,0.165180675104622,0.767788977564622,0.442836868143765,0.304874488230211,0.310522417951248,0.51106320410521,0.496922365217248,1.12675169608594,0.534848051032503,0.657269197081724,0.129741912082176,1.02760855724897,0.670092541425082,1.60809616952763,1.88126851659098,2.06995073948426,1.57835945032832,0.998178511977678,1.09885755801185,0.927205903730153,1.68364083366567,0.867291203615892,5.31104983621949,3.8555888253847,4.41008692384589,7.19938562106334,1.86267569798829,0.447207479544875,1.56253243246307,0.575502635545422,0.490096508552176,1.8242878825504,2.05782971921446,2.35858944740735,2.82177997980698,4.3871382678742,3.56287264440891,2.0853125952122,2.40120126280353,2.10162954556787,1.80152716591938,1.57592870241159,2.24137469911195,1.77909920239611,2.07263966517689,1.19966078856309,3.17567399239868
17.4715037324761,16.2935497935738,19.0797124061778,18.3578604555051,18.8616229815168,19.2273601671316,19.4190531169872,17.6166454751453,19.4331219645936,15.923836624616,14.1927401589517,14.3207803904658,13.3837357209253,14.7044196625017,18.5031634390025,18.13114057917,15.7278435260155,14.7372500020301,13.3209501313652,12.3972059259387,11.8604791518758,17.4017954670985,18.3726865879321,15.7321655240433,18.2830367129613,15.0075449068893,15.3636449483927,14.3853118337735,19.3019530429587,23.3542949960422,21.2056733509044,14.7932005485463,16.3392221882299,13.6194297717636,15.4348397623414,10.9567715981581,13.5648470177553,14.0341336478942,15.9693165882375,15.5846185061278,17.8402152543272,15.8082843860429,13.4989625290349,14.6189746215392,12.5537313079513,14.6519729885249,13.7306680624145,10.5399465931016,12.3432661135621,15.5993525333047,21.3676617043417,15.4711675193339,16.6948998786574,11.7432096545268,12.2281752137451,16.7842731017331,13.01551670558,18.473887239249,14.5292222308098,14.9736472947492,14.748979883593,17.3396916577349,18.3142926335309,16.4036989076075,14.6778944473418,14.2742789173582,14.1000785937576,18.8701414627001,17.712545086153,12.8459625787601,19.6459568901029,17.9289544072082,15.7455191271279,14.4697805508563,20.4002671684843,14.0791400257438,14.9099116928539,17.8691739604105,16.0592262694937,16.589822488554,19.2059793608019,18.5310294751309,19.0980248672745,16.1652599029978,13.1880576482693,14.9405920632131,15.7902560435397,17.1036127866717,18.7043091735475,19.5373328423131,17.7553027975008
55.2728349164427,51.2141477179919,54.565431094884,57.0006495911263,49.5116090073832,61.5127046405977,45.404038069383,55.7394439022829,52.8738456971739,44.8900660521988,66.3499726835791,66.2566577721982,71.0162985242907,60.6557311078194,67.0984610639772,64.4446701499502,59.6424597162119,56.8266001856257,57.3201992761893,56.8776403190508,59.7126873647816,70.1756938183147,69.7692146203706,54.2655134124495,59.2350677330984,51.978052328863,52.5016643919896,46.9320798576861,56.0780210596916,45.274521403676,49.0885925747159,59.719261623141,55.0615115067647,44.8548741201102,53.709914105614,53.2922698785473,54.3985147071007,55.7376642572394,60.7600134870905,46.2181381687229,49.7961206854769,51.5822214961943,60.4843017184935,49.0062940298165,38.4458021306008,43.1241475732129,60.9071015570039,55.1387288713496,57.4466473209809,59.1470481551096,53.7918460347671,60.06453272212,60.0557954445068,58.6722303261619,62.8599564038143,50.5811767623657,36.9839537286536,40.8691758206777,48.2505629396081,49.1142857277629,41.7213014703453,46.1158472533687,49.6683616221357,42.3661774473624,48.4370516762279,33.9244290029755,58.2698039173796,62.0230779314288,53.9524343828566,48.0900137563839,67.1969044255399,64.2759113782225,64.7048686776374,63.3463972411068,53.6655676864632,51.9128877882276,56.2348739632607,55.5340606253184,60.796532292205,54.939850785764,58.1376983270018,56.7406830342416,51.1667739676812,59.4557777891298,52.0685290637674,55.2756992370865,53.7015080970904,52.5642946162488,60.7637287205517,48.2006566833382,48.2921458844075
16.5425485237964,12.8956487059692,18.8432622047666,22.6515036927964,17.9161812545054,19.355290684326,17.9633984176277,21.9976573585184,18.4301058330531,15.0820265178981,14.0410123429536,16.4105080010918,10.0817170667304,10.0225879303372,21.6103512479726,16.1934139968394,15.4454029417059,8.46121328412294,9.00299066860705,7.41882265031097,7.86674813664357,19.4507051831645,20.2273690343527,16.2137444932744,15.5233330581747,12.7904107824951,13.2083134628269,8.95485661652401,19.0461660028756,20.0469273876973,18.1986977350166,21.8517453690449,22.1746586840263,12.2613669740094,12.5226058449185,6.84761009612619,7.40849337123558,19.5714361811134,20.6677283728466,15.2391559161598,13.0635803208726,17.9029987223714,14.1701816603129,12.4806768410753,13.2144540083698,16.2515333584512,12.1269173122446,11.2803560645178,16.8070258716113,18.773055030798,19.3799722434727,19.1114422297654,17.8792062773723,11.5679378686383,11.9038204335396,13.1305537870701,12.9121678174602,16.7477332777633,13.1688796161369,17.3875862116678,15.9940424299936,15.5050395527199,13.3328050372105,11.7683826242673,11.6559750023008,14.7439504614702,16.6159987733153,18.6847766153258,15.5775651019718,15.3398674017428,16.6586468084236,16.9125737718789,16.7471424812709,14.1820292330836,11.5785300145452,11.1836778886785,10.6258843683074,13.4368126094722,12.2765752368226,15.8983450991771,16.9341240981318,14.765358537067,16.2081085239239,14.2029480579506,11.2485598652527,10.204138348115,13.4482481946717,14.2327936191689,12.8402554867056,10.7541020689048,15.5863539626924
119.620847640757,110.083807524924,95.6350122323001,100.241355894241,106.932162892881,100.654140082702,112.611925252576,112.020924536193,110.03963384862,129.071076723986,97.2614205116431,100.399119175219,104.644805621452,107.508728664517,106.624129408715,110.137147567669,108.190334220776,112.725196333638,104.386026941417,104.358105281041,124.274275520684,112.017683235957,110.68020913346,116.484110167129,133.845627257151,103.87835140069,105.942832252046,115.981576659799,121.699062087461,109.244491944193,114.520094628575,110.054541547587,107.830530104466,110.00308661809,117.279820188788,122.304270760376,125.353099107667,103.773261424193,112.778976440552,121.819371625483,118.73108888406,112.623828842152,99.787910849993,94.5651283727626,84.159553965805,76.7788977564622,97.1226412775458,84.3195727448126,77.8634963012754,103.848043074179,96.4029388521461,96.2072602042614,97.9536002033813,84.7342685288464,79.9210178426204,92.5418595166985,98.7097859099256,107.703221500558,109.511025057331,90.3627586454857,85.8364481070218,100.949120178009,106.515925956615,115.044855593595,110.861273355217,87.0626939014415,116.311991413207,109.921354492939,119.392433897989,124.742295957117,74.33130379708,83.0179702936941,86.5402577979546,97.7943407116113,90.3615437643074,93.0386820100703,101.095561842136,109.031157636967,99.165410718931,99.4149680885254,104.496958853075,115.600312737812,97.2839629268197,109.081352865119,95.6127588546479,96.8018145278075,94.6866454522804,96.677868021116,107.777262589198,103.599278098055,101.147041757894
18.0410247334897,18.753957689538,19.9836797146497,23.5737917834523,20.7690506569683,20.4887683237163,20.385669780115,18.3944681850297,19.9871071418846,16.1261170231929,12.6835965905038,13.3948466712282,11.3673923075792,10.602094658074,16.8616725100114,16.910603122388,15.5519979760924,8.62334104834129,10.7698710380483,14.2762877200817,11.1935009801181,16.4565218262285,17.7495163276445,15.9000151282826,14.7368175165605,11.2959931822546,10.2024550141107,9.5428562377295,17.0456822864043,15.9106531188275,18.1723575146107,17.1491436569995,16.5230384378475,11.1039094523806,11.8282460723215,9.59022680071378,9.5270442221368,18.2557594066568,19.0178065232324,17.9183685024875,19.0096163959537,18.1283733516779,15.1964011321335,13.7457636299661,14.810925233256,14.0646144206879,12.7938977644181,11.5943767873949,16.3839390771527,18.6909442093385,18.094185623473,20.4167407330773,17.4322261204379,11.5105363587599,11.5214061476774,17.2033090356335,20.7996724858346,18.078138694114,19.0612245840172,22.1996571489488,22.1004520834055,20.3601798349794,18.4263761044481,15.8716253659285,13.7493017721585,29.2994318729238,18.337158280953,17.9644488184295,16.4791433561613,16.1816779165194,13.7145648608674,14.6427925370616,14.4570308443583,13.3376846520762,17.3775969519888,11.2027139361486,13.1506543583545,12.4465624035986,12.767271781363,18.7793667249976,17.8084949612185,13.9625131879103,14.9326469119759,13.9080419765564,12.008277053027,10.9708276618383,14.6974715218706,15.735323763738,14.379064057632,10.9734686130992,13.2633666882527
1.46489090599493,1.4328498562188,1.4914551165935,0.845205361671506,1.08949750871992,1.29256222035739,1.17691231012043,1.89712856069358,1.19020252933611,1.65060805238799,1.23787262469364,1.72095214992723,1.23031123526201,1.21380822685745,1.39963414818476,1.68148316897204,1.6678134631889,1.96518502082855,1.7032685048716,1.62507543768717,1.62760306275384,1.1027171442424,1.52085481461298,1.27425092223566,1.37985182739331,1.36068199813778,1.38162274715762,1.90605381797499,1.35741049463701,1.27639612580844,1.19728274572478,1.49215256693023,1.04204223139222,1.31926100353265,2.32978713393833,2.20314411788408,1.32170304275564,0.930201339406532,1.01007695055266,1.09521654428253,1.40468605600781,1.4601736546615,1.82720763514561,1.35280063662005,2.14734877636009,1.34363071073809,1.94166934493805,2.00346092265567,1.59142739200015,0.851772006842017,1.05596002608665,1.04007848869472,0.764068644332148,2.54144089538267,1.13524173071904,1.94103838591471,4.35560151926303,1.64731802732098,3.25909897944635,2.70975369532485,4.81399632350138,3.12762600419672,2.71051530976257,2.35367652485346,2.59021666717796,4.93688838981354,1.82093137241811,1.77950253479294,1.13808694808926,1.97630193519386,1.4760826285945,1.54489856570048,1.00162335414299,1.9320445621882,0.796406826397286,1.5466788569449,1.15986765992088,0.893405093714904,0.916162331106163,1.28796719790802,0.964071421428293,1.21082666818773,1.69496559727308,1.52537628307345,2.41668278355038,2.52148592385854,2.01266299512094,1.45562662014227,1.51656560866601,1.24250581672605,1.05855799746623
12.1075019832805,12.9365872732897,14.1142581765433,11.4450948434662,11.3166509748334,12.2959124039126,12.4823939038905,13.7767669288463,12.3708929564329,13.2695941466485,7.42723574816184,8.61152163308228,8.37466022780435,8.21921570757759,8.25784147429007,9.68680521255633,8.75021959143501,7.915328556115,7.9393168676056,6.6137037541177,7.00784843706951,11.1386683981196,8.34721165000336,7.06506226849211,10.1399397144445,10.6735783596779,10.3229325176629,9.63959745981163,11.5108409945219,14.3226661740717,12.0320929531612,11.8214958141399,11.8288465938719,7.79799658470463,11.9401590614339,11.0770513581074,9.46061125340882,9.91036507003719,10.2697631491767,10.4026796566081,10.8167849742881,11.2052456542502,10.3584027936887,8.64046858228288,9.95213567505349,12.1393835594446,8.61828674156711,9.07088709481515,10.7456282732029,10.3735609169276,12.0217943205183,10.530794698034,10.1307861551999,10.0781276885864,8.82796405285146,10.2384065920572,12.5315037083507,11.7355720703503,11.6400177371608,10.732130052206,11.6585520798501,10.2033807494358,10.6428017351974,12.250529694207,9.84282333527625,11.5916805098663,9.85617041391561,10.5350257356689,10.2783477499312,9.7417568962663,10.3325784001615,11.5009567171318,9.29506472644698,12.1587263958303,7.35144762828264,8.13830687778625,10.2176857821869,9.97040084585833,8.61192591239793,9.57925603444091,9.85029495807169,9.35027260433857,9.46355791810805,9.98918081908703,8.70005802078138,9.92835082519302,10.1090573164029,9.01679823032575,8.84663271721842,7.92633021014896,10.6220819745749
47.2898940597001,47.7024374132362,52.2238465618322,54.3389288661504,48.0444190289737,53.0235536887428,43.984000453093,53.3906180652337,52.254579714486,46.2432410065192,50.5833659018026,51.8034255287648,50.5271736666064,44.8536820058881,47.5052625503685,43.7712001272583,50.2058986278603,47.1218614911007,49.0193723585701,45.9581932096002,56.5314015450407,51.2365268659515,51.0748672391478,41.8174000928164,43.806353085945,38.7599986326675,39.3160095422161,39.6254203445167,40.402050800532,35.8179277539364,37.6874676285517,47.0346384463968,41.8371619566123,31.6257903982154,31.47500814609,46.5202812156566,42.0353740084824,42.1950489970876,38.9885818001977,37.8951182702009,41.35571334644,37.4753568468874,51.4213518481713,31.3937025156278,29.8725121409832,37.71827334701,48.4977905803815,50.442790682638,41.5587678065053,37.689889176351,35.5318125719028,46.322495690241,40.3305993224281,49.5760628180155,37.9530771866187,35.0774181016934,50.8388902063188,35.6875761875974,47.7858101257911,53.1634857288741,55.1099985676636,40.1726923930536,40.0094036872115,38.1973170571295,45.6383225673421,61.8295234793168,45.6090198292375,41.712280874936,34.2535719201166,45.4502390286607,46.5981713435037,37.9500267141781,42.4868594360375,54.2390680336005,32.4100821105554,37.6144366322555,38.093421309524,35.1436974904444,35.1645090574492,38.028036497733,36.6657319643559,28.6030893100058,33.3791693777985,38.0032247164921,33.5804663727372,40.5911955880153,33.9476782233864,34.0192071349084,36.6811723768049,34.753744594391,32.8492447813718
73.7090229040862,89.1641996241298,65.6967790382404,65.4527032078414,53.708192003934,78.8131528207658,68.6945132591348,91.4235287343765,78.2287662463643,62.3670924892481,73.9540473781258,87.9222160882463,96.9553604010648,68.7362258751847,65.0549952076275,77.2385638269114,89.373047538275,75.9325656659033,71.0853896420904,81.077133249827,75.649634020913,68.0008905616144,77.7537023970888,65.1186160949394,76.4832155755148,72.3105290438932,56.3149431741446,81.3129751404048,58.7504229710082,37.4659803987302,55.5539194016297,83.0300006131844,60.8135846240497,63.2081227869027,57.870248273361,74.6091778299663,80.102160722796,56.9283219716798,60.4103714657453,56.262838474857,70.7610600713935,54.15339684462,42.4732550292011,27.3178451136822,30.6410152319074,32.5670491316994,54.979900398772,49.084792605064,35.9817851801009,33.2191082668387,25.5915018086883,35.969381067359,37.0191258178926,28.3940293139305,54.8159578547194,29.5152013387619,28.3242962702371,47.1446730676148,50.8207466876268,51.4853202111722,40.142942020017,43.4540378880949,73.8432278983964,61.9801484878079,67.1729522354818,19.3139079574462,50.1514848820155,47.6758387446608,30.1237389072377,45.4549445094588,71.2385592419296,55.9009349431094,61.9403882202027,68.361491636574,51.1538230801333,79.3565228909423,77.7111332146989,68.6135111973046,76.8476963331849,63.2713885972315,61.9101517151995,62.1894030410864,59.2884841212814,74.0993901066349,79.0035571786107,86.479087544836,61.8436447591706,60.5702410270313,58.8427456162414,55.3129313583908,55.6655498667585
21.0086793347565,18.3404781596006,25.864014338975,25.9647087105486,24.1303522301672,18.8250087477691,16.4458009651039,19.468152610927,22.1810471376275,22.7848640957087,22.5292817694242,19.2070552447235,21.6671478654477,22.7502341948139,20.9105341738803,19.3005024612443,18.9623139401695,19.5426732626839,21.273476020029,19.0769725293711,22.0404581414583,21.9930808212789,19.3528775159502,21.6622656780062,25.2315762723348,26.941503563128,31.9983828241705,26.6847534516499,27.9965914518884,36.1895842729218,38.1334554513342,24.9686862866325,26.2594642310838,24.2123195942463,26.459725306871,31.6180953134175,27.5122922847293,26.8642146820606,27.1555303244733,22.8430879236071,25.0736460997394,24.3468085462037,56.979046255153,43.3332591020551,51.8254368140752,53.105404281553,46.7022574019309,45.252084753027,53.9144548167854,51.8899506568157,59.320107347809,54.127418015821,57.7635895115104,69.1009015865252,59.7137150358215,58.288240941733,59.7928729271612,34.5936785737406,39.9835801624759,43.8076847410851,49.8761586303749,46.7812995946872,34.430870151038,35.3764714038581,31.1257702839218,66.5145638465419,27.4277787970478,31.4378781146752,32.1865215006495,40.2789156315701,37.67525185365,31.0605922156622,32.0118823984101,38.846427899316,42.0870376719181,26.5711495936688,29.2585970986493,28.3030733688881,30.1234174467706,29.4220006772114,24.3113662794961,23.8109064299117,23.3622758157473,26.2703693195984,32.647187421417,31.8731580062744,27.6741161829129,30.527724950206,30.6346252950535,29.6059144606104,24.6023479411116
25.7249134711304,26.6100687583491,26.9189460068095,28.6355576534306,26.9146236413403,28.1049426375145,28.8653229745327,28.0052311340481,26.3287226186473,26.1831747918016,27.9759213180763,28.272785320233,22.3164787951693,27.5014263970845,28.2166244274047,30.4494669511676,24.6546338036621,27.5671787644005,25.8966333903948,26.2485010913383,27.8727024496596,29.9265180534672,25.4362967744021,27.3744249845798,29.0754492200733,29.4296077882942,29.1246075100826,27.1882393658319,31.3052795325661,26.8794007670249,29.2735631329708,26.726110421017,27.7183233550329,27.161255955084,28.6230990740995,26.199551672135,27.616637261789,28.9850737359075,28.1267581615432,28.0688354348981,27.1455580323509,27.5528420053518,22.4485509460747,23.8703854268118,22.3819814766763,24.633229696865,23.6066115095099,20.0346092265567,27.1318962684903,26.6093574937446,26.0884241739055,24.7885373138908,24.2209760253291,23.0920577908046,22.0236895759494,24.2058904596423,26.5202009664004,28.8672873359106,27.4241255587559,26.8340886773142,25.3852811594472,30.078445827594,27.910981973501,32.2382360373869,28.4923833389576,27.820033223679,26.744929532391,25.951078632397,29.0923476105318,32.7030915466603,28.818756082083,29.8002802278539,30.729804505107,31.2004643127839,31.7950109923224,27.9988531539257,30.830030702413,27.3381958676761,27.0817585074982,26.0008378077682,26.1137606760794,26.940893367177,26.2719667577328,27.0161088357676,25.9244153144496,26.790787940997,30.0527179044194,28.0612465105205,30.3818643602758,28.7061688691881,26.4274479367431
94.3604117739659,106.604029302679,79.0471211794553,70.4901271634036,71.180503903035,89.2862210677641,83.0032892400727,91.1525103685631,84.7929135293696,81.4623621149131,96.2003868333343,102.919084823326,103.517020322462,90.2379716080881,77.4837464435081,79.7607885803694,88.3215999201777,87.614498845273,90.5513154120516,89.7677540687628,85.7882447659838,78.5073344637017,83.7230575444447,79.5747731092681,129.903193464599,136.767979127106,121.195947380667,140.07697398137,119.155189982355,96.3303664360138,93.9866955393951,155.946522717175,138.133118193352,111.050735062072,100.014433392638,127.484636659184,124.866155881388,130.67468415983,108.389026616996,118.064343473657,116.202653983246,123.670359968722,117.687087684072,113.373421094803,108.895360062722,80.169965740706,140.822124069717,116.897589487127,88.4988891161057,100.100246244074,82.0543055564981,117.052166581851,103.569504739223,112.436850647447,100.841901165871,194.846000327262,28.9428432315526,72.5212150599166,67.4871959402427,58.786601001353,45.6672000961661,51.7721921545756,82.487574021423,61.4808837704147,101.01845001994,21.8490668603234,60.6597763436783,47.1568171720128,46.0925213976152,35.432270409547,69.0595801235282,75.9033058463893,76.2836346515304,71.0334681587492,64.5702150017491,90.4212254829328,90.1703567873974,93.9504796550593,97.7728439756497,81.1419334682053,86.0119372509069,64.9810311927414,70.9766843858103,76.7433756639623,81.6399383970293,107.635930374712,89.883699668469,78.725139706028,80.1252163245211,83.89056514309,88.4078437883863
101.506578361967,102.085230241838,91.5189598800427,91.7213477664471,88.6871147977809,102.184666322089,102.364425882851,97.8642801979312,93.5257540877984,104.926241052565,94.4945983565065,101.946439545734,98.3917487682332,107.835069676366,104.186806503066,94.3297436200541,101.010759829892,99.0245814300948,95.9047926046083,94.3084268080221,104.703026859012,107.383820747596,102.042514213865,99.3537838035839,103.885594454874,105.302791069597,98.2726154089261,102.289277223617,105.578964082087,101.23473084412,106.645566009943,114.810197573124,106.294976672287,93.6566667484363,103.186272162129,102.917793411708,102.090777738577,104.992197259351,96.6981628966191,108.664256333586,105.477875945627,109.291141189915,105.562632776088,101.800429842169,82.5139414900752,84.2341287286147,92.9875668603172,82.4502565969782,93.5208129204222,92.1511691674214,90.3181244900609,102.520969996675,96.310470583745,79.5698853576429,82.3079446701523,100.757019038261,84.2373333825471,87.8699046701909,82.4862053654068,91.4349931285385,86.8226597035686,73.5996944021621,88.8008769780537,86.3214431666561,89.610272412133,81.9350014468325,100.221027852272,95.6875585927637,100.134580127634,92.244833921333,109.437117532241,119.342601095854,109.284720274492,109.726154639712,99.5189970266048,105.611991364065,104.974383787426,93.4251574599549,94.5277969988716,94.1399374335934,100.163248233011,89.8409843943413,93.9099220347479,91.4791885034665,91.414761161186,95.7825826395228,92.5975927480264,91.1590214271377,92.0919300206351,87.7843213025405,102.200854495371
47.1623413637391,45.1552397545524,46.9262707416003,49.7994999096851,47.4940210282722,45.504818680787,50.9479144775819,47.2927048344329,47.5720344301312,48.2883767482917,49.9746862483461,47.8793473140468,49.1440987862993,47.6159627278651,47.3916122575359,41.6349854230251,42.5292433113171,45.9634940982678,47.1353488286917,44.9368686247407,47.5056643941278,45.915916644982,46.6902428086186,48.5533541058759,44.2045388989928,45.1746423381742,47.0857032231317,44.77428308262,46.5337285192751,50.6053522820524,48.2504946527086,46.9862263853364,47.1836722374395,46.7173602427445,48.3430830292203,44.0033379220631,43.5118554338766,48.9285904527836,42.2678354692803,46.5623490826402,45.7576482744544,47.7413299263238,32.330388156556,34.6491517895586,23.7860172150656,22.5857924233593,36.1763656898983,27.3515969440818,22.6293212081972,26.2686486910078,31.865146669556,33.9325606936652,32.3583070874665,23.1796936837488,22.3804798341754,47.2699936334524,39.5354599440799,45.9287954760207,43.4546530592846,45.91527094856,42.6420111497035,46.3820281898961,49.3753329399992,42.8654421647555,49.473138343099,41.4298336496515,47.5718321044232,44.2280525834995,47.1594779114488,51.6191243549444,38.9756103597928,48.1357868891938,43.1899990306459,43.3682343214586,40.1266516377094,53.4595666451725,50.1362149772251,47.957985430616,49.3628264,47.1717986233813,45.2275245096143,49.5766252474642,47.4590367236463,46.405336256168,45.9609125744309,47.5536485952697,54.5706125722563,46.2565792622989,45.4969682599804,52.485159499635,52.964401873224
35.1931107903659,32.4233453178654,38.4504404448616,40.0627341432294,36.3165836239975,37.7494453586427,36.8869095093009,36.6326491124404,38.0864809387555,35.1806069205048,37.9496378941793,40.1043313509827,36.3625320644106,35.3738397541314,36.5864366335495,36.5539819341748,32.3048216456807,31.9888450612648,26.7308873519646,30.7351224084312,30.1106566609461,37.2473346499654,37.3369856987487,34.0971970915472,40.7549093305095,36.3107710360195,39.1275561995038,35.6036467885894,41.7827917880456,34.8381060220658,39.1511457852003,43.371901278772,40.431238578018,33.9903717380766,39.3151578852093,34.118961609394,33.2164843639905,43.0497179877343,43.7441017816265,38.5203304574799,39.6472639308205,42.7576937571531,39.4154789867125,34.5618743291315,32.8709543458198,33.7187325980463,36.3807519367339,29.180843873463,39.630423591028,40.6806310467747,36.5237938434677,39.6096557777905,34.4594958593799,35.5363545888852,36.5872192071736,40.4192699184593,26.030517955359,30.9460457989585,29.1994071166657,30.8987192203014,27.3056184906799,29.9453553593303,33.9913271278333,34.5205890311842,34.0613491733902,24.584369887112,37.7084538371584,32.6612861073454,33.6802606200166,42.2081627587831,33.1767143188858,33.8251475437578,35.0968823291705,35.5167340793746,29.2832663859925,50.8024516858057,58.1056282534557,56.7490915527707,53.5405266298441,56.7108056828876,55.413148657748,47.1213378369724,46.3996832253506,50.1001365862793,49.0806303495596,56.5758404165761,51.7803297835659,48.6017554836393,45.3958638860694,40.5313966421671,54.4974858695544
10.8973591787428,10.8487203399423,11.8225100705582,10.6833957715278,13.4774877004613,8.58393884801444,10.7470676739945,9.66632171401016,9.66588720794175,10.4214861346849,10.2212911010418,9.52669940138286,9.43238613700877,8.42729711789601,8.48178293799963,8.91917159193865,8.37532413036167,9.49839426733801,11.2276678994598,9.78578035302923,8.40928249089485,8.3622716771715,9.08710751731258,9.62279144722789,9.36328025731173,11.1187157562115,10.4450679685116,11.5082494670188,9.07768268288502,11.487565132276,10.1170392013744,10.080319563262,9.58678852880838,14.5118710388592,10.6088521277549,12.6234203511196,10.5736243420451,11.8693690908273,10.9166008886652,12.7045119136774,11.8344800218658,11.9988182926532,12.9396132529699,11.2151536648823,15.2379172784014,17.0193223360158,14.4092304019087,17.9004878089452,13.1583874606841,12.0951624971566,12.7957509043441,13.9977229936831,12.9509635214299,14.8981018005191,16.2501744882925,11.0182473082806,8.89161256890975,10.0800174528927,8.29347951680249,10.1992118254588,11.6535539415908,8.05197332995327,8.79086046409481,8.41617666462754,8.54771500168727,11.9752900806964,12.329222834081,10.4175044224337,10.5984347040813,11.904866419144,10.789461118536,11.0988765377955,11.6989607763902,9.49579348649946,11.149695569562,9.35939000612813,8.94220550713194,10.0061370496069,9.67467421648108,10.2634886083295,10.646701784469,10.325660753712,10.3816642832976,9.89799721460997,11.3364392392,11.425483092484,12.5334013787076,11.8067492522651,8.44221522157415,11.1825523505345,9.96504597614759
4.96633746178768,4.54418097257962,5.4565431094884,4.39506788069183,6.8597991289773,4.63996694487267,5.41999090187042,6.0979132308008,5.80674567342769,8.6414186272077,2.40500967083336,2.76581595524019,2.63149903097708,2.0808141031842,3.07919512600647,2.63188669926059,2.71926108128626,2.72942364003966,2.60704362990552,3.3914617829993,1.83105344559807,3.46130659164974,3.11775236995662,3.29547652302325,2.06977774108996,1.59394176924711,2.43165603499741,1.94201709755942,1.95127758604071,1.95213525123644,1.43673929486973,2.65271567454263,1.66726757022754,1.47446818041885,2.08016708387351,2.79858847406897,2.57384276747152,2.38131542888072,2.71943794379561,3.97407146068233,3.30101223161836,4.19006353076778,5.25788319501084,6.72036445288668,5.12060092824329,5.50248767254646,5.34810679219777,4.70377781840897,4.89072808273216,7.15488485747294,8.19921902608459,8.79733055020949,5.34848051032503,7.9310483114528,4.47609596683507,9.19138765094908,0.798956491699137,1.25509944938742,1.61630111988803,1.95704433551239,1.63097143200593,0.931633277845833,0.952343216943604,1.42647062112331,0.69072444458079,1.43436622136474,5.84215481984144,3.74436991696014,4.23226083820695,6.77589234923609,1.44093780410415,2.64258965185608,1.96318177412027,2.17868854885052,0.980193017104352,3.60891733287144,3.06803703591975,2.7874238923905,2.63854751358575,2.57593439581604,2.3473043304341,3.49794370809788,2.40120126280353,2.81347181100215,1.23031123526201,2.6790787940997,3.47641790066343,1.77909920239611,1.26380467388835,2.48501163345211,2.555139993884
112.617954529171,107.381862081769,121.171633984706,119.342997068017,104.591760837113,123.1248371443,96.7545804425325,122.635810530549,118.515318527226,106.156753173188,117.739370503004,107.774628389193,121.527409794214,119.993613283622,112.334636733309,108.711542272236,105.398559510655,116.055093174486,110.573410489726,99.0236185181983,116.746611355448,111.221276409559,117.1058207252,105.938585293454,133.155701343454,115.541339956156,123.406543776119,118.067446875696,122.209363595289,102.637264940008,122.601753162217,124.147093568595,122.043986140656,107.48096999369,118.319903730725,125.221948105682,122.292313113917,127.88408014161,121.753121655078,104.389782620758,125.719402012699,115.734633584692,107.767960521853,95.0451544051117,83.7466022780435,98.5329187874598,124.573417446288,105.617233422609,108.411139167229,110.900715290831,115.223873434749,119.04565035185,110.828156860378,125.14405512436,107.523609638103,111.895154011554,86.6738929543289,93.348021548189,112.372672941723,104.212610866035,94.7541790013768,113.193443258269,113.768385839494,106.414708335799,120.660926412707,86.6290482996335,110.393964452848,120.450077823797,99.5826079578105,106.955578540372,126.556512989733,110.582213123824,110.499088429055,150.452831864017,111.803266013465,110.686684352134,105.922107910839,113.53391930929,112.834552699035,120.545679929204,114.808331447482,104.231995686494,101.697935836385,110.233859390108,115.29773861884,116.93390971894,112.617643045176,113.660178589443,112.680824723885,101.242801549092,103.118149753176
0.678851883265942,0.655017077128593,1.09130862189768,0.642356074870344,0.68597991289773,4.54053908176826,0.805255791135033,0.993734007982353,0.937735326143602,5.43729711374867,0.0707355785539223,0.0921938651746729,0.0341753120906115,0.24276164537149,0.251934146673256,0.219323891605049,0.0362568144171501,0.0545884728007931,0.0695211634641471,0.211966361437456,0.20345038284423,0.153155158922555,0.0380213703653246,0.219698434868217,0.0492804224069039,0.0388766285182222,0.165794729658915,0.971008548779712,0.212095389787033,0.225246375142667,0.179592411858717,0.0663178918635658,0.125045067767066,0.0388017942215486,0.0832066833549403,0.0595444356184886,0.173908295099427,0.0744161071525226,0.0388491134827944,0.0938757037956457,0.0702343028003905,0.158714527680598,1.56617797298195,0.654580953203248,0.206475843880778,3.96690971741721,0.681287489451946,1.04528395964644,0.426968324682966,0.647346725199933,0.93172943478234,0.563375848042972,0.305627457732859,0.219089732360575,0.259483824164352,0.342536185749655,2.68037016570033,0.902102729247205,1.37783046285537,1.88177339953115,3.26194286401186,0.798542809582143,0.21977151160237,0.570588248449325,0.215851388931497,5.67075017748853,2.38997242629877,0.963897206346175,1.28034781660042,3.10561732673321,0.878620612258629,2.4799687502034,0.480779209988637,3.45301581327253,0.122524127138044,0.832827076816486,0.673471544470188,1.57239296493823,1.75903167572383,1.12697129816952,1.29940061149031,1.34536296465303,0.812171015360019,0.949123020579039,0.966673113420153,0.945557221446954,0.731877452771249,2.06213771186822,1.31435686084388,1.45673095754089,1.05855799746623
0.107187139463043,0.122815701961611,0.327392586569304,0.169041072334301,0.0807035191644388,1.82284415691426,0.247771012656933,0.225848638177807,0.541001149698232,4.53108092812389,0.176838946384806,0.307312883915576,0.102525936271834,0.24276164537149,0.195948780745866,0.548309729012622,0.1450272576686,0.109176945601586,0.382366399052809,0.353277269062427,0.0678167942814101,0.459465476767665,0.342192333287921,0.834854052499224,0.591365068882846,0.272136399627555,0.607914008749353,0.467522634597639,0.805962481190726,0.525574875332889,1.31701102029726,0.198953675590697,0.708588717346706,0.232810765329292,0.499240100129642,0.119088871236977,0.173908295099427,0.781369125101487,0.427340248310739,0.782297531630381,0.386288665402148,0.984030071619707,0.223739710425993,0.305471111494849,0.0825903375523111,1.98345485870861,0.37470811919857,0.217767491593008,0.232891813463436,0.102212640821042,0.434807069565092,0.390029433260519,0.229220593299644,0.0438179464721149,0.097306434061632,0.0570893642916092,45.8755662975633,13.5315409387081,22.7606993767838,23.7856157700737,40.3533899467274,12.6435944850506,0.879086046409481,5.49191189132475,1.98583277816977,64.6465520233692,1.93473958319424,0.741459389497057,0.462347822661263,2.96445290279079,0.913765436748974,2.96783145516144,0.600974012485796,6.49495831544119,0.367572381414132,0.0396584322293565,0.112245257411698,0.250153426240173,0.183232466221233,0.362240774411631,0.125748446273256,0.269072592930606,0.247182482935658,0.169486253674828,0.175758747894573,0.118194652680869,0.0457423407982031,0.404340727817298,0.101104373911068,0.171380112651869,0.0365019999126285
11.2546496436196,10.0299489935316,9.49438501050982,10.5143546991935,9.3616082230749,9.84335844733702,8.67198544299267,10.8859043601703,7.35761563589595,8.02648621553375,8.16995932297802,6.82234602292579,6.76671179394107,6.31180277965874,7.78196586390725,5.88519109140214,6.63499703833847,6.11390895368883,4.76219969729408,6.88890674671733,6.7138626338596,7.59649588255872,6.19748336954791,9.13945489051782,5.86437026642156,5.40385136403288,5.7475506281757,5.17871226015846,6.91430970705728,5.85640575370933,4.66940270832664,6.79758391601549,5.41861960323952,5.54865657368145,5.94927785987823,4.22765492891269,4.69552396768452,5.65562414359171,5.90506524938475,5.82029363533003,5.1973384072289,6.1581236740072,7.56986020274611,6.45853207160539,5.2031912657956,7.61390736084917,8.89080173734789,10.4092860981458,7.95713696000073,9.57391735690427,6.95691311304147,9.70739922781737,9.70367178301828,3.72452545012977,8.43322428534144,6.73654498640988,6.05660566288055,8.39347756777834,7.6840545043857,6.73674877032151,7.52351337989833,7.05379481797559,8.35131744089007,7.98823547829055,7.72747972374758,5.6373928235033,6.98023692760276,8.63800188764072,7.21973907694126,6.91705677317851,13.8119160247056,13.7821214150648,11.6588958422244,13.4009899419862,11.5172679509761,12.1354802621831,11.2245257411698,12.2575178857685,14.7685367774313,14.0066432772497,14.1676582801201,15.5725763158588,14.1953368771621,10.7115312322492,14.2364585794604,13.0014117948956,11.3898428587526,10.6341611415949,11.4247942519506,13.0248885615421,11.8266479716916
9.60575414821308,10.8896589072629,11.0222170811666,9.00650833397156,7.66683432062169,12.146770609256,10.5612394145018,10.6148859943569,8.98061908499065,8.41486458080151,8.8964137147268,8.88134234516015,7.58691928411575,6.936047010614,7.53003171723399,7.21319725507072,7.36013332668147,6.3868513176928,7.68208856278825,9.36184763015432,7.08685500240736,7.35144762828264,6.8058252953931,7.51148948814433,6.18124338249795,8.39735175993599,5.88792349928692,4.67522634597639,5.42964197854805,7.86034767122859,5.90619578466033,8.66410098251555,6.50234352388742,7.13953013676495,6.32370793497546,4.96779226365051,6.01722701044017,6.47420132226946,7.69212446959329,6.38354785810391,5.57800832840702,5.6819800909654,6.4884516023538,7.89861016865253,4.4598782278248,5.88638216132877,7.15351863924543,5.83616877469261,4.25105190175258,9.53984647663059,6.31153519121557,6.79214589721347,4.31698784047663,4.9952458978211,5.09237004922541,8.67644158503876,15.5925379831606,8.1581464210182,13.9372850665754,12.3067980329337,17.703931834516,7.78579239342589,6.8861740302076,6.98970604350423,9.62697194634475,19.0136917715792,4.89375306337367,5.41265354332852,4.36669735894999,5.03486445394626,5.23657884906143,6.31294340215711,4.60746742905777,5.26173838212957,3.0631031784511,10.6284598374675,8.39257789667266,9.36288538213219,9.89455317594656,8.89502346055227,9.51496576800968,11.9064622371793,10.5935349829568,10.7793257337191,8.87581676867596,12.0558545734487,9.97183029400827,9.34027081257959,9.30160239981822,8.7832307734083,9.71427723674783
2.71540753306377,2.78382257779652,1.63696293284652,1.82564358121045,2.09829149827541,2.45255395657555,2.2299391139124,2.98120202394706,1.98367088222685,2.168445872745,1.23787262469364,0.952669940138286,0.888558114355899,0.58956399590219,0.671824391128683,1.06006547609107,0.870163546011603,0.764238619211104,0.59092988944525,0.635899084312369,0.508625957110576,0.643251667474731,1.02657699986376,0.39545718276279,2.26689943071758,1.94383142591111,1.27109292738501,1.33064134462405,1.18773418280739,1.27639612580844,1.0775544711523,2.12217253963411,1.75063094873892,1.04764844398181,1.5393236420664,0.833622098658841,1.04344977059656,1.33948992874541,0.893529610104272,1.12650844554775,1.22910029900683,1.23797331590866,4.58666406373286,3.62201460772464,2.02346327003162,1.5995603699263,4.53056180485544,5.05220580495778,2.52299464585389,4.19071827366272,2.60884241739055,3.20690867347538,4.08776724717699,2.84816652068747,2.78945110976678,3.0828256717469,1.67523135356271,3.17697048126189,3.17960876043546,2.44630541939049,2.49906912968651,2.59526413114196,3.95588720884266,2.13970593168497,4.70556027870663,1.6345103452761,0.303488562069685,0.556094542122793,0.355652171277895,0.188219231923225,6.08005463682971,5.3664897545385,5.76935051986364,6.28942165988925,3.24688936915816,1.22941139911005,0.860546973489685,1.17929472370367,1.79567816896808,0.643983598954011,1.38323290900581,1.41263111288568,0.847482798636541,1.11860927425387,1.18637154828837,2.04870731313507,0.914846815964061,1.21302218345189,1.46601342171048,0.599830394281543,1.7885979957188
12.6927437647487,12.3573065457041,18.8214360323287,18.2165421190336,13.9294274077821,15.0600069982153,12.8215304774647,13.148907714712,14.1749514569599,14.441525863844,14.801773490301,12.3444512340048,12.3711212236805,11.963293883907,12.934299090205,12.8048598715414,13.7257422339005,12.6055701391592,12.5652550845099,12.2209205686765,14.504655960908,15.5673029735242,15.4990314157209,13.3229524872784,11.1679293258526,10.0943165947564,10.8755816165259,11.1504148351537,11.0387166568559,9.6690760636242,9.54234348342649,13.4943646363984,11.935968535259,9.71674530896021,13.0875792248986,11.1985220067692,10.3760645188122,10.9778641271401,11.8796704119037,8.832139132107,11.3484586464871,11.3471364419967,8.38837464338786,7.56870136823809,9.88606340501164,9.99213371885559,7.33610368641855,8.18805768389709,9.96971038134726,10.8042168435869,10.2260411232144,9.78930540880208,9.74875183303387,6.72649296293436,10.6388367907384,10.5786592032352,6.34010635348347,8.82923240786253,8.36767038787932,9.14579507640128,8.66782398138636,10.792971523844,11.1988236595514,8.00250018450178,9.8212381963831,6.53837495464427,13.5966669414245,15.8286750469832,15.069693801387,13.2722791390662,18.630271462332,17.3000180700664,18.0216080370824,15.6549049067688,17.0853769087645,10.4273915860647,9.58686743553313,11.6396389229553,11.8829918993794,10.8535385808712,11.2419110968291,9.44579337482893,13.1370427323647,11.5050658719547,9.72121634604885,13.8878716900021,11.5988853562004,13.6962334733553,11.8342669662905,9.5368748187949,11.5419323723731
33.2737464130477,32.4167951470941,42.6105089115356,37.5815492835065,34.8639202790376,36.841337542289,37.2458677638877,42.6853926156056,31.8808370842837,36.7143778146747,57.3007701191758,62.8233582330934,52.424928746998,55.6912554599724,54.6100854133839,50.1516976738685,46.4855869005165,61.2646430243301,57.144310732625,55.1554136323714,56.1414549779226,55.7717574319662,57.1841410294482,52.4648650402696,79.4789724536305,78.5405087639383,72.5075617708319,85.9162749272123,72.6235824169781,58.5670608220952,71.6567736902551,100.342286284168,80.7982873545822,86.4907513916008,92.4505298422574,91.7043852960343,83.3618978061396,93.4986295096439,83.5671625394346,88.9622494589816,90.7729199683087,94.8325651472679,40.3111836274512,47.1180461734762,34.5504288599461,31.2848415391665,80.321751143916,59.9927662589577,39.0870093596133,40.8850563284168,32.3024383509472,37.5728354040967,31.4162104490049,53.3264408565638,61.4470669812394,51.2508350055063,30.6770942743408,47.0670137891839,48.7015374487966,48.0921064171376,41.5400531934659,46.3820281898961,60.8415452720002,37.4084788036483,59.5309496617511,22.7183595051784,38.2319716067286,34.8415474421615,39.0015284066765,43.3379486984023,24.1441429766222,24.799687502034,23.9596319297837,24.4588620106804,16.9077169244144,59.4975629520921,58.5347792876264,50.7693525795181,56.4803083178976,43.2479260570046,50.0604564613831,53.6228043636582,49.2352194224554,53.4718961168863,54.91494198592,59.2549192106758,53.9114654413542,56.5822284285693,46.6864612190441,45.5682581530055,56.0842278057563
40.4095515775674,46.956536716656,35.0673837169788,39.2175287815579,51.0046241119253,36.4900257593201,48.315347468102,38.7556263113118,45.5883635479043,47.382160562667,27.1270943754292,31.5917644665212,28.5363855956606,32.5300604797796,38.3499756602623,45.4731535261135,43.1818659708258,31.3883718604561,38.1323581600847,39.6023818618981,32.2129772836698,38.5338379849148,41.8615287722224,44.1154457215379,29.4204121769216,28.4188154468204,28.6824882309922,29.5618158184046,32.5778518712883,34.0872847715902,29.812340368547,25.1344810162914,34.9292555962671,42.9535862032543,28.7479090991319,31.9753619271284,33.1469210459507,42.7520535591242,42.0735899018664,50.8493395559747,43.6857363418429,50.1220478415328,21.4417222491577,33.2963511529386,27.3786968985911,21.3701265422153,23.3340965137291,24.8254940416029,25.8121759921975,20.2040320022926,17.3301674869515,24.2684980695434,27.4682677637407,25.4582269002988,28.381043267976,28.3734140529298,17.6285883974906,31.8481485282057,26.3377592322737,26.0813793175017,20.0977770008473,28.7475411449571,37.1413854608006,32.0955889752745,34.0181788956039,12.5757224524304,40.7054033875965,30.1773971525302,34.2848693111891,42.1140531428215,34.7582314209514,37.4841178309432,45.9544794880805,37.2843493171212,41.2906308455208,31.1318693000448,33.2620112796665,21.3345136379119,25.2860803385301,42.5431665058993,43.9700400468817,51.5610356203274,44.5281587116949,39.2869136018252,30.186564950893,33.6066795789271,47.297580385342,43.547496385923,50.2488738338006,38.4319902621817,35.771959914376
125.623327450687,128.588039953807,94.7983422888452,106.191601640408,129.246685941849,115.303178580086,128.562184192366,118.841553409162,127.495937612217,124.92837416113,77.0664128344983,93.6075044406845,88.9241620597711,92.5268671215907,104.916575747929,111.014443134089,107.320170674764,86.1951985524524,95.0354304554891,104.499416188666,99.5550540051101,102.368908223836,104.634811245373,107.256775902663,85.3044111863506,69.0448922483626,81.6262719020722,78.3280229348968,100.533214759054,104.889728691435,99.3146037578704,80.5430796683007,84.1136489179796,77.370777677768,81.4177396628091,79.6109104219193,84.0672698510629,79.8112749210805,79.0190968240039,86.7098584059114,82.4901886390587,89.4515078007849,85.5058593344671,94.6524058331897,116.039424260997,107.746386518235,75.5207182057482,87.1505501355217,97.7369310501553,110.968857051378,113.484645156489,105.047927358167,108.192120037432,80.1868420439703,104.053013489905,82.7224888585417,74.8699551092255,106.997228060277,91.3077649038383,102.180295594541,79.6808462507414,99.4851250271086,126.148847659761,128.952944149547,111.724678910943,61.4108886868022,117.791498153297,115.148643188893,133.867477269,113.025648769896,120.125010108,123.022712100254,151.285191409758,126.692794482214,134.960326042555,53.3405913484845,57.0954209367504,39.7743947721875,45.2950656498887,91.284675151731,90.5388813167441,84.5896964025594,81.3936604523845,73.8282121007552,56.2427993262635,54.4483366683204,74.33130379708,81.11075000015,89.1740577895617,67.9522146664662,64.3895278458767
632.904329482784,699.312606969414,509.89576510466,530.822775344172,469.573426258287,682.439709727665,741.888354648023,626.458952577602,539.558479965703,713.839435362146,555.698705119613,790.316543565687,707.634012148201,699.430980550315,576.341349539519,600.801247070097,510.931028766479,702.990352728614,676.858047486936,733.86287102338,672.200064917337,540.116983456282,427.51228838771,598.282777833128,702.689543100042,770.845790259309,677.603060115984,741.814567988115,637.304227232078,551.628372724391,570.026315239567,769.088591941773,697.334661247671,641.9368836013,712.790052960096,693.573586084156,696.780975145363,610.174870597109,601.345427600175,633.410665410487,499.96288448458,656.697229731242,1133.72640268025,793.657586393832,925.094370923437,939.133884391127,1096.32782802607,1210.04684378571,1143.80932652342,1129.14304315005,950.612484660595,1170.78168544069,921.657802225653,824.960478230508,789.349793107959,582.026068952955,434.477694744001,855.66404961987,750.122700066066,711.837241574642,785.260132529178,615.6099609537,819.747738276841,606.963249287969,857.707079058195,363.461729023029,483.457279377008,488.102716105913,479.917039922391,572.092355430641,613.101463234071,488.716464691722,481.78083334278,549.235050965884,361.201126802954,493.152604772048,506.263526012562,640.785869416078,718.08803512101,591.498935639259,704.820041361598,689.431251236446,666.43928577781,591.879895083235,570.468955978812,633.996116980183,576.856659806139,534.983216975067,492.327748759944,612.683902730433,650.976666441817
45.9111101557405,47.7613889501778,38.8574985608295,38.2174817976281,46.3980672380192,37.7053656726664,44.7688151356838,40.3483109077417,41.1741548337999,44.8622322693546,32.9429736441327,33.2097668003367,35.7733496839685,36.8539921861964,35.6651974372143,38.631344727494,36.7662226597111,36.9099958842563,38.7994137235232,41.9477896512035,35.3793434086689,30.9624595484194,33.1892344055955,39.5637335479382,46.32606108361,46.927978284346,42.3412107093924,43.5630398262163,46.0132464327377,59.1256718324491,46.0151677664404,38.8115514447739,46.4613285626384,50.6918280248578,42.3372246246607,43.2614142542567,45.9782228749767,45.7041405298648,41.6248826411401,44.9038783155838,42.5953487908669,44.6994072887975,44.059196676604,45.3214396505844,55.454043294436,50.0304094264067,43.9174947887961,42.3039484518409,37.560791675383,40.3784223387472,38.8872808430323,41.2174437748978,41.9840438687629,44.0256435383927,44.2484791156261,50.7672880899564,27.9560031003539,33.942203515793,28.6564889208213,33.1395349844631,29.5347881543603,36.7189947416109,39.5691280923014,50.7302879343189,33.3391104260254,24.7134628470349,38.9303746601914,40.7394861559158,46.7746622621262,43.1487883703195,43.2218080547163,49.6782461413695,40.9663951844484,43.5984353756767,53.7237666468538,41.7876934557506,44.7783746901067,35.8112497764682,45.1624053443445,46.3901635301509,45.1478838269745,42.4011318754873,42.0016006182598,39.0791234548199,42.9022709641956,40.3922345893359,47.9425473905966,51.1551671798055,49.8434452944172,54.5957055869427,48.1034305448592
12.32652103825,13.8781743216621,14.4780277171759,14.030409003747,16.0196485541411,12.6936238563302,15.4237455378941,14.4543128433797,12.0102255233008,11.2629725927651,7.88701700876233,10.3257128995634,8.9197564556496,9.05154134885126,10.469263428422,11.6241662550676,10.8407875107279,9.5529827401388,8.27301845223351,8.90258718037317,8.0362901223471,10.4145508067337,9.88555629498439,11.2485598652527,11.4330579984017,10.1856766717742,9.33976977078552,8.66715037984854,12.1318562958183,10.8869081318956,11.1945936725267,11.6719489679876,11.2123744097802,12.4165741508956,11.5241256446592,7.97895437287748,9.00844968615031,12.2786576801662,13.7525861729092,13.8623122604903,11.518425659264,12.474961875695,9.73267740353071,10.3423790606113,11.4800569197712,12.5405533002222,9.70834672469023,9.32044864018073,10.5577622103424,13.3557850672828,9.56575553043202,11.874229412598,12.1486914448811,9.85903795622586,10.671272268759,10.8469792154057,7.29369958551147,11.3743387600735,9.85678715734993,9.14541872172137,7.28675946234908,10.4476017586997,12.6734905024034,11.0551473137057,12.2171886135227,5.33717663763626,9.78750612674735,10.1579936361097,10.9896520924869,8.4228106285643,8.64562682462491,10.1231511278794,12.0194802497159,9.45468615538907,8.94426128107721,7.97134487810065,8.30614904846565,10.2205542720985,8.39204695293245,10.9879701571528,11.652689354655,9.55207704903652,10.2404171501915,9.66071645946521,6.45913398512557,9.65256330227099,10.1090573164029,11.4024085244478,12.9919120475722,10.8397921252307,9.3445119776329
16.6243680402532,15.7482480768642,12.7253860704082,13.3674299180519,12.3875866741455,15.4590441554743,16.9819154937404,15.6427283774713,16.3036106473059,18.9311797663393,10.409801417888,12.9347992840066,10.2372147367427,12.6270735828228,11.8490227717025,12.843972632211,12.7794393776129,14.1869981961981,14.7791565350257,13.4623368921619,16.7331158209951,15.561789387803,17.3544742895488,12.4823862754726,18.1302674034999,15.1222309610181,14.8126537968263,19.0173822442486,19.1933602033878,15.7822626849962,18.1352417494932,16.4644114235082,15.980759660631,16.231178540816,14.7163500515715,21.2371184076902,20.7528246708048,15.9458834406425,18.7691721969425,20.9849748264786,21.0773142703972,21.577874896288,10.9684664041169,12.5600993300639,11.4569316252566,8.62802863538244,13.5136779970241,10.6915127672503,11.7497801422528,14.5935801476256,12.8622142706919,14.1346666613612,15.4284561006769,13.4109206972555,11.5385969510283,11.1586871444379,19.3136134112742,21.3896401476071,16.0156893263134,18.9016610889306,15.021509948683,16.3375204317093,20.4731814491715,17.5434489338851,23.2389922351428,15.7930392443055,4.91575598412373,4.44245393217162,4.14228083887364,6.18441341291736,5.50403096343295,4.84081768994621,5.58825701743459,4.99618502315647,4.76435068376284,24.3843836405421,20.9984686057224,18.2740651488821,17.3260955409473,15.7091749169844,18.0801116051687,25.3341936466401,24.8252429968937,25.6080170402372,19.8515111778223,18.2630437500723,19.4249424433649,20.9290804125512,19.7199026094842,19.80468581805,21.7942490878331
0.380871635558681,0.409385673205371,0.109130862189768,0.236657501268022,0.322814076657755,0.265140968278438,0.27874238923905,0.090339455271123,0.217482462178689,0.161824318861567,0.798251003981013,0.264596393051311,0.444279057177949,0.54517329503426,0.307919512600647,0.2259036083532,0.381059119524248,0.265845862539863,0.525927601606273,0.242348206576825,0.265502749611721,0.245048254276088,0.228128222191947,0.653822542167813,1.42913224980021,1.1480268401431,3.75801387226873,1.53131644470519,2.41788744357218,5.93148787875689,7.06396819977619,0.464225243044961,1.81898891911825,1.5132699746404,0.540843441807112,0.297722178092443,0.45216156725851,0.334872482186352,0.582736702241916,0.333884586499846,0.245820059801367,0.222200338752837,0.835667818441085,0.821280902619009,1.56921641349391,2.73332876013006,0.579094366034154,0.991713156714558,0.139735088078062,0.579204964652571,3.1057647826078,0.458934633136544,0.87867894098197,1.37281626297136,0.556592802832535,1.54027104858762,0.351025400546524,0.0392218577933567,0.13804801368224,0.240114285780174,0.154679226132175,1.05141469928315,0.512800193738864,0.713235310561656,0.365652252849956,0.30021618586704,2.26098978741915,1.58301579657622,1.26220955586525,2.44685001500192,0.693055938949606,0.778547566662214,0.641038946651516,1.00959605207111,3.0631031784511,0.753510212357773,1.65412094339039,0.785839120431629,1.50250622301411,3.82365261878944,1.88622669409883,0.0336340741163258,0.423741399318271,0.141012563057457,1.97728591381395,0.472778610723477,1.69246660953351,5.20993027792589,4.53301460430272,6.6838243934229,1.86160199554405
132.60549771531,130.894109450973,146.97162488453,142.011742950191,127.825093451767,145.242896718087,135.951644931093,142.359172102617,131.115595971131,122.533374241979,131.685950848588,132.143618145046,131.995307887569,123.180380082649,125.499875457964,116.678848174609,118.23637235948,126.179071340121,116.605414237693,110.447898845139,123.631033226925,122.961538271927,124.935561524531,111.332621266339,142.002522773942,142.243752253897,143.724687895819,128.207653187323,131.601795836618,137.492639850835,139.931223623838,149.332307772162,139.884999592769,119.131596726652,133.754743493067,130.135554932919,123.159419873283,135.284017836857,129.357835619335,125.096885364001,126.781695842555,134.246461235246,145.42596408317,123.442621704277,125.902362371494,122.815524851237,152.444547996023,126.236766131584,121.41620618405,136.24706525283,139.885509267525,131.60719829906,121.552624352224,124.797016988301,116.180638721787,153.853553191315,92.5245740246715,129.174050893797,124.124241952896,117.743314318024,115.981272188934,125.948168284319,133.062126843066,102.482642068673,137.23744967709,80.6617512452164,138.316050245367,140.519529849009,124.144302558433,117.570672672762,109.065636737378,112.617820260261,101.974873035957,104.838081897376,91.6578490294279,154.54851381348,146.230128149096,167.57527870403,162.638969342628,144.199600008534,147.810592010411,129.87730451871,135.569351473058,147.328298814396,149.708225678509,149.490626799885,146.352619383851,139.479760104944,131.985693878464,140.371451969203,150.396635100009
15.5553549693417,13.3901865992013,18.141914530427,18.3014007373454,15.6254118630228,14.0690426292746,14.8436516545111,16.7688096874259,18.2155087103395,16.0782170248099,14.3989343704364,15.3137083183971,14.7801389729477,14.4467455160574,14.5718710435811,14.5499469690789,14.9109774971972,14.1351391470374,14.1479043707713,13.6184854450875,15.6402481811502,17.1512336271012,16.4191485785618,11.6550019697589,17.8823868787932,15.7427019521689,16.1815656147101,16.2169216630087,19.0266532270152,13.7235108161922,14.6948497796531,19.9109522636577,17.288314252582,18.1188858296943,15.8442166444477,19.3787365720371,20.5097008742558,19.2369357794628,19.2846999328591,22.3677639433885,19.7716585813379,21.8391190088503,10.4616959600021,7.4076744537501,6.80957333118805,7.93893802801819,9.18750243900421,5.79392188132357,11.764141804083,6.75318917904625,6.36743895730251,8.01207129124498,7.66131629671844,9.77797475525244,8.45365863649438,6.82274992649021,9.30732767249384,14.7756582679133,14.2393478988168,15.8618443393279,12.9096650041437,13.0548440319854,18.3780263718955,11.227037023551,18.3585923314017,9.91480632502891,24.5283249471745,20.4283183697282,17.7306833468882,18.8600375867869,9.03081410103909,9.30679420158298,8.38639201956846,10.3865893516615,7.74107435258162,21.2862669147848,19.0734624411118,21.1483280163817,22.4712631924395,21.2683633349549,21.4040622016584,19.1310613573661,20.5747636438986,19.8702294083295,24.8224079651506,21.9077728565747,20.5648415760561,19.8632382540248,18.2382180098175,15.8188128480492,19.868768592442
63.6691608410478,67.3439432422835,73.7724628402832,60.7533613969478,62.1820615162001,70.1960713517165,59.7747568034852,78.7760049964192,69.6088145945058,59.9720925700969,60.7972297670962,69.7907559372273,68.7607279263103,56.979626192194,57.9448537348489,56.6952259799051,58.4822416548631,56.3898924032193,50.6809281653632,54.9699430661137,54.4229774108316,57.3106604688201,58.9331240662531,56.1988596392898,72.3929405157418,64.0686837980302,56.4254729939172,68.7258272858529,63.9255504818118,48.2778064055782,61.8396538166848,95.1661748242169,61.313764895118,64.7213927615431,58.9935384986527,66.2729568433779,68.867684859373,70.9929662235065,69.4233657937536,64.3048571000173,70.2343028003905,63.7714972220642,59.9249524424285,60.1778089644853,67.1046492612528,55.9846129474204,82.4017218492128,60.8006836527678,60.9400245229324,71.7873447366452,62.6122180173732,59.9345229110331,60.3614229022397,62.8787531874849,75.2503090076621,59.8296537776064,57.086729971406,51.3021899937106,52.7020152042178,52.9531034628065,51.3229881265092,44.1860354635452,52.0858482497617,55.7750012859215,50.0775222321072,53.1716222524512,55.6522150695285,55.6465271817542,43.8874779356922,51.713233970906,63.7175668009958,53.177034840427,61.0990246027226,63.6341485588795,47.7844095838371,55.4424882566404,60.4253635732974,75.0817640758005,63.4717262990349,63.4323844969701,57.7185368394243,47.0204356146235,58.0878834898796,56.6084087273927,62.0428380067844,67.173960940294,48.9443046540773,50.8660635594161,53.029244116355,48.7147970212939,54.3514778699039
88.8924384994912,85.4850505790331,91.614631269229,98.3399819126243,98.1181280473373,81.0469654785116,96.6941862581973,76.7302680318047,99.77972737831,95.1018866544791,50.4079416669889,51.7785331851676,54.2321192503496,58.2291550611561,50.6172091154425,54.8678924230157,50.6050861545931,58.433138940153,55.1250685398088,53.2293459614431,57.8524726976425,55.7003871279083,56.4662975569508,56.0301312413111,92.8354453385736,117.018263073564,128.730212545466,105.359102768945,116.912069139968,200.82741561345,157.479796827926,82.5186896669163,104.627292285167,110.803955650823,104.201809732476,112.342486681403,100.327347626269,97.5431449333835,98.3962576469521,103.266403365337,98.2672712486244,109.467949173751,67.8386260001959,86.4740714038684,104.358672820974,105.161496960434,54.303722565491,70.6738261866116,53.6202348257766,67.3438205313517,132.614292758483,67.5773663387915,63.5063294423108,71.257182732418,56.2411727589421,117.367740472548,73.1970433067678,78.399394887407,53.7645344649966,68.0769162748383,56.5823448749116,108.609807531267,88.6624209257442,107.282002473442,67.2269150827147,61.9656214835765,71.6149547129888,68.907528362909,79.5010637587755,106.425741402509,37.7255089526712,45.5521473141868,40.4038835087617,47.3141270347446,85.6174095615223,100.23351478512,113.672642935117,96.8276014188588,90.4933845576125,106.093480499428,90.2240910395733,85.7874057818417,88.1586918925007,83.2814773857224,114.476945266172,78.922903398948,86.0939467333379,98.995144732237,111.939729663117,134.606224979594,111.394248193366
21.6275064199232,24.9708885228348,23.0106060622532,22.4087607129243,25.7242467336649,21.6653313704519,26.2352336751794,21.0843254657274,22.4760730979296,25.0500809111329,27.2487595705419,25.7303858315994,27.4212451621439,29.6526413774264,23.5852350310613,22.5826844991139,23.6717115648131,27.0917131663056,31.6884415185929,27.4909772466309,27.8238743577769,22.8440108842526,23.0010280025031,28.1851122092435,26.8011577259947,32.1264795086033,25.9921924177269,30.9557525350972,25.8624876398513,37.3743802061722,23.9815733968673,23.5312459804897,26.7167123622187,33.9259607596688,28.3734790240346,25.7958403986417,28.5056564663372,22.5082678498877,24.245731724612,26.790561268214,22.1030862627969,23.6030722694924,21.8679463975192,24.3665577893399,22.37207063617,23.6894890786084,29.4472891565815,22.7902390651746,20.5965638296838,21.0895341806056,22.9435267550369,20.8921432756182,18.8484273527076,26.374021981566,22.7901399215748,24.282961101436,20.9738965466051,28.3927028566109,23.5346691425532,23.5135113365015,22.7817772461306,29.1335035029218,27.5798595626868,24.217904970121,26.8320544552965,23.1713523722978,21.4797823411846,26.9805949947137,30.1148476029557,27.2277940900137,24.5504171477306,27.5683083526709,26.8927857600561,26.8648741005714,25.6124435369367,29.7009930652097,27.7634902699255,29.2525843024884,26.8743393557357,26.4874479147278,25.5629824814026,34.4631540432932,26.5975413995423,28.1987839139106,28.7936768738285,25.7455532291225,30.6473683347961,25.397854136388,25.5071169721537,33.3068679933275,28.4179019919787
1.39343281301957,1.35097272157772,1.01855471377117,1.11567107740639,0.807035191644388,0.430854073452462,0.991084050627733,0.722715642168984,1.00986881277003,1.10040536825866,1.98059619950982,1.62875828475255,1.94799278916485,1.80337222275964,1.65156829485801,1.16972742189359,1.63155664877175,0.600473200808724,1.25138094235465,1.69573089149965,0.983343517080447,1.1027171442424,1.33074796278636,2.76820027933953,3.44962956848327,2.33259771109333,5.47122607874418,2.08587021589716,5.47206105650546,8.18395163018356,9.9973109268019,1.1605631076124,1.87567601650599,2.01769329952053,1.08168688361422,1.0717998411328,1.07823142961645,0.558120803643919,1.20432251796663,1.09521654428253,0.66722587660371,0.952287166083587,3.39338560812756,2.74924000345364,1.77569225737469,1.5995603699263,1.63508997468467,2.04701442097427,0.815121347122026,1.70354401368403,1.92557416521684,1.86347395891137,1.5663407208809,1.09544866180287,0.97306434061632,2.96864694316368,2.3710966850426,3.56918905919546,1.93426199593157,2.82266009929672,3.07780092814022,7.31997575450297,4.32217306151328,2.78161771119046,2.41753555603276,2.33501477896586,1.28982638879616,1.92779441269235,2.24060867905074,2.49390482298273,3.12788937964072,3.98421209049071,3.16512979909186,2.34311787329207,3.92077206841741,2.22087220484396,2.46939566305736,2.17990842866437,3.04165893927246,2.05269772166591,3.35329190062015,4.50696593158766,3.63711367748182,3.18634156908677,2.41668278355038,2.20630018337623,3.33919087826882,3.51776433201049,2.32540059995456,3.04199699957068,3.28517999213657
76.9257089593722,73.0016532459817,74.4272480134218,74.5582696102009,72.1929295509529,80.386433041288,71.6820122442457,74.0453794211469,72.5904522642094,70.644730047655,86.3684950922319,88.0147172663049,81.2282235300863,81.5689532518722,81.2960699363338,78.7402014047673,73.532082751278,86.5270964670812,76.9627088013494,76.4463748069567,79.0726867122672,82.1833645881608,79.068101170618,75.8394603196387,90.4300679208927,90.6960642027309,96.6030624812608,94.296438335977,90.3539086216149,73.2050719213667,84.6490874054876,92.712412825265,87.4069191860716,83.5790647532157,97.1442188503096,102.593871681944,97.4672518050639,89.6103879109246,87.3397999497488,80.3466502836299,86.0517701340665,86.6581321136064,86.3523412389121,77.1881860017271,76.0677656441173,79.2748517576952,84.9735821218939,78.4794841552713,83.8814207611706,88.5958728108628,80.7449151241506,82.0812608636393,79.3007744236228,84.4122066222763,76.1325540098209,84.7223292896768,61.1590885279667,80.1306476904057,83.648352367346,77.1910975581275,68.4529232409225,81.3182761091149,79.5660780605221,83.7373916364912,91.0038089790747,55.6737573748831,72.9905166205696,75.3715713205444,70.6282533897346,60.656470775738,77.5228053090482,76.8363432696215,75.3749619446519,77.5325372073014,72.8828644074298,87.0506553277598,83.6358120517464,90.6988424759745,84.433520434744,82.2141661604638,83.5699024242802,81.6931299396614,72.6006732986976,82.7116646008677,91.0302889001667,92.2304393442871,76.0242278300215,78.6446759011923,76.0309947029924,76.4788037211783,83.8465538793042
81.3725460852289,74.4332749451809,80.3501436740012,80.0734036361797,70.6575450988495,87.0013687736246,69.7456817803318,85.0369809439844,85.2433871533516,74.1417535782535,91.7514726201854,90.1502344966343,91.8317976124403,88.2757639087854,91.4596532667922,90.8403005046178,86.1287877842284,94.2005980886887,81.5691810924838,80.7065453945806,89.2065502817383,90.7640355219559,87.0039215932686,80.0915038280781,100.740517896865,88.5146965765734,95.3220218700963,85.27001479308,85.9915306444752,73.2636359789037,90.6247255893999,90.0659973504494,83.7601881930914,75.703464580068,90.3341678511245,92.2837526546022,89.192347307643,86.9756856371896,89.0118657940482,71.2206801986425,84.3949429310053,76.6353096905767,66.6889767881237,60.4736795553332,57.0183042876768,68.9756024478138,78.7231100499171,70.9882824444719,73.9485849169551,77.2305085691684,87.3844190764095,75.257912611765,77.7134218150227,75.6468646099945,74.9603358341584,76.3022189503073,91.581547636566,76.1872821078616,89.1204590440554,88.9307290884425,88.2808007757636,88.98761434281,94.5178665665367,86.8649284733041,90.5427504123171,91.0632413648897,76.9301775169367,94.3989021738179,81.6605837427748,70.215184468959,73.9229209365022,64.7210860964967,59.7344129450382,75.2490249641194,64.159146555201,68.6765070915766,73.1038395488067,64.5792511561256,67.7637635878011,62.0353425769892,69.3590705109396,57.707662665086,60.9502566422745,64.3491849052294,71.0671709174313,77.2961509958837,63.536568792112,71.2763748181777,67.8875429063255,58.7221102493181,61.5343414127109
13.2840594841199,13.7516741486416,16.90146039687,15.5717255012911,15.1492610999526,14.760729130271,14.1966595977106,14.2126548005294,15.2414450567317,12.3449299886735,12.9608800584352,13.8644207578512,14.3143294691526,12.6132014888016,15.502627752124,15.2097463429908,13.4240855379498,13.0646591954138,12.7060354405248,12.9610364473623,11.8933702971023,16.7257685956144,15.0868797609608,16.3020632640914,12.3245408397426,13.0396099712969,15.2083505516122,12.6590744137207,17.751111552836,19.9080254563594,19.1906464898496,12.6882706607967,12.9488335841722,13.584120139022,14.1871555454341,13.4683558925459,11.593074767918,13.9757170037795,13.7661833626282,12.726416244563,14.3306071433917,12.4924204737399,13.8580647642686,15.095073168169,15.9981613355704,18.7161359764336,12.565325811707,14.1013161506136,14.7191507639116,14.1046630156983,23.8535158363409,13.6263283000117,15.4116465905016,13.8105403690812,11.9330123637581,17.2432715906376,17.3976641985995,16.9340371022818,17.3834510280941,17.7394778373801,17.6173851246563,27.4026619631525,20.2592705112118,22.7179711120099,16.6153765143909,18.3065158670924,14.4748869679136,17.1859164594575,15.3275416255634,17.1293617492529,16.1451809226197,15.3839372963437,15.0808418693186,15.9636209634078,18.925689298378,14.6498248655243,15.0214086485495,15.97444043766,12.3905458308122,15.665706024055,16.08657957025,15.2574250413889,15.3743973207652,14.535819060168,14.3441108125459,12.7543849707926,12.9167221945966,15.4340899215141,16.5093332159382,17.8462395807208,14.2956432457818
22.1141360330854,16.7438740340997,15.4965824309471,20.141243768632,13.6659304177102,20.2958782692938,16.5814555945336,18.5060374122895,18.9711069827513,15.2713609709661,11.4287474269572,9.95693743886467,10.4234701876365,9.8145065200188,11.0419937218592,11.1164314460019,10.9956041082891,9.93510204974435,10.7410197552107,7.7222878244356,8.01594508406268,11.2235163561627,11.6391018962332,6.72101451948849,11.7287405328431,13.2180536961955,8.34500139283203,8.01693428496198,11.1545207396797,7.65837675485067,9.45853369122575,15.9494529931876,15.4309781793485,8.34238575763296,7.9462382603968,10.5393651044725,9.17853199875755,13.7669798232167,11.5381867043899,13.2051823339208,12.950854264878,13.207905564524,19.0178753862094,13.6589225568411,13.4622250210267,16.6354278472335,15.056453516888,16.5716705752447,23.522073159807,14.3097697149459,11.8019061739096,16.7279290265067,24.4501966186287,21.508915384767,16.3649960804853,10.7282333376792,3.94323687838606,9.37402401261226,9.61831650031727,9.19095763799003,8.70728296764457,6.72106864731637,9.45017499890192,4.29082362833892,9.88685701861828,3.66930893837493,18.2320753663363,13.9435145491869,12.8756755567736,13.2694558505873,15.5519362852226,15.4412611641763,15.2062451132573,15.3091922521304,13.065972918001,11.8182128043482,12.9830347739531,13.4482481946717,13.9989604193022,13.6516473183263,13.7065806437849,10.9647081619222,9.90530832689734,12.6097772734072,15.774347623538,17.921067221649,16.1973628766437,11.4056432502703,7.58282804333007,8.4524671559902,13.8342579668862
0.60739379029058,0.777832779090205,0.472900402822328,0.304273930201742,0.322814076657755,0.729137662765705,1.08399818037408,1.1744129185246,0.721334866264309,1.1974999595756,0.495149049877456,0.245850307132461,0.615155617631007,0.72828493611447,1.06372195262042,0.548309729012622,0.543852216257252,1.25553487441824,1.07757803369428,1.05983180718728,1.11897710564327,0.765775794612775,1.14064111095974,0.65909530460465,0.295682534441423,0.54427279925511,0.497384188976743,0.827155430441977,0.424190779574066,0.825903375523111,0.718369647434867,1.09424521574884,0.625225338835329,0.155207176886195,0.249620050064821,2.44132186035803,0.626069862357936,1.11624160728784,1.24317163144942,0.563254222773874,0.66722587660371,1.65063108787822,0.447479420851987,0.261832381281299,1.44533090716544,0.575841733173467,0.919738110760127,1.61147943778826,1.35853557853671,0.783630246294655,1.49076709565174,2.08015697738944,1.45173042423108,1.35835634063556,1.81638676915046,0.856340464374137,6.62360704408639,0.862880871453848,3.36508593812753,3.91408867102479,5.8925419478924,1.92981178982351,0.43954302320474,1.21250002795482,0.863405555725987,10.2073503194793,0.872529615950345,0.222437816849117,0.355652171277895,2.35274039904031,2.31955841636278,0.650483606610727,0.400649341657197,1.35654192664278,1.22524127138044,1.11043610242198,1.45918834635207,0.821932686217712,1.17268778381589,1.5697100224504,1.00598757018605,2.32075111402648,1.44778311433742,0.881328519109107,0.92273342644651,0.472778610723477,1.32652788314789,0.687379237289407,0.353865308688737,0.814055535096379,0.766541998165199
15.0129880436587,14.9687777550812,16.6275419327737,14.8478916295557,15.0306269267809,14.2662412244317,14.4215117916968,14.3355164596981,16.5218144443509,14.785240717106,13.4302106221405,14.4553834336209,14.3782373027621,12.7966599322323,13.828665310895,14.9959055486759,14.1843909362775,13.3840017612985,13.1989404894856,12.993184678847,12.5427161023468,15.063422500669,16.7636221940716,13.1045722430194,14.9290111639475,14.7723413043541,15.0967154336419,16.1856336097703,15.5529549330831,17.6991093374603,17.6874580025922,16.6852500034138,12.5674461274827,15.8637255495379,14.6722505093934,15.2993472878145,16.38911773017,13.753957004465,17.6433248882111,14.9900723820887,17.3861504867227,15.0458197950653,14.9752717183291,13.0527805941749,17.9406860748008,16.5317763352623,14.690942778797,13.821267156425,19.4053222038184,17.4224853367493,20.5011533299941,19.0577048411829,15.8601548847246,15.6180306610559,18.9546446456455,15.002514042192,10.8959624514724,12.1944678065325,12.4638013735103,12.6816472941203,11.1095460510443,13.398882892447,18.4358995366175,16.5042650863967,15.7554245808878,7.79628077342717,14.2032647048613,14.304605271872,13.9380085923807,16.9613760847614,11.327879829728,11.0797685818513,11.8612237597613,11.1774944022254,14.7378146327996,18.172683400458,21.8567706740639,21.7190351902468,19.2932792982985,20.597815412544,16.389214164281,14.567590181263,14.6123690376578,16.0700086284325,15.0532973603005,15.4949249842864,20.2213165966616,18.5556003402636,17.7832483272177,19.4846334576727,16.755878039893
555.372298604516,537.769020322575,417.789317416495,379.936714178575,439.349958331205,477.850310079815,504.121096627113,539.552396606782,577.284293471327,544.538832969175,461.478914485789,525.351375053678,555.041243663621,484.968406982131,537.851410464438,602.080636437793,561.037946290981,508.000327884181,497.806290985025,532.671466292328,547.79015580809,562.385743563622,569.598149442928,552.585503380539,521.879673289112,474.022731522683,542.922474723059,500.824631492825,606.932167414574,683.247337932756,706.097499291188,490.453969277001,459.790714179501,464.108260683943,527.696785837031,544.057508246131,559.984710220154,411.000159803382,503.523359850498,458.332477831607,485.108329442297,451.95548902327,584.370833680957,562.241400071377,737.985961198676,665.673043548527,550.616548975063,567.76340408129,673.212602118306,724.380985498725,845.327058530191,685.281714238733,740.306109493418,568.800763154524,772.386038103214,573.633932402089,455.327881898343,494.077742622915,429.777117452193,497.20216762412,367.257938100561,591.320950495577,671.841510968446,862.230166937986,559.270948721508,327.369072011014,589.867956452692,508.233338530758,562.037126270457,671.283890654181,572.438901298742,577.873374022805,605.781804585682,659.484913003943,783.60305511136,484.110482223755,586.705960490945,643.001514048491,528.002674663104,632.552890072577,562.095554841453,421.031339788166,426.001353447968,499.814962087069,526.441389631221,476.166857433662,432.631059269405,606.632393944293,679.219183934552,645.546039331429,449.996654922884
9.71830064464927,10.439334666737,12.2954104733805,9.97342326772377,12.7108042683991,10.0422141735458,12.9460354113248,8.04021151912995,10.2790218442664,10.2920266795957,12.4140940362134,10.3871754763465,13.3625470274291,11.7219194479377,11.7289341617883,9.50403530288545,9.97062396471628,12.2278179073777,12.0271612792974,11.1988894292789,8.98572524228684,9.80193017104352,9.99962040608037,12.6546298484093,9.80680405897387,12.0517548406489,13.7609625616899,11.7240291445254,11.368312892585,19.1459418871267,15.9238605181396,8.28973648294572,13.0046870477748,13.8910423313144,11.8985557197565,9.11029864962876,8.97366802713042,10.5298791620819,11.6547340448383,10.5140788251123,9.30604512105175,10.4751588269195,10.142866872645,14.444419700685,11.2322859071143,12.2206412262369,10.8324710822859,9.88664411832255,5.89992594107371,10.3234767229252,12.6094050173877,8.32062790955775,6.68560063790629,8.28159188322972,9.63333697210157,9.19138765094908,17.448178867107,18.8657135986046,12.9834024384448,14.7154679843336,15.4416166223787,20.2962964102128,13.1130335256081,15.9764709565811,11.828656113446,18.1464005679633,9.44608149441895,10.8994530256067,12.1277390405762,13.7870587383762,7.69671656338559,10.245116804119,8.45370110896686,7.97482223541513,7.35144762828264,10.1525586507153,11.4116011701893,13.4010764057236,14.5120113247216,10.102492708591,13.7484967925426,18.3978385416302,13.7715954778438,10.3386614741645,13.8849410836713,13.4741904056191,14.7747760778196,12.7367329262449,11.6270029997728,15.3813651105053,13.9802659665367
9.32528113328478,9.62056332032621,13.0229495546457,12.0695325646691,9.68442229973266,12.395340267017,10.5612394145018,11.2924319088904,10.8560897372779,8.47959430834613,10.00908436538,10.2642503227802,8.23625021383737,7.80305288694075,10.189336598785,10.3813308693056,9.02794678987038,7.69697466491183,7.29972216373545,9.18520899562311,9.22308402227178,10.6595990610098,11.9006889243466,11.5121979870946,9.70824321416006,9.87466364362843,7.57129265442376,8.6311871002641,8.9504254490128,10.6616617567529,9.75785437765695,10.3455911307163,11.6708729915928,9.93325932071645,10.9000755194972,9.22938752086574,8.83454139105088,11.4600805014885,11.4216393639416,11.5780034681296,11.869597173266,9.64984328298035,8.65126880313841,11.346069855523,10.7780390505766,10.1732039527312,9.84460422258062,8.4493786738087,10.3636856991229,11.9248080957882,9.06883316521477,11.0508339423814,10.2385198340508,10.2533994744749,10.5090948786563,11.0753366725722,8.65965745841645,9.84468630613254,9.30035562427372,8.31743842592767,8.3653050867401,9.18324231019464,8.05828875875357,9.20073550624536,7.85699055710648,9.97384884158276,10.0151225482996,10.08384769716,9.74486949301432,6.77589234923609,10.6488818205746,11.2614974394482,10.6572724880814,11.3045160553565,11.5172679509761,7.6540774202658,7.10886630274087,8.54095269591448,8.64857240564218,11.1489660568913,9.59879806552518,9.08120001140796,9.64011683449066,10.1352779697547,8.39248021196588,7.40686490133447,8.55381772926397,8.69332564807191,7.0267539868192,8.82607580157127,9.05249597833187
9.46819731923551,8.14677489678688,8.07568380204284,7.40399896824239,8.27211071435498,8.91536505836249,8.45518580691785,7.04647751114759,6.67234751294486,5.59912143261023,6.79061554117654,7.31404663719071,9.2273342644651,8.01113429725917,6.57828049646836,5.55620525399457,6.85253792484137,6.22308589929042,7.96017321664484,7.80742764627964,9.76561837652306,7.38207866006715,6.76780392502778,12.2591726656465,13.1578727826433,13.5290667243413,19.0111290008889,11.5442127466032,18.6219752233015,28.5312075180711,17.7197846367267,11.3735184546015,14.2968194147012,15.986339219278,11.8153490364015,9.16984308524725,8.3128165057526,9.15318117976027,9.67342925721581,8.16718623022117,8.32276488184628,7.20563955669914,1.82720763514561,4.49478921199564,2.43641495779318,1.7275251995204,4.87120554958141,3.70204735708113,0.815121347122026,1.80575665450508,1.18019061739096,1.21342490347717,1.14610296649822,4.64470232604418,3.37328971413658,9.59101320099034,13.2987596682824,9.17791472364547,8.2669827771322,10.3497536974213,8.20746914170727,12.909775421578,6.22685949540049,7.48897076089739,8.28869333496947,12.0086474346816,2.57965277759232,5.1160697875297,6.18834778023537,10.446167371739,13.1793091838794,21.5066142435672,14.7438957729849,16.2785031197134,29.8958870216827,16.1013234851187,15.7891662092455,13.5440212207179,17.5536702639941,16.663075622935,16.1796334204922,17.6915229851874,19.1036747525987,12.4741882704674,17.7516335373519,14.1833583217043,15.2779418265998,21.7939652293524,17.2888479387926,23.4362304051431,18.3605059560521
21.9019054969485,18.9545566694087,23.5722662329899,22.5838872638626,22.2338195298029,21.8409872619364,22.7020190346915,23.7592767363053,21.928579934435,21.68445872745,17.8253657955884,17.3017153644469,17.0193054211245,15.7101464790407,19.8188195382962,20.1046900637961,16.7506482607233,16.7040726770427,14.5646837457388,12.9299480476848,15.2587787133173,23.2795841562283,23.4211641450399,20.8713513124806,16.5089415063128,16.9890866624631,14.4241414803256,17.1904476413593,19.1734232367478,16.8934781357,16.7020943028607,18.933758127048,18.4233066510144,16.9951858690383,17.3901968211825,16.3151753594659,15.7560915360081,21.7295032885366,21.0173703941918,21.6227037742637,20.7191193261152,21.8391190088503,17.9364667858171,15.8844977977322,13.6274056961313,14.7159554033219,15.8739985042303,12.8047285056689,18.0879308456602,16.4562351721878,15.8394003912998,19.1981154371567,18.2230371673217,12.7072044769133,14.8554489334092,15.7566645444841,14.9739910218451,16.9046207089368,16.1895079385506,14.6778325163429,15.4416166223787,16.5697632988295,16.8491492228484,15.1205885839071,18.9949222259717,10.2407076734646,22.1167289608283,20.6125710280182,19.7031302887954,20.6570607035739,17.3966881227208,16.1807797144418,17.868960637911,15.4152491663952,14.5803711294272,18.9567306056324,19.6429200470471,20.5125809516942,18.3598931153675,21.6539485148286,22.4251395853973,20.2140785439118,19.6686632850231,20.0332751843647,13.8410013966977,18.359569383095,22.0935506055321,22.4813444666418,21.2319185213242,16.9666311525351,18.2875019562269
25.3576188732371,23.2965011194248,23.9433111644351,26.8951107726766,24.1618266026413,25.1390094811098,22.5759655320023,22.9109892513095,23.5274186655098,25.4776207615652,23.0198330066957,21.8195220708898,23.205720415767,25.502110846275,22.7499333714247,24.747776849075,22.4846634607956,25.4169388207773,25.9091471998183,25.5253425215675,27.338306110722,22.5894670101233,25.3823064284834,25.3826389740645,27.2993827965285,24.3647606249402,26.3077550531777,22.2857250928819,24.4541742516654,26.9762567083362,26.4629418873819,23.9268322054559,24.6976513346732,25.2801449712234,23.8957113592885,26.972438446463,28.1766219720091,25.7773674370981,26.3672818119074,26.0949423030883,25.531222582484,26.7138770120321,25.5727031026563,27.8358368413171,30.0191099901385,36.1142342080479,26.9105151896071,32.5296723591803,30.2266403163969,31.6440114717864,27.3375627694704,34.7316876658123,28.7232505120563,31.5493596393875,27.2805074987389,27.7380094283641,56.1532395156208,30.736208859764,40.7397971126662,38.1902147888047,55.8584040070276,31.5783754049258,20.6592546623281,31.9401036775721,23.7522868380219,72.0772361971183,24.3564745489026,22.1051287790758,20.7238520203629,20.0429954594244,22.8047737152952,24.2890578708446,22.5593624806918,27.8617268799983,23.1987182323172,25.143446033412,22.2118398383429,18.1915145182229,21.8167568230973,22.8634302116141,25.0587312118468,23.0541397622944,22.5681138098583,22.8399675452199,23.7208400127214,28.4581205081485,24.0755662323182,22.9321843781581,24.1487797086585,22.4769302245743,22.1596341069585
19.2240134626968,17.0996301841151,30.227066209322,28.5544179387101,22.337927069525,24.3054725620844,24.8257263269273,26.0344759173086,22.5597479424163,18.0505318230947,17.1618660687526,16.9188035110881,12.9397984168682,12.369746238729,18.6011378293754,17.1825647479782,15.7633752041443,12.2589333368741,13.2736757402096,11.4490097357751,13.165952441793,17.4198677758514,17.3160727054798,14.0536694816501,19.5125832520136,16.5544459556294,17.1796498872567,16.1273730968435,21.5158047215558,21.1055853508679,21.9833084942527,24.6135539757031,23.055392777999,15.8419965447739,17.4367925638613,17.7930682515168,15.9546948090116,27.9253883700556,24.9834763896503,23.348765048053,21.2785355479203,25.5708149836765,14.2790683193869,15.188460050826,14.4706530425404,14.4677036339094,14.5526414184383,14.5425130885811,16.2081057579878,17.8282695208089,17.5643421515601,21.6553008666979,16.1359836653285,15.8796238014944,14.5148764141934,16.6683816922211,11.9531622995207,15.7891510732937,17.3280728421832,19.7123290694486,17.7155064704851,15.5057050050613,19.621933127565,14.4280370973517,16.3533329282281,15.0428323531778,18.688066930846,18.7726395529812,15.5452007543855,17.043251450648,19.1114041096048,16.0746695761135,17.4054093496136,14.6198223094092,14.3628908037572,17.2625223807943,17.7983563169149,16.8749927721246,17.684498244876,20.7692760457655,20.0820268698389,19.4411675207186,18.4256885136895,15.8683199865595,18.3237282617487,17.7134386151063,17.6295555670354,20.5202919367279,17.0355814821453,12.743825176793,18.1944218564497
4.28176893108371,5.15007176892357,3.67407236038886,3.88219726722956,3.91250660909199,4.227009886779,4.46824049950197,4.2793799961931,5.33066466169325,5.09066942274719,4.40258240919612,4.81098319769835,4.4820921806837,4.06764476937458,4.24117139582945,4.923455826714,4.52158732596279,3.9369206583932,3.99190520611133,3.84047719197765,4.48269010200121,6.34797502702206,5.60701148777442,5.05306400196898,5.10791578247559,4.42843675451069,3.85030627177886,3.78765260583256,4.29153811695083,3.87799175870624,6.29471403564802,3.97376808046486,4.31405483796377,3.22792126129063,4.83680450342268,4.54919488125253,4.01345563430457,3.87410253836032,4.64169207892428,4.54640033482312,4.68252096770204,4.51352373818084,4.19735696759163,4.4389316373223,3.92304103373478,3.26310315464964,3.45889658394753,4.81266156420547,3.24922895083737,3.71372594983119,5.33694620243324,4.26042150931574,4.43580051467028,4.59255896974236,3.80468157180981,3.73193174374249,7.62591084931798,5.41300859406116,6.52137756765313,6.34835074065828,6.43470841908017,8.31815426648065,5.34777344899101,4.42491186672451,5.05092250099702,6.78355150643569,4.75794193184749,3.66355084350496,3.9320904056484,5.74068657365835,2.77644113473727,2.47183770512076,2.32376618161174,3.08304983327904,2.26669635205381,4.70904224291379,4.60617121331805,2.81779966557681,5.60618053650483,4.62863211748195,4.69460866086821,4.39933689441541,4.19256802842152,4.22291949656202,3.1610210808839,3.66403423310695,4.5490757923813,5.3550885992123,4.80245776077571,3.17053208405958,3.93564563057961
120.862074715739,113.014190173728,126.030503738935,121.612880587322,121.756995845793,120.705094382549,122.690630619929,122.815134349263,133.155530972926,126.397738976393,126.486178469089,125.543152024307,124.957585868749,117.361036640744,125.489518165267,125.011328356504,122.843163199323,124.342715115103,113.453324686228,113.385752614662,119.284993965401,128.254886874608,123.095327198849,112.088823279155,133.643577525283,133.871670302498,137.073003341903,126.243338856421,137.248623494308,119.282221241801,131.772938994469,145.077351830196,131.379850900145,121.018139961704,132.465039901065,150.161539520129,151.585774157055,137.53250051447,142.712218379045,138.874709491076,134.800346193276,141.150860618408,143.009202311052,132.546533601428,134.640007132841,127.287255821403,182.799652732299,170.24191422775,160.293612911546,150.677445883945,129.135215049006,144.834829845072,147.601634609118,163.924252290576,136.878365956256,132.377105238455,107.060943071386,109.661176641602,108.756397911521,113.490130080403,102.451838040628,107.650225255086,115.248180684283,129.465047102531,123.374178371576,97.8594686658398,118.696652789669,106.810932353999,111.475972217515,118.21438244594,139.355203724382,134.988764596112,138.398305335354,137.131179071074,126.7236415957,147.187115623067,154.571821529075,157.217497409536,141.14470166008,136.959614397294,134.259520278517,120.991518477918,127.656687076455,132.773497293816,137.412143675805,149.76799025151,128.515851012999,127.100060041362,129.98989353746,119.19358299853,135.214723296349
42.3264149216315,40.5787173137896,44.3009459668551,39.5403972297164,39.4224585590409,44.6981272847998,45.9667879818801,46.3590465642058,38.420819649269,40.6198459260798,42.5113753551217,47.929439314125,43.4016210957139,35.3155769592422,40.2190471017483,37.0785315749302,41.2388632862107,39.0815253322718,36.6133207383931,42.278810452315,37.0764586855611,40.1000026400569,39.7471603662067,39.2236403707622,33.6816903024466,32.7247908214987,28.9449965529522,31.8587904854623,32.6614174548644,28.3412497417008,29.3022979188682,37.9335025565003,32.8931050761267,30.9149415280766,30.3945693627261,34.064180728625,36.3812675182099,34.4944702289445,46.2797834186485,38.5031199117841,38.5196521993602,37.903886071625,24.2011786777449,26.3503744648478,28.3243562635651,22.809730875149,23.8781045740565,25.0602473975402,23.3512858299339,31.4603694271113,25.5915018086883,24.2875661751695,23.6230923111392,25.4104653386442,30.9411755481375,26.2633911487119,29.9753012011483,29.2383261106357,33.1068813158441,32.4797852305875,32.5094695984124,28.5871671306994,25.3704232993776,27.0729859182993,34.2323034734239,33.0414598429865,29.7502250182861,36.1031405933907,34.8375527853549,37.6546689904805,29.7160034513215,34.8260791934301,34.0936563776609,32.463281524495,27.5679286060599,36.5416760404514,34.1655856018307,38.5568623104728,36.6966989399911,40.5222654744318,37.3363903444799,34.3975675987664,28.5110869352971,27.6218527064015,39.0065783171124,37.7135497774118,38.1815892876681,31.0630720738361,34.8577549933188,30.2802952038955,31.3548529049488
51.6284721746993,60.1796939611895,61.7316910453455,61.192868185017,57.9451267600671,57.900158947804,52.4035691769414,53.4809575205048,52.5853117506681,58.0625656075304,57.8617032571084,67.3629841542943,62.8825742467251,73.2793366671369,44.900263473767,43.4626845197338,44.8496794340147,82.3740054563968,80.2621832193578,80.7238559807646,77.378962275089,52.1033850654532,46.9183710308105,56.550377135079,61.6005280086298,80.2802378901288,76.4866352826459,89.2608599285646,47.2972719225084,46.9263281547222,43.6409560816682,58.7244932451875,51.4768862307754,83.4626593705511,74.3451715776391,95.4497302964373,99.4755447968721,61.7281608830175,60.7211643736077,63.6477271734478,57.5218939935199,63.1048962058057,50.8634941701758,48.3517130766133,58.7630251684694,57.3282436581585,62.4399984082708,65.9399964543628,49.4895103609802,46.2682554116583,45.2820505304217,49.2737184019123,50.8105648480878,74.0523295378742,66.8170847223206,52.1225895982392,38.014865330846,44.2422555909064,38.5792529599503,38.6516256263698,44.9043263618407,38.1304191575473,42.6356732508598,42.651471571587,54.5672311218824,32.7902789674778,61.7219863109222,55.6094542122793,62.8081734476762,70.0646090834204,47.5158027109466,60.0071127098396,58.0540896061279,48.3833287169258,48.8258646645105,55.958047875622,47.7042343999716,40.7392722733996,55.5560837582777,39.886734160214,39.6526767248333,31.7169318916952,36.6183192577539,31.7956211893978,53.957935603634,68.6316949900247,50.0421208332342,41.2831883101462,37.8130358427393,48.2006566833382,52.4168718745346
18.4004589411558,16.7438740340997,16.478760190655,17.9859700963696,20.7408044252608,17.0684498329245,16.6626006011788,16.0804230382599,18.3219056031135,20.5840533591914,15.9862407531864,16.4412392894833,18.0445647838429,18.9354083389762,17.7753536819464,15.1333485207484,16.2430528588832,15.83065711223,16.3374734140746,15.8268216539967,17.5984581160259,17.3677950218177,16.9195098125694,17.1364779197209,21.0920207901549,20.1769702009573,19.6743079195245,22.5849395790244,17.4342410404941,16.0675747601769,16.4626377537157,18.8674402351845,16.464267255997,23.0094639733783,18.3886770214418,22.9246077131181,22.2950434317465,23.217825431587,21.8720508908133,22.1859579970376,20.6137678719146,20.2202308265082,17.3025376062768,20.073815898233,8.75457578054498,14.5879905737278,20.0639165643598,23.2140146038146,13.7018016920988,20.1018193614716,19.4420875391248,16.467909404333,14.7083214033938,18.4911734112325,18.6179643837923,20.7234392378541,6.59783425403158,9.02102729247205,8.63793713251634,8.2045320219558,5.65578803034315,8.91706137366726,9.88971802210666,7.20367663667273,9.15209889069546,4.73674426590218,12.7844556771855,13.0126122856734,14.6884346737771,11.3872635313551,17.2209640002691,16.7906080956394,15.1846100488078,16.8540057552588,15.3767779558245,18.4015125544214,17.6973355852444,17.4750036330635,19.5692273924276,15.8580961242425,16.389214164281,14.4626518700201,14.9721961092456,13.2538250373716,14.412217327355,14.5379422797469,20.4010839959986,17.3462172233621,14.7106864040603,16.8380960680462,18.7985299550037
24.4583187731421,26.4618711446488,17.1008061051367,20.2463873156239,13.5311555407056,30.9750936191286,26.7586499394172,31.941321200211,23.3658396554666,18.7855378793639,21.068238394393,24.6612443084572,23.2873994116636,19.3689112771396,19.6827750990926,17.8014236621238,21.9121683611488,22.8190734001875,24.418613455147,20.0322342649159,23.1950390640993,25.8280860006997,26.8757858564333,17.2704939649905,28.0804774916779,25.0688163674052,23.6517234840419,22.8305687785861,25.0934297564835,20.7391845806358,26.08400189836,29.7969604037594,22.4455896641883,16.5295643383797,22.1691726796735,26.5550319527774,26.1234606400653,24.4784342867508,23.0724884974316,27.7865824854858,27.0194874588242,19.7799567267222,16.5160925241295,13.6061196932827,13.5923048026716,17.4307292631608,29.0197812569504,15.4440705037761,13.5698296644695,14.8395719032016,10.3726332209535,22.4301593407755,14.4172112499033,14.3977008518075,15.4091225432198,18.3216896821061,15.7659888602294,18.1797233057988,20.1462660735158,22.5060098583925,19.3762036721389,21.406270915532,20.4358202921991,12.1849120456353,26.8044254775133,16.0365479283977,10.9339341699656,9.44359751432927,6.56782864698888,8.72537304388089,29.3638523099283,25.2578718924404,22.7536774113956,32.7066369246685,22.6332693855752,25.1152885465292,22.549323912294,18.8236879625355,26.1509375790943,25.5758086324585,30.2148366705379,22.6956005322143,26.131778978125,24.3189045947864,22.8613797355169,26.6367409103363,23.4923513871411,22.1004555010379,20.8042470196804,16.8843686984622,20.8389917501196
6.89570597212246,5.64952229023412,5.78393569605771,6.59260182103774,5.36678402443518,7.65594545903991,6.72078871831932,6.36893159661417,5.95101264668055,5.2754727948871,4.56244481672799,5.10139387299856,3.89598557832971,3.57206421046621,6.49430244757727,4.9347875611136,4.74964268864666,2.78401211284045,2.85036770203003,2.50826861034323,2.50922138841217,6.86135111973046,5.51309870297206,5.71215930657363,6.30789406808369,5.4427279925511,4.42119279090439,5.46641849683393,8.10204388986467,6.90755550437511,7.78233784721106,6.73126602415193,7.12756886272275,5.89787272167539,5.40843441807112,3.51312170149083,4.62596064964475,7.06953017948964,5.94391436286755,6.66517496949084,6.21573579783456,6.34858110722391,4.5493741119952,4.84389905370404,5.61614295355715,5.69443491693761,5.0415274219444,5.22641979823219,4.73546687375653,7.70001894185183,7.01902840869363,5.59042187673411,6.83841436677272,4.81997411193264,5.80595056567738,6.56527689353505,4.30405593915341,6.35394096252379,6.01475990515708,5.75822660256531,5.86623595705359,6.38834247665714,6.37337383646874,6.13382367083024,4.92141166763813,4.87017368184309,6.48706801423952,5.93167511597646,6.47286951725768,5.3642481098119,5.58802709396488,6.17959426280191,6.37032453234944,4.31626976659066,6.24873048404024,4.560719706376,5.4626025273693,6.03941843351275,6.08331787854492,6.72157881408249,6.20359001614728,6.3904740821019,6.17956207339145,6.23709413523368,6.32731492420464,5.55514867600085,5.53482323658257,6.26728128116812,5.56074056510872,4.11312270364486,5.40229598706902
1.1433294876058,0.859709913731279,1.05493166783442,0.879013576138366,0.605276393733291,1.95541464105348,1.17691231012043,0.993734007982353,0.541001149698232,2.94520260328053,0.495149049877456,0.184387730349346,0.444279057177949,0.45084305568991,0.503868293346512,0.657971674815147,0.471338587422951,0.163765418402379,0.59092988944525,0.883193172656068,0.440809162829166,0.61262063569022,0.266149592557272,0.79091436552558,0.394243379255231,0.427642913700444,0.331589459317829,0.359632795844338,0.339352623659253,0.675739125428,0.778233784721106,0.364748405249612,0.666907028091018,0.349216147993938,0.291223391742291,0.238177742473955,0.243471613139197,0.0372080535762613,0.194245567413972,0.438086617713013,0.316054362601757,0.317429055361196,0.745799034753311,1.17824571576585,0.536837194090022,1.21566588114399,1.90760497046545,2.00346092265567,0.698675440390308,1.19248080957882,1.18019061739096,1.12675169608594,0.305627457732859,0.876358929442298,0.681145038431424,0.570893642916092,16.7007679555174,5.96172238459022,9.35334910361432,11.2153694612056,18.6246415138742,4.79125685749286,0.586057364272987,3.20955889752745,1.68364083366567,32.9237083834187,1.70712316164198,1.260480962145,0.853565211066947,0.517602887788868,0.597462016335867,0.731794057437068,0.600974012485796,4.02851844881795,0.245048254276088,0.356925890064208,0.299320686431195,0.714724074971923,1.06274830408315,0.643983598954011,0.838322975155038,0.571779259977538,0.423741399318271,0.711842265434279,0.65909530460465,0.196991087801449,0.59465043037664,1.09171996510671,0.960491552155143,0.942590619585281,0.219011999475771
3.46571750930507,2.57912974119384,3.62132577699714,3.15329216332405,3.30884428574199,3.39015870565018,3.84045069618247,3.25222038976043,3.51326146614032,2.68013436898528,2.61014284863973,3.38044172307134,1.36701248362446,2.4276164537149,3.87390739534577,2.26634687991884,2.89655690378612,2.07436196643014,1.49470501447916,2.36695770271826,1.39024428276891,3.22422240563763,3.95422251799376,3.47123527091782,3.49890999089017,2.56585748220266,2.76324549431524,2.51742957091036,3.01175453497587,3.51234180972465,3.5319840998881,3.4816893228372,3.42290032167715,2.75492738972995,2.70421720903556,2.15610401374547,2.33037115433232,3.2095667014883,3.34102375952032,3.3654439810739,3.2918817722543,3.01557602593136,3.39338560812756,2.70560127324009,3.20615690378072,2.67318529022083,3.03172932806116,3.17940537725791,2.94996297053686,3.85000947092592,3.72691773912936,3.56313555585332,3.78213978944413,2.19089732360575,2.65970919768461,2.5119320288308,1.88141367400119,3.72607649036889,2.83515114472162,2.18586798089538,2.20970323045965,3.06108077006488,3.58960135617205,2.99558830435896,2.89240861168206,1.99310190061729,2.64717898265283,2.46757684824621,3.05860867298989,2.72917886288676,3.94289785957182,4.30945389379607,3.0449349965947,3.57633780660369,1.65407571636359,1.94326317923847,1.72109394697937,2.71595148489331,2.23543608789904,3.21991799477005,3.10179500807364,3.28436733745921,2.97395838754873,3.17854520141773,1.93334622684031,1.96991087801449,3.33919087826882,2.87081916750282,2.72981809559883,2.18509643631133,2.22662199467034
0.142916185950725,0.0409385673205371,1.07894045751617,0.202849286801161,0.412394982930282,3.48163233970624,0.318076037498338,0.090339455271123,0.449030954249532,4.87803226776309,0.110347502544119,0.263367141515649,0.0341753120906115,0.10404070515921,0.287204927207512,0.570242118173127,0.181284072085751,0.332989684084838,0.142865990918822,0.317949542156184,0.0678167942814101,0.997346394903678,0.190106851826623,0.604170695887596,0.305538618922804,0.155506514072889,0.276324549431524,0.107889838753301,0.169676311829627,0.150164250095111,1.09072458135527,0.298430513386046,0.125045067767066,0.0388017942215486,0.0869509841059126,0.0595444356184886,0.10921440932244,0.344174495580417,0.20590030145881,0.0625838025304304,0.140468605600781,0.234262642856562,0.236045394499423,0.308089435307662,0.165180675104622,1.67953838842261,0.412519574863153,0.304874488230211,0.199898806556116,0.27631483901955,0.31057647826078,0.216683018478066,0.114610296649822,0.0933322259856048,0.070060632524375,0.171268092874827,37.8269816913464,9.6128851265738,16.4102257800041,23.9865891691436,37.1895684285443,11.2161992129225,0.62927909488812,5.12816188293831,1.59384665587017,64.798327984002,2.30196074329856,0.927565696260819,0.320086954150105,1.50857714386465,0.678295112663661,4.01389040504232,0.16586882744608,5.48659548330339,0.367572381414132,0.0396584322293565,0.116360916850127,0.0714724074971923,0.366464932442465,0.362240774411631,0.260718445273217,0.134536296465303,0.189271158362161,0.0677945014699313,0.26363812184186,0.0393982175602898,0.188001020680615,0.323472582253839,0.101104373911068,0.13067733589705,0.0365019999126285
112.975244994048,126.704865857062,93.343264126315,94.7982333650761,99.6688461680819,98.466727094405,111.837640838023,99.0572127047864,108.092029709707,121.335874282403,111.939053061582,113.613573183589,118.725034202784,141.495359016526,103.320992818999,111.306874989562,122.185464585796,129.429269010681,149.783346683505,184.057457181525,170.084520057777,108.280697358246,104.026469319528,120.570501055677,106.889236200574,113.092112359508,126.888233098956,129.287990106039,100.660471992926,107.667767318195,95.722755520696,88.4680677459968,95.6594768418054,114.698103718898,122.230617848407,163.568564643988,167.473688180748,92.6852614584669,94.7141386710528,102.387100939784,110.092269639612,100.720239266107,93.8215185719665,108.485883310885,114.015960990965,103.139652652848,105.565496490579,123.866149218103,99.6388808601067,99.0440489555897,101.744854278232,95.0805085081755,97.1513281268326,134.959275134114,121.697913533081,98.1937065815678,93.1944088381961,106.879562486897,95.3882628130638,90.8896551973544,85.678612161989,98.1542203444717,114.94050056804,130.522061832783,124.848443357978,85.7283997420324,118.777835980023,114.481329738346,133.298433794955,143.281890301555,124.377533871331,129.324272039295,136.060516426784,123.321993331162,142.1892495437,116.437157025391,117.371124166832,100.668885959795,104.58909171908,92.4921443997698,104.664623448106,104.837409020587,107.877497909776,113.352406457725,98.9961147516185,116.736918631139,104.566991064692,113.660178589443,116.219477810772,123.30799105302,109.798015737187
6.81781665077932,7.62358000643042,10.4038088620912,13.0634940699948,13.9633228858312,6.72364352933085,7.47834858951789,6.32195507987319,10.0582933751895,7.48081461233254,8.83204433824274,9.80604681286212,9.31960760710975,9.32100677521362,7.78644469318144,7.62918156948162,5.75359387985755,9.49675661315398,9.61303887800494,8.89976096222066,10.2410141044357,8.8817739762368,6.34766778249094,6.79790897169236,7.02492421410415,6.00993800263197,5.80226288896314,6.88912583719413,6.87740510923434,5.5778510697829,7.03942390348884,6.29854177974216,6.14513144696617,6.80738677822849,7.98160110082265,7.38351001669259,6.85268246009781,9.2733631928116,9.52075224122843,8.82087404765152,10.0224350096157,11.4144314017332,6.72188670023159,6.99267012941924,7.17338376810598,5.4103529952387,8.29365325284326,5.87798013307847,8.34296106430516,7.09832719621863,6.62708089312852,8.65691995423571,7.515379185651,6.85750862288598,6.16338953346377,6.4710794424539,8.04446095980811,9.85723730062641,7.55978479533201,8.25458719438333,6.57754994933489,10.6565537938737,8.83847762494199,6.22226484933989,8.04823488769979,6.97268770353192,13.0022087204705,11.2998410959352,12.7828503400701,8.74513606323283,11.6824911088356,10.8923479926966,11.7238010355729,9.75970255222814,7.16276047249005,21.2204339172841,18.2828816780754,17.2895327356083,14.2375290903222,13.8335726850308,12.7747846569,10.9774891100864,10.4840684547995,11.4809988239329,17.2410543747182,15.7817440081253,20.2208591732537,17.634107821568,13.3766141903038,13.5621652147057,17.3158187185527
37.6741357784705,37.1804068405118,35.5108187870099,41.1922665885672,35.359843404303,35.2823086488118,32.0482513458769,35.5978106523097,37.501117694782,31.9172577063424,36.1101591738846,34.7789063856097,30.0732493803754,29.9252280249436,36.4235192187008,40.8121552896868,38.076906500891,32.7312482913556,30.3981287246983,28.1512524625086,27.8194662661487,39.3259564668623,41.6208534978099,35.4303271943276,34.9989559933831,32.1369761983032,30.4316226288938,31.2413009749976,32.0272522394012,31.2506820872936,34.3183139820822,36.7079479148616,38.9690449189284,34.4823784888058,32.0208439888984,32.8869872364475,31.4551411512235,42.0525421518905,38.7795735696602,40.7473750705253,42.1233742760482,41.4876601066529,35.8591362894913,37.3006410373339,40.5031274390289,38.8942701309798,35.6269073296553,34.2360984233031,41.2637715094516,28.1323258419781,29.9159686919914,40.5474598817636,36.1339522934338,29.7913836269262,31.9064553740289,39.5263922609385,18.3118250618437,28.3974094795461,28.839581391943,24.7889773467037,21.9057877511984,30.0385186871149,31.3335569808553,32.0435227976035,35.2070883458386,18.6691103049118,38.8552612410792,36.9576725397861,34.9812362625512,32.5440462956852,39.549876791965,35.3956589014686,39.4916049578083,32.7506217689566,33.4754293960207,29.6625243859472,25.1941963277717,24.2663117934467,30.1454053427172,26.6198670422627,32.2901051955342,29.7560653707134,28.1766843476684,33.4003170391911,29.3293016580372,27.8403564568031,33.1599951148414,31.5794151832588,32.1481577725022,27.8681201183205,27.3764999344714
11.4690239225457,11.3399831477888,12.4772952436968,12.1371489936028,14.5669852091812,10.4399256259635,12.2956365031003,11.1117529983481,10.20688835764,12.3957428247961,9.62003868333343,9.21938651746729,12.3714629768014,10.2653495757087,9.12561464616461,9.97923706802972,8.70163546011603,9.93510204974435,11.2971890629239,12.0114271481225,12.6817405306237,9.71003707568998,10.6079623319256,12.3470520395938,9.90536490378768,12.4016444973129,14.0372871111214,12.9827439299806,8.86558729309799,10.2111690064676,9.57826196579823,9.74873010394417,10.2953772461551,12.9986010642188,11.1912989112395,13.278409142923,15.16480333267,9.93455030486176,10.3727132999061,10.6705383314384,10.6404968742592,11.0782740321057,10.5157663900217,12.8537879844011,13.4510753254571,9.21346773077547,10.2584863724227,12.4332171650112,10.7762923619756,9.79469666107772,11.0546591672142,11.0972041083357,9.93900492547258,13.4082916204672,11.3952321381775,10.8127255968308,13.8657610494882,11.7273354802137,10.7841730458103,11.5917241411119,12.4427336667549,8.71742567127172,9.96297519264078,12.909559121166,11.7854858356597,14.9774519393668,13.0500081689965,12.9013933772488,15.2219129306939,16.9397308730902,8.58342048527699,7.09474338685238,8.33190370910308,7.57155931722223,9.25057159892232,15.1891795438435,13.2449403745804,14.5803711294272,12.643040169265,12.8796719790802,13.2874191562073,15.0344311299976,11.4763295648698,13.089423371307,15.2470713798542,16.4290567226408,14.866260759416,13.8688869641333,15.1656560866601,16.0240405329498,16.0608799615565
2.53676230062536,2.08786693334739,3.96508799289491,3.144163945418,2.5018090940976,3.24797686141087,3.1590804113759,3.47806902793823,2.5607387752383,2.03898641765575,1.0964014675858,1.07559509370452,1.12778529899018,1.42188963717587,1.62357561189432,1.57182122316952,1.70407027760606,1.47388876562141,1.35566268755087,1.27179816862474,1.08506870850256,1.50092055744104,1.25470522205571,1.14243186131473,3.64675125811089,2.52698085368444,2.37639112511111,2.48146629132593,2.24821113174255,1.351478250856,3.59184823717434,2.95114618792868,2.83435486938683,1.66847715152659,2.74582055071303,2.79858847406897,1.70430129197438,3.75801341120239,3.65181666738268,3.5046929417041,3.23077792881796,3.39649089236479,1.90178753862094,1.9201041293962,3.17972799576398,2.55929659188207,1.73728309810246,2.26478191256728,2.48417934360998,3.33894626682071,2.5467271217384,2.86021584391048,3.05627457732859,2.76053062774324,2.98406397789005,3.53954058607977,1.49482182317903,1.92187103187448,2.331713090986,2.18285714345613,2.18339723962084,1.92981178982351,2.71051530976257,2.0683824006288,1.55413000030678,1.16750738948293,1.40363459957229,1.66828362636838,1.06695651383368,1.64691827932822,2.31955841636278,2.23603739772438,2.28370124744603,1.43875658886355,2.75679286060599,1.42770356025683,1.30952800313648,2.21564463241296,1.50250622301411,1.89170182192741,1.59281365279457,1.47989926111833,1.48309489761395,1.2880955279287,1.27425092223566,2.00930909557478,1.05207383835867,1.57692883848746,1.76932654344368,1.19966078856309,1.67909199598091
18.8735115166527,20.5736770069359,22.1677520366076,22.2816418265289,21.6749476595892,18.5379936496077,19.370737769519,17.7598335117501,18.9938290310387,20.9743736162855,17.3988302569083,19.201523612813,21.2594363922067,19.8076162505609,17.8153832185845,19.0234232781833,18.4126606336055,17.7401618908018,20.25360055201,22.1271684704561,20.0388454582425,18.8230753418998,18.4323801394057,17.1764630348669,30.9811231545482,27.9281923949204,28.4166640144391,29.4431369957759,31.6794158001504,29.7497904075929,33.0928950918329,36.8926432437016,33.4249634310293,30.879631895335,29.6490374798659,30.7981684349509,33.2836129658989,34.0773679483547,31.6150200611633,35.2002597332406,33.1270624303462,37.5118611882539,21.0322785790781,18.4447820993611,21.7109349840638,18.3047290492886,21.2534445209429,20.0533372308337,18.713633517832,19.7447565362034,15.9574194530389,20.5640851856424,17.1162837360066,19.2203040405285,17.8735701632208,21.9782634649837,20.537047755176,17.2889949153116,18.1144960755975,22.219227592304,23.0761412836168,15.1057681479289,16.0601694961959,17.2289121619274,16.0895625309538,28.1152458064483,16.6725235180007,15.4623941085716,14.7965529338455,21.1784279760012,16.7099582521795,19.9328504678233,16.7158918326216,16.6172275280629,14.1037522748602,18.3138674191945,18.2619292300252,14.1947774909799,13.6691419801039,13.4085435097212,14.4233467875424,14.4327175440566,15.057297506942,14.2205746283328,17.2015086564419,17.9754367618822,17.7324758338314,15.9249595650843,12.9595586479206,15.3835073619134,15.4980191229038
279.188555707065,270.334144830108,268.971198343715,258.466504256304,232.466486953166,271.739664126468,264.779563534534,276.757631406743,294.774575101209,301.323678341631,280.714143491241,304.546760647452,333.489530442605,294.088740052384,299.577973004295,283.476129899526,268.779016637217,292.321271848247,282.292422275256,277.330075036656,294.875220466914,290.075870999319,291.777136824612,263.375362513758,268.03621747115,239.170573709244,227.747246290561,240.09085450568,254.472048666483,221.492268890289,244.367204326546,330.751201164673,249.602876586733,247.757604481374,265.468427043436,299.151244547287,289.562180772808,268.020028164811,282.410134042961,270.988803713802,261.869651505798,311.925787828399,273.708245754465,267.287222557993,324.82779759324,282.610326158578,270.316140408572,265.589232746832,318.867707933688,336.586566932494,284.425938791222,354.840544425718,317.69859621034,286.481734034687,320.689571189119,259.185713883906,218.244243912039,228.650487722198,218.438856874519,235.811046370127,200.87701806356,199.502611927272,245.851064312518,250.844858724534,221.074992543639,170.390364877157,292.638845975694,278.777608560051,276.982977947738,376.629035818772,302.831706289467,313.817684964263,331.256875682171,306.907334070151,309.312158959992,288.872813527277,319.038810800708,365.086775288258,315.672892805939,303.396773057208,279.423107494876,226.756891603375,208.163315532933,246.708258519168,289.969858054555,330.789798529246,253.687479490242,266.025873349196,274.402831535203,222.756014372365,269.177793015694
59.7389657274029,63.4547793468325,70.3894061124004,66.8050317865158,64.8856294082088,63.5675471447556,60.8897263604414,63.147279234515,63.6938686911385,65.862497776658,65.6426168980399,63.3371853750003,66.2317548316051,69.6725922216176,65.1109805735549,60.5333940829935,68.597892877248,70.0370106034176,71.6763195315357,84.1506454906701,78.4979393807322,66.2242907181127,64.6363296210518,71.5338103930914,58.2987397073673,59.9866378036168,59.8518974068681,62.0726205627327,59.1321946726249,64.5706275408978,67.407018584305,60.0840100283906,61.6055367199078,62.5096904909148,60.9904988991712,64.7843459529156,66.5720953640606,60.7235434364584,63.867942565714,61.3321264798218,62.5436466437478,59.4862049746881,70.4780087841879,75.5822807298684,76.9328994299778,78.0585460524032,72.2505382563788,79.9206694146339,67.6550718111282,67.3922011813404,70.5629758608492,70.5086542127628,70.9055701940233,79.4419369539443,77.2937441229564,75.8717651435486,127.781493091752,74.7960828119313,82.2988734159379,89.8734975616076,110.32732557795,78.25719533905,61.0964802254589,70.8242663387724,61.5608161232629,153.377113624072,70.2196660488734,73.1820417433596,72.9086951119684,67.4765946444761,79.3570136991993,81.2291403755146,73.0784399182728,75.2675232631191,80.1307791482807,61.7085205488787,64.5410230117263,56.4989381265305,63.9114842179659,63.9153721961856,63.2514684754476,66.4272963797434,65.4680461946728,66.2352279361229,60.5049489627069,65.952616195925,65.1370932966412,70.6787592224637,69.9642267464588,66.2812585681105,61.0678458538275
3.5300297929829,3.42287361367011,5.05785169295512,4.03872930021112,4.43102671972351,4.17630167659575,4.07428458937745,4.81915824143806,3.7015298662353,3.19926678389319,2.70068438918875,3.287018606361,1.65237633958107,2.62494699116687,3.33896722390956,2.77335060934584,2.49265599117907,2.76381437790416,2.4860768054779,2.37932240713545,2.50820413649795,2.64744007713528,2.90445248220714,2.70448773322775,2.06977774108996,1.92789200821864,2.47476266470873,2.40234707624018,2.96297259532485,3.97259523626616,3.57269171324274,2.13079386557637,2.83768940452728,2.97493356296613,2.10304892179612,2.94744956311519,2.75888119345731,2.57591354908457,2.35775269727079,3.03468858470057,2.42589281872549,3.53012852467186,6.1259932714637,9.9474485521787,6.81370284806567,9.28576785949613,6.41261849446644,6.96246224121165,4.05387016635354,7.18180085288915,9.34586738382339,7.97350171395588,6.46287462808347,5.5048486152918,5.46927030382413,6.98830908293588,4.95688071124177,3.78961589999413,3.6761576618568,5.02471133142807,4.72481901455783,5.20317185676898,5.33458715829487,4.61177951809167,3.83611088409056,6.34156656613143,3.50111992417641,3.0618565489281,3.80974605872881,4.3657450844592,3.73202891262975,3.82159118883802,4.77093236045391,5.53345784076923,5.95222209636617,4.05983370731922,3.64310690472568,2.68664779781946,3.84971411530809,3.58296374868038,2.78826221536565,4.91292920617171,3.62016402150909,4.42664197347917,4.02355713617652,3.0186914294694,3.95122339814878,3.88167098704606,4.66950550908266,4.30592533037822,3.78854257093171
24.424018888514,28.4576263015249,26.6985016651861,29.3918474110543,29.0104940340408,25.4028247445468,28.9771296439942,24.941368508528,29.9573976633899,28.4305909321511,24.9024604299083,27.4940544723909,27.1693731120361,23.6789708895351,24.1417295683796,22.6280114367122,22.8816755786634,23.7765552131135,23.1248246030793,24.6598132123646,21.6169422611709,25.0604723441798,25.752254362138,25.0280457001873,32.1623748796417,29.9509433767235,32.3194719506099,32.0253004699383,30.4373851975576,33.4460834236841,34.3596202368097,26.7758488399147,28.9600208779599,32.5620776927814,37.5395272624149,34.4690828908307,32.272857954781,31.8199553378829,33.5007560296181,34.2683869135625,33.3809594349696,36.2764273047882,30.3991415560623,32.2695318310137,34.3906165567823,34.1512537220744,29.4013022510434,29.1102872061869,35.9584959987545,29.4801698656049,37.66982104825,30.0392002176513,31.1759108603625,25.9375952347037,34.70271793418,31.2141808200802,23.7769451929663,26.7814689384598,24.4488066611784,23.8495960656578,21.7108603590828,30.5196407298882,29.8530295643606,27.7826550523082,26.181478369057,21.3156827700997,24.5916781845066,26.7967130661184,27.8970006628668,26.6579603653661,23.8626329324545,25.2696619078102,25.909992924971,26.0016201472533,24.5660874911778,31.4459640833013,32.3157837596859,31.4821660543633,26.3920715046414,27.9299711763848,27.4785504796318,26.8554628189215,27.7656551903297,27.0194985608411,26.6401928152502,26.4685105213539,30.954299441552,29.9414308948709,29.9466100305887,30.1509032188434,32.8222333014364
2.85832371901449,0.491262807846445,0.36376954063256,0.270465715734882,0.726331672479949,0.596567178626486,0.898169920881383,0.677545914533422,0.649201379637878,0.517837820357016,0.459781260600495,0.430238037481807,0.717681553902841,0.62424423095526,0.391897561491732,0.109661945802524,0.362568144171501,0.600473200808724,0.312845235588662,0.847865445749825,0.542534354251281,0.61262063569022,0.114064111095974,0.39545718276279,1.62625393942783,1.94383142591111,2.15533148556589,1.40256790379292,1.69676311829627,1.27639612580844,2.09524480501836,2.08901359370232,1.4588591239491,1.39686459197575,2.24658045058339,2.20314411788408,1.94777290511358,1.74877851808428,2.0978521280709,2.0652654835042,1.29933460180722,2.06328885984777,2.42384686294826,2.26921397110459,2.47771012656933,2.23938451789681,2.24824871519142,1.91635392601847,2.83351706380514,2.24867809806292,1.80134357391252,2.34017659956312,2.63603682294591,1.66508196594037,2.40022537352026,1.94103838591471,0.128863950274054,0.352996720140211,0.52993479340591,0.413990147896852,0.368283871743275,0.532361873054762,0.293028682136494,0.285294124224662,0.474873055649293,0.266858831881813,1.25189031853745,1.260480962145,0.995826079578105,1.69397308730902,0.773186138787593,0.528517930371216,1.36220776163447,0.0411073311103873,0.122524127138044,0.436242754522921,0.336735772235094,0.536043056228942,0.659636878396437,0.482987699215508,0.377245338819767,0.269072592930606,0.564988532424361,0.203383504409794,0.878793739472867,0.157592870241159,0.457423407982031,0.242604436690379,0.252760934777669,0.257070168977804,0.365019999126285
1.0107747251365,0.139600514563031,1.04329104253418,0.503404313411549,1.11612967004419,3.66590531265976,1.12921639018397,0.570493660037142,0.879307201976193,5.94348358314765,0.675524775189958,0.807310946046219,1.12129198969296,1.01474367765283,0.653629147202281,1.00157910499639,0.0406076321472081,0.990780781334395,1.30178378586615,1.00083450325386,0.827364890233203,1.33581929612252,0.586669744736958,0.704792579057239,0.983144427017732,0.674509504791155,1.0439541477523,0.526142780320266,1.26069499689413,2.01895834252877,1.76479476719832,0.799793775874603,1.40133839277625,0.987505662938412,1.09666408661811,0.126234203511196,0.37633755059516,2.19899596635704,0.972781801609172,0.588600662798698,1.05421688503386,1.09481281194076,0.558230577512853,1.50379064315893,1.13892075484637,0.735797770166096,1.77611648500122,1.32838169871735,0.426968324682966,1.07732123425378,0.783273878173687,0.0433366036956133,0.373247532756254,0.398305133431525,0.879974518697359,0.606289048776889,34.2966249096385,11.8853995671209,18.1926614576249,21.7589458187787,26.2862613456762,10.4409472352865,1.3999445289071,5.19092659026773,2.88679647556984,52.4661142156637,1.81789648679741,0.357383425737582,1.51792346701405,1.5410449613714,2.14770022460499,6.48735431917961,1.66349606656068,5.86642722276337,3.1255904832915,0.849087034030522,1.31514026600706,0.738667331483483,0.680158914613215,0.980867519156828,1.09359232108975,1.41700354252081,1.48062307278459,1.32267072367836,0.249138025140558,0.520450453971428,1.22269276953597,0.924322903790344,0.779514722854332,0.609684750759025,0.576001558621278
89.8671268876751,95.9100567472079,99.3785645749498,89.0383278663571,83.4187890667263,92.1732747861059,84.6686201588931,100.256468973511,92.7889105219094,90.3720854627933,99.8531721098588,108.81119474664,113.086107707833,101.645341324094,87.1694946757763,87.8673651539114,90.1808493634891,104.527645373143,103.413425864553,106.017095336558,107.5920222954,87.0950505348072,88.5072865775135,93.8762624254495,105.943544894586,112.779933032507,98.2383511647966,112.350364320159,92.8048829459938,82.9740072113041,87.8931250050288,124.616624242989,108.135223252926,116.224566303573,99.1257860144075,112.324027906361,122.959773150508,107.672293358449,105.868107643098,104.000824288031,108.504974396323,106.958355062066,91.8928822680945,83.8736394704429,86.0302251113649,81.0753169100843,116.766203460914,99.2087716800098,84.1834038126282,87.3284360646819,79.3970132084988,89.5550915369848,89.7944931848805,103.951505313122,99.2129914596796,89.2871948584338,70.3360058827832,84.0124349562142,79.3137507246824,82.3433931260437,78.6704331426229,70.354283333552,81.5711268180411,75.6792590977656,85.4266407918627,72.5856022718531,76.5929258523368,78.9416982809727,71.9324299018106,76.331838958384,96.1446420135025,86.3147025224481,89.3748518901793,93.6856629671281,82.3662318479143,93.3563460522275,86.1673167572382,88.8048236772989,85.8627336712696,76.1321435580925,77.7770906659589,60.0159691716894,65.5291355797412,72.189619000227,89.2415042434696,106.533568247375,82.5393094299096,79.1715318695383,74.7666845072345,84.7277569933944,81.3395965253049
145.846325053179,140.856100422752,146.674788939373,134.632423978509,125.269212999829,141.040412370874,124.273887390806,158.709710112138,152.37333447994,135.902004871771,120.938740720998,123.269958621984,123.606635781807,112.047331025912,119.931011109167,126.118914009109,124.28654698127,117.769171220431,104.766655311383,102.704061107291,109.060255891593,117.58089122866,124.0789400502,110.457782098693,134.991397078111,133.734047037544,124.255965441071,141.571607880899,139.617728998229,106.470958244937,136.72130858255,151.896157471608,126.816539560433,111.801161762317,124.956468795115,144.96569206806,141.700478847013,137.435759575172,134.103254831258,129.477125703106,144.858600697319,131.70607650519,117.160926465054,115.938505656755,117.362521468585,124.475228691072,150.551250062836,119.45026002358,130.994270165756,143.836694542595,138.814020417525,129.016536130136,133.516793219499,121.558432564547,136.434972971715,104.577439296655,160.442834472413,129.996533251724,147.127386497663,155.350179352974,148.976876498048,132.672564193342,144.411860273917,145.313135703211,133.624529129154,167.852537385961,130.347958048227,130.636246916708,112.104053951991,123.48452093979,144.094483306905,121.139155506862,118.19075449019,139.377283642946,117.547197093697,122.861426462224,127.273026624834,129.69311592033,120.142962846735,118.293347291862,107.366119235544,100.965790749057,105.214636332894,117.302114113363,115.602240649567,110.916619950957,104.719770482958,113.402209205095,125.526135429286,106.179405694029,102.841829613837
46.1965852371771,43.8554402421253,50.3780799126626,55.0969090344974,45.7806853164112,44.3872494994934,44.2079235057817,49.0705853141686,54.5758353141245,46.2781950593933,40.7267167082063,31.7374307734972,36.7435867942209,35.030505427106,40.7467091756139,42.6128044397643,39.7022994912119,32.9490562978307,31.9105616358608,29.8805446945692,30.0316500956082,39.0652863863761,44.2789275000497,32.1260627339096,46.7035491192469,47.273591511873,52.4253988163465,48.242222132947,54.8228405429319,54.3549536069274,62.4424856791572,53.6783648532888,52.6227158684143,48.1386699650799,55.1339964912338,54.9225965257816,49.8407261091349,58.0166575387854,79.9001947177936,57.0520202247657,59.9790410769915,62.46273722681,52.2846142308982,45.6177466287344,47.1979002010192,58.5119183319039,42.6278175712635,40.2146871374976,60.7506058479822,55.4425213429523,64.736561128677,59.886852646968,63.3057614231736,54.8088019857155,52.6307797004753,54.0156729181489,38.1816152825006,34.8854891957232,40.468735465839,37.378417744247,33.2391977842809,54.58572465367,50.1547892344823,51.7516408990432,43.9771302781253,29.2160384879607,53.148055071751,38.0431690860098,38.8347275383472,59.9346500213124,49.3064315187297,41.6012725085349,44.6732028934608,51.977342675907,53.2502108954653,45.4089049026132,50.5982912869033,45.985704345731,47.1101664602762,57.9553039878662,51.3703361100628,39.5543438422814,41.2205039721831,46.4524534346896,54.438196382256,53.056791624091,45.3567328652742,56.5814197471136,54.7394246010607,43.8206094542381,43.8224759951062
9.71079754488686,10.5134334735871,10.3397854229399,11.7483545272339,12.0167540035849,12.5845846331257,11.3764060461431,12.7622548461515,9.3917799587613,10.8276651750275,11.1847096809462,9.13241697131918,9.34592259741953,10.3725115020227,13.3639867736977,11.5982129278943,11.109450505559,8.29526432680852,11.3044887850876,11.5405085484623,9.14509470884816,13.4056710604912,10.5159506156415,13.6797427455044,11.0609908092296,11.147484461315,8.20628646901741,11.020227763058,13.2288136517968,13.6649467586551,13.0264362734856,11.7376036809325,12.7604323487365,10.9572386702231,11.6497677365252,10.7995742881253,11.8706324068967,13.7111677428523,10.9740975766198,11.1630728573529,10.4810650069023,10.9468584031862,12.6200383665782,13.5066233883958,11.6832291501499,10.6639490742246,13.6642425321929,12.0712875939836,11.4582772224011,11.9019806060049,12.7938874454746,11.6194101828678,12.6801011870142,12.7545278591032,10.1328433336179,12.0064642041683,12.2977445025535,14.9454889121586,10.1318233151276,13.9759310383178,12.4135340169239,15.4105453202527,10.4457399464607,7.23862516689025,11.2454256605531,12.5416979513655,8.80003021791311,12.0479736199377,11.9488459984234,9.42884242319394,12.7069627427292,14.798502050394,13.6032470972868,11.6198092849732,12.8000955621115,10.9679360173508,9.96550810386859,10.2062597905991,10.6736576223192,11.0088996241188,11.5780786098662,9.1366962336999,12.7185981005379,10.265443412577,7.30233657814979,14.283823776483,14.026888805769,14.8376873479836,12.8817082800091,12.5694459121697,12.0230287312216
39.4927442446935,46.9794623143555,64.1274772399515,61.4187070576556,64.7665917174412,60.3991125738282,57.3236820607764,70.9882922547721,86.4108676344004,80.7988824075806,33.6513904633502,44.0237998724419,37.0094707222859,42.6598103364309,32.4605950915305,43.2031512480012,41.5872912727595,69.8339414845986,53.0707181594433,44.3585537352855,60.2562389709471,54.6050214312942,51.3946269639202,34.9821423871964,23.456002653014,21.0310897295026,18.7674107482903,30.263099770301,24.9309646879066,10.7465045580566,25.1782575012192,16.5164709686211,15.0454225537334,28.3978691369248,36.6899870253609,78.9118587477582,62.7047226976395,42.7714017469839,57.7484302099042,55.6451363438816,62.3224085899265,54.0181720670361,7.72498640197479,9.69041643122089,20.6574952285841,15.9770487989718,6.43033196919219,6.22161723481223,59.2795058929381,24.0387095770954,26.6300695519923,35.6027534000941,37.9207268182045,11.6599555562298,20.1116181466383,7.4004942931213,20.1427240673374,11.0754682036881,9.09474092443223,8.46572216981072,5.05916815811904,15.3865890359653,21.1727874277723,21.0511401912273,16.1452521892981,8.76030830360022,124.296396120558,63.4177630430728,54.4058909012359,89.3721378941048,1.24026085626428,2.15472694689803,1.87744281500563,1.70225458128114,1.71533777993262,18.6398597321198,16.3661068323416,10.1758840174128,7.03612670289533,4.94297661172138,6.35197318274972,4.84936080609185,4.85466396485632,5.32695295299985,10.2115832526747,9.73845141655242,11.7466331169785,9.90473046861254,10.4268940814484,10.5818650556897,6.94815568336884
